**** 6 ****
50
4;6;1;2;108;
14;11;1;2;143;
7;2;1;2;137;
5;16;1;2;333;
10;20;1;2;82;
5;14;1;2;251;
13;15;1;2;68;
8;5;1;2;111;
9;4;1;2;185;
14;3;1;2;270;
1;12;1;2;103;
15;9;1;2;13;
13;4;1;2;141;
16;9;1;2;155;
18;1;1;2;168;
12;12;1;2;184;
14;12;1;2;70;
4;14;1;2;115;
14;6;1;2;111;
7;9;1;2;109;
15;15;1;2;204;
12;10;1;2;232;
3;14;1;2;9;
18;7;1;2;254;
5;17;1;2;17;
8;16;1;2;257;
20;8;1;2;146;
4;11;1;2;45;
9;2;1;2;128;
10;2;1;2;146;
10;4;1;2;261;
20;4;1;2;239;
13;8;1;2;235;
18;20;1;2;12;
10;17;1;2;77;
4;9;1;2;168;
2;6;1;2;266;
14;11;1;2;117;
19;16;1;2;80;
15;17;1;2;184;
10;9;1;2;284;
8;7;1;2;306;
6;14;1;2;136;
7;3;1;2;58;
12;5;1;2;238;
8;11;1;2;63;
4;2;1;2;242;
5;1;1;2;122;
18;11;1;2;74;
19;3;1;2;250;
1;1;3;78
2;1;8;124
3;1;6;336
4;1;19;466
5;1;10;306
6;1;19;317
7;1;14;501
8;1;11;411
9;1;9;261
10;1;16;597
11;1;1;89
12;1;15;61
13;1;19;659
*** EOF ***