**** 10 ****
50
13;18;1;2;111;
2;18;1;2;283;
20;12;1;2;147;
5;15;1;2;233;
8;14;1;2;165;
4;20;1;2;129;
3;17;1;2;116;
2;10;1;2;95;
15;16;1;2;85;
6;20;1;2;89;
15;8;1;2;63;
20;12;1;2;39;
15;19;1;2;54;
19;1;1;2;2;
16;18;1;2;269;
14;14;1;2;5;
14;16;1;2;147;
13;2;1;2;81;
18;2;1;2;338;
1;6;1;2;85;
14;10;1;2;338;
15;11;1;2;132;
7;15;1;2;309;
3;2;1;2;176;
16;14;1;2;81;
15;10;1;2;247;
7;16;1;2;278;
2;12;1;2;48;
18;9;1;2;248;
15;18;1;2;20;
13;13;1;2;329;
14;10;1;2;154;
9;14;1;2;314;
3;11;1;2;126;
11;5;1;2;325;
18;9;1;2;85;
17;9;1;2;213;
6;6;1;2;63;
4;13;1;2;152;
16;17;1;2;37;
13;7;1;2;193;
11;5;1;2;295;
10;2;1;2;234;
11;1;1;2;154;
15;4;1;2;1;
1;11;1;2;179;
4;19;1;2;122;
15;9;1;2;129;
20;20;1;2;117;
15;6;1;2;222;
1;1;14;587
2;1;1;620
3;1;11;139
4;1;13;379
5;1;2;229
6;1;1;498
7;1;2;104
8;1;19;425
9;1;10;529
10;1;20;323
11;1;12;356
12;1;6;98
13;1;13;32
*** EOF ***