**** 7 ****
50
14;16;1;2;30;
3;16;1;2;103;
14;2;1;2;194;
14;6;1;2;122;
20;15;1;2;363;
2;4;1;2;154;
1;1;1;2;15;
14;2;1;2;103;
17;4;1;2;59;
3;12;1;2;183;
5;17;1;2;134;
9;14;1;2;131;
12;4;1;2;184;
11;5;1;2;378;
10;17;1;2;135;
19;18;1;2;235;
17;14;1;2;372;
8;14;1;2;94;
20;10;1;2;233;
18;14;1;2;203;
2;17;1;2;108;
16;18;1;2;229;
13;13;1;2;119;
10;2;1;2;242;
13;18;1;2;146;
17;16;1;2;32;
11;5;1;2;168;
14;16;1;2;42;
4;17;1;2;53;
13;14;1;2;311;
17;4;1;2;178;
19;20;1;2;142;
8;6;1;2;87;
15;15;1;2;10;
16;15;1;2;251;
20;16;1;2;119;
19;11;1;2;342;
19;9;1;2;330;
15;19;1;2;187;
1;18;1;2;207;
13;9;1;2;346;
12;17;1;2;197;
18;6;1;2;266;
4;4;1;2;271;
1;1;1;2;254;
16;2;1;2;197;
7;9;1;2;62;
16;14;1;2;269;
2;14;1;2;262;
19;19;1;2;308;
1;1;18;97
2;1;9;762
3;1;20;210
4;1;18;230
5;1;18;728
6;1;16;382
7;1;3;186
8;1;15;136
9;1;10;333
10;1;17;359
11;1;12;272
12;1;16;65
13;1;18;464
*** EOF ***