**** 19 ****
50
13;8;1;2;278;
1;4;1;2;31;
17;4;1;2;339;
1;14;1;2;22;
19;16;1;2;283;
12;6;1;2;322;
6;16;1;2;3;
11;8;1;2;162;
18;6;1;2;164;
18;2;1;2;52;
9;2;1;2;124;
4;20;1;2;209;
8;10;1;2;48;
20;4;1;2;10;
2;6;1;2;41;
19;1;1;2;88;
15;15;1;2;145;
12;20;1;2;227;
8;3;1;2;286;
12;5;1;2;246;
5;17;1;2;10;
13;20;1;2;149;
20;15;1;2;210;
12;3;1;2;39;
17;18;1;2;43;
12;8;1;2;111;
7;20;1;2;204;
10;5;1;2;83;
1;1;1;2;216;
6;19;1;2;257;
3;12;1;2;81;
8;20;1;2;337;
14;4;1;2;116;
4;20;1;2;226;
19;13;1;2;297;
6;18;1;2;121;
7;2;1;2;59;
9;4;1;2;317;
10;12;1;2;8;
14;20;1;2;271;
8;11;1;2;276;
19;7;1;2;252;
6;17;1;2;11;
8;11;1;2;175;
3;4;1;2;138;
18;19;1;2;55;
13;8;1;2;292;
9;1;1;2;143;
20;11;1;2;254;
19;9;1;2;283;
1;1;4;669
2;1;17;454
3;1;10;234
4;1;15;561
5;1;15;489
6;1;15;682
7;1;16;324
8;1;2;305
9;1;7;419
10;1;18;26
11;1;4;602
12;1;8;645
13;1;7;200
*** EOF ***