**** 15 ****
50
15;12;1;2;66;
2;18;1;2;166;
20;19;1;2;135;
16;3;1;2;286;
9;16;1;2;194;
2;20;1;2;113;
15;17;1;2;122;
11;16;1;2;44;
20;12;1;2;349;
4;7;1;2;62;
17;4;1;2;81;
15;1;1;2;42;
20;11;1;2;313;
16;17;1;2;307;
7;16;1;2;19;
6;2;1;2;205;
18;19;1;2;349;
8;2;1;2;120;
4;20;1;2;274;
12;17;1;2;224;
11;7;1;2;201;
14;7;1;2;162;
19;16;1;2;234;
5;16;1;2;330;
2;10;1;2;161;
16;8;1;2;8;
20;10;1;2;86;
2;11;1;2;22;
6;18;1;2;158;
5;3;1;2;174;
20;13;1;2;200;
12;17;1;2;137;
4;17;1;2;122;
19;2;1;2;11;
14;2;1;2;24;
14;17;1;2;213;
1;20;1;2;242;
10;9;1;2;138;
20;2;1;2;134;
14;1;1;2;115;
9;12;1;2;86;
15;2;1;2;302;
14;14;1;2;299;
7;1;1;2;49;
9;20;1;2;29;
8;17;1;2;66;
6;13;1;2;226;
12;3;1;2;324;
2;18;1;2;18;
19;2;1;2;66;
1;1;7;152
2;1;17;607
3;1;19;635
4;1;5;164
5;1;2;76
6;1;4;333
7;1;15;47
8;1;14;501
9;1;18;589
10;1;7;202
11;1;2;9
12;1;12;396
13;1;15;701
*** EOF ***