**** 5 ****
50
9;10;1;2;33;
5;18;1;2;69;
1;5;1;2;278;
2;7;1;2;140;
15;13;1;2;188;
8;20;1;2;163;
19;12;1;2;66;
18;6;1;2;4;
7;3;1;2;196;
1;6;1;2;50;
6;3;1;2;100;
9;12;1;2;75;
6;6;1;2;191;
10;4;1;2;136;
3;20;1;2;162;
1;12;1;2;57;
2;15;1;2;52;
3;12;1;2;6;
19;3;1;2;21;
10;14;1;2;147;
3;17;1;2;119;
14;7;1;2;243;
13;7;1;2;76;
7;9;1;2;21;
18;2;1;2;110;
11;19;1;2;215;
15;17;1;2;238;
9;8;1;2;35;
14;7;1;2;61;
6;5;1;2;279;
14;7;1;2;53;
6;15;1;2;45;
6;11;1;2;74;
2;16;1;2;144;
3;4;1;2;265;
1;8;1;2;91;
8;16;1;2;127;
12;10;1;2;188;
8;12;1;2;153;
4;15;1;2;113;
8;2;1;2;22;
7;20;1;2;38;
8;10;1;2;207;
5;3;1;2;5;
3;18;1;2;216;
7;7;1;2;256;
19;10;1;2;64;
12;14;1;2;6;
2;8;1;2;16;
17;2;1;2;205;
1;1;15;339
2;1;9;90
3;1;15;243
4;1;15;433
5;1;10;175
6;1;18;304
7;1;15;543
8;1;19;39
9;1;1;570
10;1;13;280
11;1;15;103
12;1;6;323
13;1;9;126
*** EOF ***