**** 16 ****
50
6;6;1;2;118;
11;11;1;2;262;
14;7;1;2;193;
9;13;1;2;265;
14;9;1;2;286;
14;14;1;2;220;
10;12;1;2;76;
8;4;1;2;179;
8;2;1;2;299;
13;8;1;2;52;
3;8;1;2;266;
4;15;1;2;66;
4;4;1;2;258;
13;2;1;2;209;
10;8;1;2;79;
14;11;1;2;196;
17;3;1;2;298;
6;10;1;2;286;
1;4;1;2;237;
20;5;1;2;243;
15;12;1;2;39;
17;18;1;2;229;
17;18;1;2;232;
4;15;1;2;24;
16;17;1;2;264;
5;14;1;2;209;
8;9;1;2;117;
6;11;1;2;150;
6;5;1;2;212;
18;3;1;2;289;
4;13;1;2;268;
5;10;1;2;289;
11;20;1;2;98;
2;13;1;2;40;
10;12;1;2;75;
19;20;1;2;103;
2;17;1;2;25;
2;19;1;2;75;
20;14;1;2;264;
8;18;1;2;242;
11;9;1;2;40;
12;14;1;2;218;
10;17;1;2;122;
18;9;1;2;126;
1;5;1;2;59;
11;16;1;2;55;
11;18;1;2;45;
10;5;1;2;208;
8;5;1;2;255;
15;8;1;2;224;
1;1;1;455
2;1;1;583
3;1;11;41
4;1;20;211
5;1;8;496
6;1;11;152
7;1;5;261
8;1;14;273
9;1;3;605
10;1;11;323
11;1;6;240
12;1;2;422
13;1;15;380
*** EOF ***