**** 17 ****
50
18;9;1;2;136;
11;15;1;2;113;
18;15;1;2;234;
14;12;1;2;301;
16;3;1;2;50;
8;15;1;2;229;
2;15;1;2;225;
16;13;1;2;6;
5;20;1;2;179;
4;8;1;2;241;
7;19;1;2;90;
14;4;1;2;95;
8;6;1;2;172;
2;7;1;2;133;
1;7;1;2;80;
8;15;1;2;278;
18;18;1;2;74;
9;3;1;2;284;
4;13;1;2;85;
10;12;1;2;24;
3;19;1;2;270;
5;5;1;2;37;
10;7;1;2;224;
14;15;1;2;221;
8;11;1;2;43;
8;2;1;2;232;
5;4;1;2;65;
13;4;1;2;121;
4;4;1;2;99;
20;10;1;2;153;
1;7;1;2;305;
17;12;1;2;18;
16;7;1;2;307;
8;9;1;2;79;
16;1;1;2;37;
5;3;1;2;165;
2;15;1;2;201;
13;17;1;2;128;
18;19;1;2;102;
13;11;1;2;267;
4;20;1;2;210;
4;4;1;2;114;
4;4;1;2;149;
8;7;1;2;310;
18;15;1;2;203;
1;19;1;2;255;
13;18;1;2;157;
8;18;1;2;179;
20;5;1;2;283;
6;1;1;2;120;
1;1;15;341
2;1;13;148
3;1;19;47
4;1;11;511
5;1;3;470
6;1;12;88
7;1;15;530
8;1;11;368
9;1;18;190
10;1;11;255
11;1;9;310
12;1;15;219
13;1;1;624
*** EOF ***