**** 18 ****
50
10;15;1;2;73;
4;10;1;2;285;
10;13;1;2;38;
16;14;1;2;270;
6;5;1;2;260;
17;8;1;2;245;
12;3;1;2;262;
17;20;1;2;172;
2;12;1;2;224;
7;3;1;2;2;
2;12;1;2;318;
10;6;1;2;190;
3;10;1;2;84;
8;13;1;2;74;
15;16;1;2;139;
10;9;1;2;150;
13;10;1;2;72;
18;13;1;2;71;
7;17;1;2;127;
7;17;1;2;119;
5;16;1;2;277;
4;20;1;2;6;
1;11;1;2;76;
10;4;1;2;54;
9;5;1;2;168;
1;17;1;2;293;
7;19;1;2;100;
12;20;1;2;163;
1;11;1;2;48;
17;10;1;2;211;
8;8;1;2;281;
15;1;1;2;250;
11;9;1;2;130;
18;16;1;2;40;
9;16;1;2;187;
4;12;1;2;104;
16;12;1;2;57;
10;16;1;2;131;
16;13;1;2;155;
16;10;1;2;235;
6;18;1;2;69;
17;14;1;2;102;
17;2;1;2;128;
17;17;1;2;103;
15;8;1;2;28;
11;16;1;2;28;
12;9;1;2;277;
17;19;1;2;108;
6;11;1;2;13;
13;14;1;2;25;
1;1;7;553
2;1;5;23
3;1;18;303
4;1;15;638
5;1;11;193
6;1;13;610
7;1;7;519
8;1;17;260
9;1;6;574
10;1;14;463
11;1;8;241
12;1;5;453
13;1;5;187
*** EOF ***