**** 11 ****
50
6;5;1;2;191;
4;15;1;2;61;
19;11;1;2;153;
13;14;1;2;75;
8;9;1;2;228;
15;15;1;2;176;
7;13;1;2;223;
13;20;1;2;231;
7;12;1;2;103;
15;6;1;2;227;
10;19;1;2;38;
14;13;1;2;2;
4;5;1;2;121;
13;1;1;2;47;
10;19;1;2;283;
6;3;1;2;114;
12;13;1;2;263;
6;4;1;2;157;
14;9;1;2;122;
2;1;1;2;97;
4;10;1;2;38;
7;13;1;2;245;
6;1;1;2;198;
16;20;1;2;44;
8;5;1;2;88;
17;16;1;2;284;
8;11;1;2;283;
4;2;1;2;275;
12;18;1;2;168;
1;10;1;2;240;
4;13;1;2;102;
16;1;1;2;250;
9;4;1;2;79;
3;3;1;2;120;
19;12;1;2;223;
12;19;1;2;144;
6;9;1;2;116;
2;9;1;2;111;
2;5;1;2;40;
16;7;1;2;257;
10;13;1;2;68;
17;2;1;2;9;
14;6;1;2;263;
17;7;1;2;149;
15;2;1;2;147;
2;3;1;2;250;
13;17;1;2;10;
2;13;1;2;224;
17;18;1;2;253;
10;8;1;2;252;
1;1;8;252
2;1;10;155
3;1;9;407
4;1;16;99
5;1;3;57
6;1;15;78
7;1;1;488
8;1;1;211
9;1;15;556
10;1;10;66
11;1;18;597
12;1;3;284
13;1;2;18
*** EOF ***