**** 2 ****
50
14;8;1;2;198;
6;14;1;2;30;
3;4;1;2;258;
19;4;1;2;88;
8;14;1;2;271;
13;17;1;2;282;
7;8;1;2;202;
15;4;1;2;331;
8;16;1;2;303;
20;18;1;2;275;
5;20;1;2;220;
2;14;1;2;337;
11;14;1;2;145;
9;19;1;2;85;
15;17;1;2;308;
12;12;1;2;16;
10;6;1;2;265;
9;19;1;2;5;
8;7;1;2;128;
6;8;1;2;224;
11;5;1;2;180;
1;1;1;2;212;
7;16;1;2;214;
15;17;1;2;258;
8;15;1;2;261;
7;17;1;2;342;
18;4;1;2;247;
15;8;1;2;243;
13;14;1;2;32;
11;7;1;2;153;
19;13;1;2;312;
5;9;1;2;76;
12;8;1;2;325;
13;3;1;2;169;
15;19;1;2;296;
19;13;1;2;117;
5;19;1;2;282;
19;20;1;2;72;
2;8;1;2;287;
19;17;1;2;318;
20;3;1;2;317;
5;1;1;2;245;
10;5;1;2;65;
13;15;1;2;37;
5;14;1;2;171;
13;11;1;2;265;
10;19;1;2;344;
15;20;1;2;310;
12;13;1;2;16;
3;9;1;2;46;
1;1;19;432
2;1;17;384
3;1;9;127
4;1;16;643
5;1;5;214
6;1;18;663
7;1;11;297
8;1;16;483
9;1;14;106
10;1;5;44
11;1;3;627
12;1;8;325
13;1;15;273
*** EOF ***