**** 1 ****
50
20;12;1;2;331;
1;16;1;2;314;
15;10;1;2;224;
2;4;1;2;45;
19;10;1;2;115;
19;14;1;2;275;
8;9;1;2;135;
3;19;1;2;105;
1;5;1;2;204;
8;17;1;2;171;
15;15;1;2;330;
13;12;1;2;229;
14;18;1;2;132;
15;3;1;2;190;
17;1;1;2;85;
20;4;1;2;49;
4;15;1;2;253;
8;9;1;2;23;
6;18;1;2;181;
8;16;1;2;318;
10;15;1;2;299;
6;12;1;2;166;
9;15;1;2;39;
16;1;1;2;189;
20;4;1;2;289;
14;15;1;2;208;
20;3;1;2;150;
16;2;1;2;157;
7;15;1;2;300;
20;20;1;2;301;
1;17;1;2;48;
19;7;1;2;212;
6;9;1;2;329;
3;4;1;2;268;
19;1;1;2;176;
3;14;1;2;117;
12;9;1;2;105;
1;20;1;2;51;
2;2;1;2;250;
10;8;1;2;241;
19;16;1;2;275;
9;8;1;2;36;
13;11;1;2;302;
11;13;1;2;143;
8;18;1;2;205;
18;2;1;2;99;
7;9;1;2;171;
14;13;1;2;170;
10;5;1;2;185;
12;4;1;2;215;
1;1;6;252
2;1;16;415
3;1;19;175
4;1;7;9
5;1;13;365
6;1;11;622
7;1;3;279
8;1;11;76
9;1;15;646
10;1;15;489
11;1;3;91
12;1;3;200
13;1;4;673
*** EOF ***