**** 14 ****
50
10;7;1;2;295;
5;10;1;2;241;
1;9;1;2;37;
2;11;1;2;278;
6;2;1;2;7;
20;9;1;2;308;
7;3;1;2;75;
12;1;1;2;160;
5;20;1;2;63;
14;2;1;2;220;
9;7;1;2;109;
2;12;1;2;74;
11;11;1;2;5;
18;14;1;2;79;
8;18;1;2;217;
9;2;1;2;308;
3;20;1;2;180;
1;19;1;2;32;
18;3;1;2;139;
16;3;1;2;15;
17;5;1;2;153;
18;4;1;2;234;
17;13;1;2;139;
7;17;1;2;304;
17;5;1;2;310;
10;18;1;2;211;
20;9;1;2;249;
8;8;1;2;207;
9;14;1;2;91;
14;5;1;2;182;
8;15;1;2;302;
2;20;1;2;55;
10;2;1;2;252;
17;7;1;2;244;
8;11;1;2;69;
20;19;1;2;26;
3;13;1;2;117;
17;2;1;2;80;
20;12;1;2;183;
14;15;1;2;313;
1;12;1;2;315;
9;14;1;2;312;
11;17;1;2;25;
5;2;1;2;186;
4;9;1;2;30;
15;13;1;2;185;
8;9;1;2;22;
11;20;1;2;265;
9;12;1;2;41;
19;7;1;2;120;
1;1;7;394
2;1;17;50
3;1;1;230
4;1;9;364
5;1;1;104
6;1;2;140
7;1;16;161
8;1;8;282
9;1;13;317
10;1;8;613
11;1;18;294
12;1;5;374
13;1;7;249
*** EOF ***