**** 4 ****
50
12;2;1;2;232;
11;10;1;2;281;
12;4;1;2;155;
10;11;1;2;295;
17;8;1;2;287;
13;11;1;2;31;
1;7;1;2;162;
19;12;1;2;334;
15;9;1;2;60;
12;4;1;2;231;
18;10;1;2;83;
15;20;1;2;214;
20;6;1;2;233;
18;19;1;2;51;
12;6;1;2;358;
18;20;1;2;326;
1;12;1;2;310;
17;10;1;2;24;
2;13;1;2;99;
11;20;1;2;207;
15;15;1;2;127;
4;20;1;2;275;
6;8;1;2;312;
11;11;1;2;220;
17;20;1;2;32;
19;16;1;2;17;
9;9;1;2;321;
9;17;1;2;57;
1;14;1;2;125;
11;12;1;2;124;
10;11;1;2;311;
7;2;1;2;362;
13;10;1;2;183;
6;10;1;2;248;
8;2;1;2;319;
17;11;1;2;131;
1;16;1;2;55;
18;2;1;2;302;
9;4;1;2;331;
18;12;1;2;205;
18;20;1;2;315;
17;12;1;2;50;
20;6;1;2;351;
3;5;1;2;160;
13;6;1;2;256;
15;13;1;2;351;
3;9;1;2;266;
1;19;1;2;131;
8;12;1;2;19;
20;19;1;2;92;
1;1;19;576
2;1;4;12
3;1;11;403
4;1;13;631
5;1;2;274
6;1;19;329
7;1;16;707
8;1;3;277
9;1;20;247
10;1;16;67
11;1;17;34
12;1;12;655
13;1;16;686
*** EOF ***