**** 0 ****
50
10;8;1;2;49;
14;10;1;2;148;
11;16;1;2;179;
11;14;1;2;238;
8;14;1;2;173;
6;20;1;2;181;
11;3;1;2;166;
6;12;1;2;313;
3;5;1;2;259;
16;16;1;2;271;
8;13;1;2;104;
1;1;1;2;182;
5;1;1;2;6;
6;11;1;2;268;
2;1;1;2;71;
9;4;1;2;34;
18;1;1;2;147;
4;1;1;2;124;
10;18;1;2;130;
16;14;1;2;300;
10;8;1;2;144;
5;5;1;2;69;
17;2;1;2;168;
13;7;1;2;274;
9;9;1;2;52;
14;20;1;2;226;
14;18;1;2;217;
15;1;1;2;63;
11;7;1;2;9;
5;2;1;2;58;
3;20;1;2;301;
13;19;1;2;130;
14;16;1;2;12;
7;3;1;2;246;
13;12;1;2;142;
8;2;1;2;74;
9;8;1;2;23;
12;3;1;2;199;
13;3;1;2;84;
7;12;1;2;61;
6;13;1;2;293;
5;6;1;2;16;
14;9;1;2;221;
13;15;1;2;114;
7;1;1;2;25;
6;15;1;2;177;
15;1;1;2;2;
16;14;1;2;65;
5;1;1;2;183;
9;2;1;2;78;
1;1;20;143
2;1;2;589
3;1;11;403
4;1;7;494
5;1;2;533
6;1;12;504
7;1;15;546
8;1;11;471
9;1;10;167
10;1;16;35
11;1;8;625
12;1;20;223
13;1;17;447
*** EOF ***