**** 6 ****
50
16;26;1;2;53;
18;27;1;2;353;
28;20;1;2;430;
21;26;1;2;158;
27;25;1;2;118;
24;16;1;2;95;
27;16;1;2;153;
11;19;1;2;545;
22;12;1;2;284;
12;18;1;2;13;
25;30;1;2;321;
29;23;1;2;320;
28;14;1;2;179;
12;16;1;2;367;
14;16;1;2;444;
11;29;1;2;52;
29;24;1;2;460;
24;13;1;2;18;
19;11;1;2;141;
16;16;1;2;295;
18;15;1;2;142;
29;19;1;2;387;
11;16;1;2;454;
21;17;1;2;206;
27;28;1;2;199;
10;19;1;2;38;
15;10;1;2;432;
25;25;1;2;313;
12;17;1;2;341;
28;14;1;2;340;
18;16;1;2;550;
13;23;1;2;250;
25;13;1;2;402;
14;24;1;2;438;
30;14;1;2;462;
10;22;1;2;203;
19;22;1;2;121;
17;15;1;2;94;
13;24;1;2;178;
10;11;1;2;323;
24;17;1;2;325;
30;20;1;2;107;
17;24;1;2;185;
18;16;1;2;355;
12;17;1;2;177;
28;14;1;2;115;
10;29;1;2;167;
11;30;1;2;202;
17;18;1;2;145;
23;26;1;2;295;
1;1;4;304
2;1;15;805
3;1;13;821
4;1;1;262
5;1;20;967
6;1;5;38
7;1;16;850
8;1;9;836
9;1;13;662
10;1;2;184
11;1;20;918
12;1;11;643
13;1;5;274
*** EOF ***