**** 19 ****
50
23;21;1;2;428;
13;15;1;2;243;
11;26;1;2;475;
18;20;1;2;83;
23;19;1;2;71;
11;15;1;2;303;
20;26;1;2;496;
15;26;1;2;20;
11;14;1;2;210;
19;26;1;2;103;
10;26;1;2;120;
21;20;1;2;460;
26;10;1;2;353;
18;12;1;2;119;
12;13;1;2;309;
11;12;1;2;2;
20;20;1;2;490;
23;18;1;2;272;
17;11;1;2;398;
10;17;1;2;10;
24;18;1;2;488;
16;20;1;2;453;
25;17;1;2;310;
25;14;1;2;166;
22;11;1;2;174;
10;15;1;2;225;
21;19;1;2;260;
14;13;1;2;352;
11;15;1;2;100;
26;16;1;2;45;
15;21;1;2;81;
23;10;1;2;147;
22;19;1;2;168;
19;22;1;2;456;
15;12;1;2;388;
19;11;1;2;309;
19;22;1;2;212;
26;15;1;2;341;
10;21;1;2;410;
15;10;1;2;43;
22;13;1;2;57;
25;25;1;2;312;
22;12;1;2;331;
21;17;1;2;55;
10;23;1;2;85;
22;18;1;2;220;
11;11;1;2;448;
10;18;1;2;238;
15;26;1;2;410;
20;21;1;2;185;
1;1;20;327
2;1;16;167
3;1;9;1037
4;1;20;819
5;1;16;205
6;1;20;68
7;1;5;419
8;1;1;963
9;1;2;1018
10;1;14;252
11;1;10;464
12;1;11;737
13;1;13;313
*** EOF ***