**** 17 ****
50
28;26;1;2;613;
12;34;1;2;614;
26;10;1;2;467;
15;18;1;2;493;
21;27;1;2;122;
14;35;1;2;564;
36;20;1;2;647;
34;15;1;2;644;
33;17;1;2;339;
18;16;1;2;469;
29;21;1;2;248;
15;21;1;2;593;
24;22;1;2;522;
15;21;1;2;258;
33;33;1;2;104;
21;20;1;2;327;
23;28;1;2;203;
16;15;1;2;597;
13;13;1;2;33;
23;11;1;2;648;
22;14;1;2;529;
22;24;1;2;203;
25;29;1;2;498;
14;15;1;2;509;
17;10;1;2;455;
27;35;1;2;642;
20;31;1;2;492;
22;23;1;2;114;
22;11;1;2;223;
29;36;1;2;144;
35;27;1;2;46;
28;36;1;2;546;
35;28;1;2;481;
10;17;1;2;312;
35;34;1;2;244;
13;21;1;2;612;
33;14;1;2;579;
27;30;1;2;59;
26;12;1;2;369;
21;36;1;2;95;
34;26;1;2;131;
25;31;1;2;241;
18;35;1;2;266;
28;35;1;2;58;
24;18;1;2;217;
34;16;1;2;346;
32;19;1;2;159;
14;29;1;2;467;
25;34;1;2;173;
18;11;1;2;405;
1;1;5;203
2;1;15;885
3;1;9;922
4;1;4;211
5;1;3;226
6;1;5;815
7;1;15;945
8;1;19;1009
9;1;13;54
10;1;3;593
11;1;11;322
12;1;5;1165
13;1;8;1064
*** EOF ***