**** 13 ****
50
18;12;1;2;511;
20;14;1;2;497;
27;23;1;2;187;
10;10;1;2;121;
14;20;1;2;544;
24;16;1;2;102;
29;19;1;2;505;
21;14;1;2;18;
12;17;1;2;255;
22;30;1;2;22;
24;13;1;2;240;
27;28;1;2;549;
18;11;1;2;429;
16;25;1;2;393;
30;22;1;2;25;
29;20;1;2;161;
10;29;1;2;363;
10;12;1;2;252;
14;24;1;2;147;
29;11;1;2;540;
29;30;1;2;419;
26;15;1;2;318;
11;10;1;2;195;
22;10;1;2;79;
28;14;1;2;105;
25;30;1;2;114;
11;28;1;2;389;
18;28;1;2;13;
26;30;1;2;484;
25;14;1;2;254;
16;16;1;2;302;
16;24;1;2;217;
21;30;1;2;238;
10;27;1;2;105;
29;22;1;2;551;
17;17;1;2;393;
28;29;1;2;189;
20;29;1;2;509;
17;10;1;2;499;
22;21;1;2;325;
10;22;1;2;488;
23;30;1;2;187;
28;11;1;2;56;
14;16;1;2;112;
19;19;1;2;401;
15;12;1;2;161;
29;14;1;2;179;
13;23;1;2;479;
19;21;1;2;380;
25;28;1;2;568;
1;1;12;767
2;1;13;38
3;1;3;233
4;1;15;942
5;1;6;152
6;1;14;553
7;1;6;19
8;1;11;638
9;1;8;717
10;1;7;1030
11;1;18;174
12;1;9;995
13;1;8;113
*** EOF ***