**** 0 ****
50
21;17;1;2;458;
11;15;1;2;266;
10;15;1;2;112;
13;10;1;2;203;
14;21;1;2;197;
13;10;1;2;448;
21;18;1;2;6;
16;12;1;2;242;
20;15;1;2;103;
15;14;1;2;325;
13;22;1;2;210;
23;13;1;2;49;
11;14;1;2;3;
19;10;1;2;330;
19;14;1;2;374;
18;10;1;2;193;
19;18;1;2;310;
18;21;1;2;75;
12;21;1;2;60;
10;20;1;2;408;
18;13;1;2;445;
10;16;1;2;150;
12;12;1;2;278;
23;15;1;2;196;
12;16;1;2;258;
14;21;1;2;246;
12;11;1;2;51;
24;24;1;2;224;
15;20;1;2;63;
20;20;1;2;304;
19;10;1;2;357;
17;22;1;2;16;
21;18;1;2;198;
15;12;1;2;209;
21;17;1;2;378;
10;19;1;2;275;
12;13;1;2;415;
22;17;1;2;150;
11;23;1;2;344;
13;13;1;2;296;
19;24;1;2;123;
17;11;1;2;430;
23;13;1;2;184;
22;10;1;2;395;
17;19;1;2;285;
10;24;1;2;422;
17;22;1;2;381;
18;11;1;2;387;
13;11;1;2;73;
10;23;1;2;213;
1;1;20;402
2;1;2;26
3;1;1;620
4;1;16;249
5;1;14;128
6;1;12;534
7;1;1;826
8;1;3;638
9;1;8;33
10;1;6;215
11;1;15;723
12;1;13;169
13;1;5;786
*** EOF ***