**** 17 ****
50
21;11;1;2;582;
30;11;1;2;555;
31;11;1;2;506;
16;32;1;2;599;
12;22;1;2;161;
22;22;1;2;384;
18;30;1;2;296;
24;20;1;2;303;
17;28;1;2;22;
16;30;1;2;220;
23;23;1;2;496;
13;13;1;2;548;
29;26;1;2;366;
12;20;1;2;110;
29;23;1;2;110;
22;30;1;2;467;
32;12;1;2;142;
29;22;1;2;577;
18;30;1;2;521;
20;15;1;2;418;
25;30;1;2;27;
23;22;1;2;520;
21;31;1;2;75;
25;14;1;2;30;
13;22;1;2;215;
17;12;1;2;22;
13;27;1;2;548;
26;17;1;2;501;
23;22;1;2;430;
15;32;1;2;502;
26;28;1;2;589;
32;23;1;2;401;
28;27;1;2;237;
13;31;1;2;601;
14;22;1;2;33;
11;16;1;2;93;
12;32;1;2;569;
19;10;1;2;516;
17;11;1;2;118;
18;11;1;2;397;
14;31;1;2;100;
31;12;1;2;388;
32;11;1;2;232;
18;17;1;2;380;
31;15;1;2;481;
29;28;1;2;527;
15;25;1;2;402;
27;12;1;2;571;
26;23;1;2;424;
13;20;1;2;553;
1;1;12;1149
2;1;14;820
3;1;9;784
4;1;12;211
5;1;19;1008
6;1;10;349
7;1;7;981
8;1;13;759
9;1;16;1099
10;1;16;960
11;1;5;276
12;1;9;1167
13;1;10;852
*** EOF ***