**** 9 ****
50
10;13;1;2;77;
12;13;1;2;299;
13;10;1;2;122;
13;11;1;2;23;
13;13;1;2;216;
11;13;1;2;3;
13;10;1;2;346;
13;13;1;2;171;
10;10;1;2;101;
12;11;1;2;232;
10;11;1;2;302;
12;10;1;2;221;
10;13;1;2;57;
12;10;1;2;345;
14;12;1;2;43;
10;11;1;2;97;
14;10;1;2;127;
12;14;1;2;59;
10;10;1;2;132;
11;13;1;2;96;
13;13;1;2;203;
10;10;1;2;289;
14;10;1;2;321;
10;14;1;2;223;
12;12;1;2;94;
13;10;1;2;288;
12;12;1;2;175;
11;10;1;2;26;
14;12;1;2;68;
13;14;1;2;291;
10;12;1;2;322;
12;12;1;2;141;
12;14;1;2;7;
13;10;1;2;280;
11;11;1;2;72;
14;14;1;2;97;
10;12;1;2;132;
13;14;1;2;158;
10;12;1;2;50;
13;10;1;2;205;
14;11;1;2;24;
11;11;1;2;277;
12;10;1;2;7;
13;12;1;2;15;
14;13;1;2;12;
14;13;1;2;235;
10;11;1;2;185;
10;10;1;2;330;
11;14;1;2;8;
14;12;1;2;188;
1;1;3;694
2;1;20;414
3;1;9;639
4;1;17;243
5;1;1;304
6;1;19;660
7;1;4;300
8;1;1;203
9;1;4;323
10;1;15;330
11;1;3;705
12;1;9;592
13;1;5;348
*** EOF ***