**** 19 ****
50
26;29;1;2;53;
28;10;1;2;452;
16;19;1;2;109;
36;30;1;2;132;
26;38;1;2;417;
23;23;1;2;459;
14;35;1;2;356;
19;31;1;2;394;
33;23;1;2;193;
10;17;1;2;259;
23;33;1;2;333;
16;28;1;2;488;
17;21;1;2;247;
24;26;1;2;113;
25;27;1;2;555;
35;29;1;2;200;
19;21;1;2;216;
18;19;1;2;150;
10;14;1;2;601;
31;35;1;2;248;
14;33;1;2;506;
12;34;1;2;344;
22;27;1;2;33;
36;28;1;2;581;
27;20;1;2;139;
19;17;1;2;395;
23;28;1;2;234;
35;17;1;2;127;
28;27;1;2;176;
24;27;1;2;601;
30;33;1;2;526;
31;27;1;2;464;
29;12;1;2;346;
24;29;1;2;425;
24;35;1;2;575;
13;11;1;2;377;
38;32;1;2;576;
16;17;1;2;545;
18;36;1;2;170;
17;19;1;2;260;
14;26;1;2;247;
30;37;1;2;376;
10;13;1;2;220;
13;28;1;2;104;
35;28;1;2;254;
36;15;1;2;61;
22;28;1;2;11;
17;36;1;2;374;
13;33;1;2;197;
24;14;1;2;156;
1;1;5;1036
2;1;8;714
3;1;12;912
4;1;14;874
5;1;15;552
6;1;5;805
7;1;3;428
8;1;4;535
9;1;20;1002
10;1;18;822
11;1;3;431
12;1;1;1076
13;1;1;971
*** EOF ***