**** 16 ****
50
13;13;1;2;460;
24;20;1;2;525;
16;12;1;2;509;
21;10;1;2;474;
14;26;1;2;511;
22;15;1;2;525;
18;15;1;2;116;
27;26;1;2;373;
23;25;1;2;9;
14;21;1;2;193;
11;20;1;2;26;
20;13;1;2;124;
17;22;1;2;524;
28;26;1;2;120;
18;14;1;2;5;
18;11;1;2;287;
12;19;1;2;448;
26;28;1;2;469;
11;15;1;2;308;
20;20;1;2;87;
27;25;1;2;131;
18;15;1;2;487;
11;21;1;2;211;
12;18;1;2;396;
22;16;1;2;322;
23;12;1;2;258;
10;23;1;2;483;
12;14;1;2;417;
26;19;1;2;478;
24;18;1;2;314;
15;25;1;2;236;
26;22;1;2;91;
18;26;1;2;178;
16;20;1;2;412;
16;24;1;2;441;
24;14;1;2;153;
11;17;1;2;253;
14;20;1;2;310;
22;28;1;2;193;
28;13;1;2;188;
23;13;1;2;41;
17;16;1;2;458;
26;26;1;2;250;
23;14;1;2;418;
21;21;1;2;485;
13;22;1;2;30;
20;24;1;2;333;
21;14;1;2;447;
28;15;1;2;27;
12;22;1;2;240;
1;1;15;490
2;1;16;1030
3;1;9;506
4;1;4;598
5;1;8;179
6;1;7;726
7;1;3;59
8;1;5;76
9;1;2;713
10;1;10;796
11;1;8;664
12;1;16;934
13;1;20;417
*** EOF ***