**** 2 ****
50
21;25;1;2;128;
16;10;1;2;342;
28;27;1;2;184;
21;17;1;2;160;
11;14;1;2;401;
12;31;1;2;204;
26;19;1;2;453;
16;26;1;2;20;
24;31;1;2;551;
29;28;1;2;465;
14;29;1;2;439;
28;18;1;2;455;
29;24;1;2;44;
16;17;1;2;298;
15;17;1;2;94;
12;18;1;2;422;
16;27;1;2;123;
11;12;1;2;91;
21;17;1;2;254;
27;20;1;2;90;
24;24;1;2;294;
24;13;1;2;149;
29;11;1;2;242;
17;11;1;2;476;
26;10;1;2;280;
11;11;1;2;587;
19;21;1;2;259;
27;29;1;2;84;
20;30;1;2;281;
18;12;1;2;246;
15;31;1;2;380;
20;20;1;2;499;
25;29;1;2;355;
31;25;1;2;227;
19;10;1;2;395;
16;24;1;2;508;
22;20;1;2;449;
19;14;1;2;462;
31;18;1;2;154;
13;19;1;2;405;
25;30;1;2;186;
28;10;1;2;351;
16;13;1;2;23;
14;12;1;2;573;
25;31;1;2;422;
31;14;1;2;335;
20;16;1;2;205;
26;31;1;2;418;
20;11;1;2;518;
30;22;1;2;34;
1;1;8;674
2;1;3;1123
3;1;12;1154
4;1;7;574
5;1;10;602
6;1;10;709
7;1;17;970
8;1;14;57
9;1;8;9
10;1;10;459
11;1;17;136
12;1;1;1001
13;1;11;907
*** EOF ***