**** 17 ****
50
20;14;1;2;327;
14;10;1;2;147;
12;27;1;2;128;
13;18;1;2;524;
23;22;1;2;323;
18;20;1;2;259;
18;21;1;2;435;
22;24;1;2;122;
11;27;1;2;279;
18;17;1;2;48;
21;22;1;2;360;
22;20;1;2;404;
21;11;1;2;405;
22;15;1;2;60;
14;10;1;2;377;
28;21;1;2;32;
14;20;1;2;302;
12;17;1;2;290;
12;19;1;2;173;
22;28;1;2;338;
11;21;1;2;132;
15;18;1;2;31;
19;27;1;2;498;
15;11;1;2;222;
10;27;1;2;286;
24;17;1;2;34;
15;28;1;2;408;
12;19;1;2;508;
19;13;1;2;148;
17;16;1;2;137;
17;23;1;2;19;
21;14;1;2;150;
18;10;1;2;438;
13;14;1;2;160;
19;18;1;2;165;
20;25;1;2;178;
11;26;1;2;129;
24;24;1;2;30;
20;10;1;2;307;
22;23;1;2;93;
20;15;1;2;90;
17;26;1;2;124;
16;11;1;2;355;
22;13;1;2;351;
27;22;1;2;101;
12;14;1;2;346;
11;18;1;2;288;
26;22;1;2;456;
19;23;1;2;116;
20;24;1;2;6;
1;1;12;541
2;1;12;639
3;1;14;958
4;1;18;523
5;1;3;495
6;1;5;997
7;1;3;688
8;1;16;807
9;1;15;477
10;1;16;654
11;1;14;722
12;1;14;121
13;1;20;693
*** EOF ***