**** 5 ****
50
12;16;1;2;36;
13;11;1;2;103;
18;13;1;2;168;
18;13;1;2;234;
13;12;1;2;326;
15;10;1;2;220;
20;16;1;2;426;
14;20;1;2;354;
11;15;1;2;380;
20;14;1;2;344;
20;14;1;2;216;
22;20;1;2;24;
18;11;1;2;461;
18;22;1;2;271;
18;10;1;2;106;
16;16;1;2;151;
15;19;1;2;412;
13;22;1;2;78;
14;10;1;2;221;
13;16;1;2;293;
17;14;1;2;167;
22;18;1;2;424;
11;14;1;2;243;
22;16;1;2;92;
18;11;1;2;174;
14;16;1;2;346;
12;14;1;2;1;
19;13;1;2;197;
15;14;1;2;182;
15;11;1;2;326;
17;19;1;2;106;
17;14;1;2;300;
17;22;1;2;84;
17;18;1;2;39;
13;22;1;2;71;
15;21;1;2;348;
11;18;1;2;212;
12;17;1;2;29;
11;17;1;2;62;
14;16;1;2;59;
19;10;1;2;279;
13;15;1;2;3;
16;20;1;2;39;
13;10;1;2;121;
10;19;1;2;130;
18;13;1;2;72;
13;15;1;2;250;
12;17;1;2;121;
21;21;1;2;452;
21;19;1;2;447;
1;1;4;518
2;1;2;816
3;1;7;252
4;1;14;454
5;1;8;370
6;1;20;784
7;1;4;629
8;1;20;690
9;1;17;480
10;1;13;914
11;1;2;414
12;1;7;120
13;1;18;545
*** EOF ***