**** 4 ****
50
26;19;1;2;259;
12;10;1;2;148;
17;20;1;2;230;
25;18;1;2;158;
28;21;1;2;25;
17;25;1;2;192;
25;26;1;2;451;
26;12;1;2;265;
13;22;1;2;342;
20;10;1;2;309;
15;22;1;2;61;
17;15;1;2;214;
27;12;1;2;184;
19;11;1;2;11;
14;14;1;2;204;
16;21;1;2;155;
20;27;1;2;382;
16;25;1;2;412;
25;19;1;2;48;
25;10;1;2;419;
15;17;1;2;347;
10;22;1;2;109;
10;13;1;2;440;
21;20;1;2;418;
27;15;1;2;334;
13;16;1;2;309;
19;28;1;2;54;
21;11;1;2;467;
17;11;1;2;70;
27;19;1;2;474;
10;14;1;2;188;
28;25;1;2;295;
25;19;1;2;403;
12;18;1;2;323;
26;14;1;2;407;
28;27;1;2;333;
27;26;1;2;191;
11;26;1;2;300;
16;14;1;2;501;
26;14;1;2;409;
19;27;1;2;31;
24;28;1;2;323;
14;24;1;2;111;
20;20;1;2;14;
25;12;1;2;77;
16;18;1;2;315;
11;22;1;2;473;
17;11;1;2;302;
21;14;1;2;545;
13;10;1;2;491;
1;1;18;1112
2;1;17;231
3;1;20;44
4;1;5;349
5;1;13;786
6;1;4;1033
7;1;11;126
8;1;18;821
9;1;11;633
10;1;8;922
11;1;3;491
12;1;4;740
13;1;13;326
*** EOF ***