**** 7 ****
50
12;14;1;2;341;
13;11;1;2;278;
13;13;1;2;140;
12;10;1;2;64;
13;11;1;2;141;
10;13;1;2;229;
11;10;1;2;265;
14;12;1;2;163;
13;14;1;2;51;
10;12;1;2;25;
10;10;1;2;214;
12;12;1;2;267;
11;12;1;2;332;
10;14;1;2;87;
11;13;1;2;43;
11;13;1;2;184;
10;10;1;2;148;
10;10;1;2;349;
10;12;1;2;174;
13;14;1;2;168;
10;10;1;2;288;
10;13;1;2;87;
13;12;1;2;138;
12;13;1;2;353;
14;12;1;2;323;
14;13;1;2;163;
11;10;1;2;230;
10;12;1;2;35;
14;10;1;2;95;
13;14;1;2;149;
11;14;1;2;102;
14;14;1;2;191;
13;12;1;2;92;
11;13;1;2;312;
12;11;1;2;81;
13;12;1;2;134;
10;10;1;2;118;
12;14;1;2;292;
11;11;1;2;49;
10;11;1;2;26;
12;14;1;2;6;
13;13;1;2;128;
14;10;1;2;336;
11;12;1;2;249;
13;10;1;2;270;
10;12;1;2;158;
12;13;1;2;223;
11;13;1;2;72;
10;12;1;2;150;
14;11;1;2;92;
1;1;11;672
2;1;10;227
3;1;19;184
4;1;2;204
5;1;20;684
6;1;13;42
7;1;8;708
8;1;17;69
9;1;6;113
10;1;8;441
11;1;1;337
12;1;8;163
13;1;3;134
*** EOF ***