**** 1 ****
50
22;25;1;2;274;
21;22;1;2;258;
13;12;1;2;218;
13;19;1;2;480;
26;25;1;2;118;
16;10;1;2;111;
18;23;1;2;393;
22;14;1;2;542;
15;11;1;2;316;
26;19;1;2;196;
18;25;1;2;437;
26;15;1;2;136;
22;18;1;2;533;
24;20;1;2;29;
26;11;1;2;341;
19;15;1;2;500;
20;18;1;2;524;
24;15;1;2;386;
10;25;1;2;349;
12;25;1;2;86;
19;11;1;2;380;
21;18;1;2;478;
20;24;1;2;66;
23;13;1;2;61;
23;24;1;2;455;
19;17;1;2;526;
18;21;1;2;60;
24;26;1;2;331;
25;11;1;2;252;
21;14;1;2;64;
15;18;1;2;507;
26;15;1;2;216;
12;11;1;2;100;
21;26;1;2;184;
26;10;1;2;318;
17;26;1;2;262;
11;25;1;2;251;
16;13;1;2;363;
15;26;1;2;140;
14;11;1;2;148;
19;21;1;2;398;
21;21;1;2;538;
25;20;1;2;233;
26;23;1;2;439;
10;22;1;2;451;
12;13;1;2;347;
10;21;1;2;535;
12;23;1;2;512;
10;12;1;2;11;
16;26;1;2;223;
1;1;19;91
2;1;19;167
3;1;10;844
4;1;20;676
5;1;9;602
6;1;11;894
7;1;12;472
8;1;5;834
9;1;16;700
10;1;1;34
11;1;12;937
12;1;8;65
13;1;12;19
*** EOF ***