**** 5 ****
50
21;14;1;2;33;
18;28;1;2;508;
14;36;1;2;535;
20;23;1;2;39;
12;23;1;2;80;
10;20;1;2;111;
17;34;1;2;168;
25;26;1;2;109;
15;11;1;2;457;
33;25;1;2;39;
24;32;1;2;489;
23;26;1;2;94;
14;32;1;2;408;
28;30;1;2;537;
28;10;1;2;441;
11;22;1;2;436;
20;16;1;2;583;
18;18;1;2;301;
18;29;1;2;407;
13;21;1;2;324;
23;12;1;2;23;
14;32;1;2;73;
32;25;1;2;451;
25;12;1;2;156;
28;29;1;2;492;
10;33;1;2;376;
20;11;1;2;496;
27;12;1;2;116;
12;22;1;2;508;
33;33;1;2;38;
15;20;1;2;162;
35;28;1;2;474;
16;35;1;2;418;
29;34;1;2;372;
21;24;1;2;401;
26;16;1;2;432;
15;34;1;2;150;
11;16;1;2;205;
36;34;1;2;285;
33;33;1;2;160;
29;12;1;2;400;
11;22;1;2;77;
12;18;1;2;115;
34;18;1;2;427;
35;12;1;2;76;
15;23;1;2;137;
35;18;1;2;518;
18;13;1;2;570;
12;36;1;2;431;
11;25;1;2;520;
1;1;3;1084
2;1;4;394
3;1;8;463
4;1;7;278
5;1;7;22
6;1;4;300
7;1;4;1003
8;1;17;1142
9;1;17;500
10;1;14;859
11;1;18;519
12;1;8;67
13;1;9;89
*** EOF ***