**** 14 ****
50
12;10;1;2;48;
13;13;1;2;42;
12;10;1;2;185;
13;13;1;2;155;
13;13;1;2;58;
13;10;1;2;171;
11;10;1;2;324;
10;13;1;2;272;
10;13;1;2;97;
13;10;1;2;138;
11;12;1;2;371;
14;14;1;2;363;
11;14;1;2;43;
14;14;1;2;324;
10;12;1;2;257;
11;14;1;2;301;
13;11;1;2;381;
12;12;1;2;198;
13;11;1;2;188;
13;10;1;2;2;
10;11;1;2;89;
11;12;1;2;127;
14;11;1;2;177;
10;11;1;2;252;
13;12;1;2;200;
14;10;1;2;36;
10;12;1;2;247;
11;10;1;2;173;
12;11;1;2;361;
12;12;1;2;369;
11;13;1;2;309;
11;14;1;2;178;
14;11;1;2;80;
13;10;1;2;234;
12;11;1;2;308;
10;13;1;2;102;
11;13;1;2;107;
10;10;1;2;50;
14;13;1;2;90;
12;12;1;2;4;
11;14;1;2;281;
12;13;1;2;104;
11;13;1;2;263;
14;11;1;2;292;
13;14;1;2;114;
11;13;1;2;286;
11;12;1;2;79;
13;14;1;2;235;
12;13;1;2;244;
11;13;1;2;147;
1;1;15;488
2;1;8;138
3;1;16;690
4;1;1;742
5;1;13;456
6;1;13;611
7;1;15;399
8;1;16;541
9;1;17;185
10;1;10;171
11;1;15;507
12;1;20;373
13;1;18;638
*** EOF ***