**** 0 ****
50
12;11;1;2;429;
29;29;1;2;24;
24;34;1;2;84;
24;12;1;2;597;
29;33;1;2;315;
19;28;1;2;112;
10;16;1;2;2;
14;25;1;2;172;
32;10;1;2;322;
23;22;1;2;354;
19;31;1;2;413;
17;27;1;2;442;
30;33;1;2;320;
28;20;1;2;533;
12;17;1;2;152;
13;18;1;2;199;
14;25;1;2;502;
30;25;1;2;279;
21;12;1;2;42;
18;32;1;2;600;
32;13;1;2;161;
18;13;1;2;206;
14;12;1;2;539;
12;15;1;2;380;
22;33;1;2;559;
17;27;1;2;118;
15;21;1;2;336;
28;31;1;2;551;
12;29;1;2;38;
31;28;1;2;587;
13;12;1;2;203;
23;24;1;2;113;
22;21;1;2;384;
11;30;1;2;465;
27;10;1;2;130;
30;11;1;2;99;
34;18;1;2;197;
22;31;1;2;561;
31;20;1;2;107;
32;25;1;2;119;
24;30;1;2;594;
24;23;1;2;290;
22;28;1;2;90;
31;28;1;2;78;
22;26;1;2;512;
16;27;1;2;167;
15;10;1;2;395;
24;32;1;2;595;
14;33;1;2;447;
23;19;1;2;477;
1;1;15;828
2;1;14;872
3;1;19;908
4;1;1;221
5;1;11;518
6;1;4;662
7;1;18;484
8;1;4;28
9;1;8;898
10;1;2;717
11;1;11;340
12;1;16;577
13;1;20;638
*** EOF ***