**** 3 ****
50
19;10;1;2;371;
22;24;1;2;463;
19;25;1;2;58;
18;15;1;2;397;
23;12;1;2;183;
11;20;1;2;200;
20;24;1;2;258;
22;16;1;2;261;
19;26;1;2;73;
15;12;1;2;111;
10;17;1;2;482;
11;23;1;2;67;
12;26;1;2;8;
24;21;1;2;186;
16;24;1;2;173;
25;22;1;2;130;
20;19;1;2;339;
17;26;1;2;192;
15;25;1;2;242;
10;10;1;2;313;
26;12;1;2;440;
20;15;1;2;329;
20;20;1;2;446;
11;18;1;2;217;
11;15;1;2;426;
13;26;1;2;51;
11;22;1;2;504;
24;20;1;2;477;
20;11;1;2;203;
26;17;1;2;20;
13;14;1;2;121;
14;16;1;2;163;
17;25;1;2;235;
21;18;1;2;100;
16;21;1;2;471;
23;13;1;2;441;
24;11;1;2;31;
26;17;1;2;116;
14;13;1;2;328;
19;10;1;2;399;
26;17;1;2;394;
11;18;1;2;66;
14;12;1;2;359;
11;11;1;2;108;
13;14;1;2;4;
12;22;1;2;49;
20;25;1;2;433;
24;26;1;2;82;
11;23;1;2;380;
25;12;1;2;373;
1;1;5;584
2;1;2;915
3;1;4;748
4;1;15;46
5;1;14;596
6;1;10;260
7;1;11;377
8;1;10;958
9;1;16;754
10;1;2;28
11;1;14;622
12;1;17;399
13;1;10;164
*** EOF ***