**** 7 ****
50
11;10;1;2;72;
11;12;1;2;40;
11;11;1;2;165;
12;10;1;2;2;
11;11;1;2;37;
11;12;1;2;119;
12;12;1;2;36;
12;11;1;2;242;
11;11;1;2;251;
11;11;1;2;1;
10;12;1;2;250;
10;12;1;2;6;
10;11;1;2;219;
12;12;1;2;33;
10;10;1;2;224;
12;11;1;2;5;
11;10;1;2;327;
12;10;1;2;243;
10;11;1;2;80;
10;11;1;2;244;
11;11;1;2;103;
11;11;1;2;256;
12;12;1;2;8;
12;11;1;2;187;
11;12;1;2;73;
11;12;1;2;236;
12;11;1;2;7;
10;12;1;2;329;
11;10;1;2;248;
10;11;1;2;259;
10;10;1;2;53;
10;12;1;2;224;
12;12;1;2;233;
12;12;1;2;263;
12;12;1;2;163;
10;11;1;2;35;
11;10;1;2;84;
11;10;1;2;226;
11;12;1;2;337;
12;11;1;2;189;
12;11;1;2;221;
10;12;1;2;241;
10;11;1;2;337;
12;10;1;2;35;
10;11;1;2;181;
12;12;1;2;215;
12;12;1;2;112;
11;12;1;2;222;
11;11;1;2;10;
11;12;1;2;256;
1;1;9;484
2;1;4;510
3;1;3;632
4;1;5;153
5;1;18;87
6;1;17;279
7;1;7;515
8;1;6;411
9;1;12;463
10;1;3;639
11;1;12;323
12;1;9;527
13;1;20;301
*** EOF ***