**** 14 ****
50
15;14;1;2;202;
16;13;1;2;39;
10;14;1;2;76;
10;14;1;2;325;
11;17;1;2;246;
17;15;1;2;295;
16;13;1;2;20;
15;14;1;2;275;
12;17;1;2;388;
16;14;1;2;163;
17;14;1;2;225;
18;14;1;2;304;
13;13;1;2;352;
16;11;1;2;47;
15;10;1;2;332;
17;14;1;2;133;
10;12;1;2;299;
17;15;1;2;40;
18;10;1;2;234;
14;17;1;2;432;
18;14;1;2;204;
17;16;1;2;52;
14;10;1;2;314;
13;14;1;2;140;
18;14;1;2;159;
10;11;1;2;318;
17;10;1;2;6;
12;15;1;2;92;
14;15;1;2;4;
16;12;1;2;9;
18;10;1;2;395;
15;11;1;2;221;
14;14;1;2;203;
11;11;1;2;276;
14;15;1;2;120;
18;17;1;2;46;
16;15;1;2;126;
11;16;1;2;225;
10;11;1;2;81;
14;15;1;2;194;
14;10;1;2;90;
13;18;1;2;140;
16;15;1;2;129;
18;16;1;2;113;
18;18;1;2;59;
16;13;1;2;411;
14;15;1;2;377;
18;13;1;2;98;
11;17;1;2;212;
16;11;1;2;122;
1;1;11;306
2;1;11;763
3;1;4;688
4;1;19;259
5;1;8;20
6;1;14;71
7;1;11;131
8;1;2;570
9;1;18;52
10;1;8;788
11;1;4;774
12;1;9;573
13;1;16;174
*** EOF ***