**** 1 ****
50
32;18;1;2;6;
24;18;1;2;114;
23;22;1;2;404;
22;11;1;2;239;
18;24;1;2;342;
15;10;1;2;482;
13;30;1;2;481;
17;27;1;2;526;
21;31;1;2;215;
32;18;1;2;140;
21;12;1;2;286;
12;17;1;2;256;
10;18;1;2;482;
27;12;1;2;317;
17;24;1;2;464;
25;12;1;2;443;
12;26;1;2;33;
25;20;1;2;196;
20;23;1;2;353;
25;23;1;2;323;
13;11;1;2;270;
10;27;1;2;43;
21;28;1;2;438;
13;12;1;2;402;
18;28;1;2;433;
10;26;1;2;461;
27;25;1;2;13;
20;27;1;2;331;
15;18;1;2;68;
31;21;1;2;518;
22;27;1;2;412;
11;10;1;2;288;
13;26;1;2;527;
21;26;1;2;120;
18;31;1;2;477;
24;25;1;2;86;
14;16;1;2;211;
31;12;1;2;443;
12;19;1;2;287;
17;11;1;2;350;
29;15;1;2;142;
22;26;1;2;288;
21;24;1;2;498;
26;21;1;2;16;
12;22;1;2;205;
18;19;1;2;320;
21;16;1;2;319;
17;17;1;2;175;
10;24;1;2;87;
11;17;1;2;218;
1;1;3;409
2;1;3;501
3;1;1;14
4;1;7;44
5;1;10;912
6;1;14;466
7;1;19;1082
8;1;6;564
9;1;18;681
10;1;18;770
11;1;3;511
12;1;20;976
13;1;14;524
*** EOF ***