**** 1 ****
50
13;29;1;2;75;
10;11;1;2;177;
15;26;1;2;57;
14;27;1;2;491;
34;30;1;2;57;
10;27;1;2;512;
22;15;1;2;252;
33;12;1;2;245;
28;10;1;2;20;
30;28;1;2;427;
35;31;1;2;236;
31;12;1;2;495;
20;13;1;2;81;
27;26;1;2;105;
13;11;1;2;505;
31;28;1;2;262;
34;17;1;2;597;
16;11;1;2;173;
33;14;1;2;521;
35;15;1;2;245;
20;25;1;2;656;
20;28;1;2;665;
25;11;1;2;199;
13;12;1;2;453;
30;24;1;2;411;
14;13;1;2;677;
32;21;1;2;380;
20;32;1;2;422;
25;33;1;2;292;
25;14;1;2;337;
15;32;1;2;269;
32;10;1;2;633;
36;10;1;2;334;
29;26;1;2;70;
35;26;1;2;586;
36;31;1;2;344;
32;29;1;2;694;
34;10;1;2;50;
22;36;1;2;258;
26;23;1;2;185;
13;14;1;2;374;
34;15;1;2;464;
31;14;1;2;95;
36;34;1;2;93;
16;35;1;2;273;
28;18;1;2;405;
21;10;1;2;497;
23;22;1;2;199;
27;30;1;2;656;
31;22;1;2;40;
1;1;3;1222
2;1;3;887
3;1;4;533
4;1;9;427
5;1;18;866
6;1;12;314
7;1;17;42
8;1;13;1398
9;1;18;1139
10;1;5;678
11;1;4;1106
12;1;19;901
13;1;18;1357
*** EOF ***