**** 19 ****
50
11;12;1;2;457;
13;21;1;2;284;
23;13;1;2;87;
17;11;1;2;472;
10;20;1;2;470;
10;24;1;2;213;
21;12;1;2;489;
20;11;1;2;278;
19;24;1;2;102;
21;10;1;2;175;
21;24;1;2;302;
10;23;1;2;144;
14;23;1;2;81;
18;15;1;2;450;
23;21;1;2;487;
20;12;1;2;242;
24;23;1;2;431;
19;15;1;2;141;
12;11;1;2;48;
20;11;1;2;23;
11;20;1;2;380;
16;11;1;2;476;
20;24;1;2;81;
22;18;1;2;183;
14;21;1;2;157;
20;19;1;2;94;
22;10;1;2;51;
20;20;1;2;173;
21;24;1;2;239;
23;20;1;2;39;
13;20;1;2;484;
14;14;1;2;185;
18;12;1;2;206;
21;11;1;2;413;
22;12;1;2;409;
18;11;1;2;198;
22;17;1;2;316;
17;24;1;2;251;
21;14;1;2;5;
13;15;1;2;232;
10;10;1;2;396;
22;13;1;2;5;
11;20;1;2;351;
24;11;1;2;31;
22;15;1;2;317;
12;22;1;2;428;
12;13;1;2;173;
18;14;1;2;82;
10;19;1;2;197;
14;11;1;2;240;
1;1;1;75
2;1;17;236
3;1;4;345
4;1;5;873
5;1;16;499
6;1;9;406
7;1;10;312
8;1;17;368
9;1;16;759
10;1;12;87
11;1;8;222
12;1;1;53
13;1;4;472
*** EOF ***