**** 4 ****
50
13;21;1;2;114;
10;29;1;2;234;
28;27;1;2;241;
22;25;1;2;341;
27;25;1;2;356;
29;12;1;2;92;
31;24;1;2;398;
10;30;1;2;496;
15;12;1;2;510;
21;12;1;2;500;
28;21;1;2;524;
10;15;1;2;204;
10;11;1;2;464;
16;25;1;2;388;
28;17;1;2;13;
30;26;1;2;107;
28;10;1;2;3;
14;24;1;2;160;
18;28;1;2;30;
10;15;1;2;386;
19;10;1;2;449;
23;21;1;2;173;
12;28;1;2;420;
22;12;1;2;223;
30;31;1;2;515;
15;26;1;2;397;
29;18;1;2;452;
17;26;1;2;393;
30;14;1;2;291;
15;15;1;2;434;
22;28;1;2;370;
15;16;1;2;510;
30;25;1;2;238;
27;32;1;2;269;
31;19;1;2;374;
27;28;1;2;408;
13;11;1;2;15;
23;18;1;2;141;
30;17;1;2;450;
25;12;1;2;269;
17;30;1;2;128;
19;26;1;2;401;
20;14;1;2;43;
23;16;1;2;571;
32;27;1;2;258;
29;15;1;2;141;
16;16;1;2;331;
30;10;1;2;302;
29;12;1;2;3;
20;10;1;2;434;
1;1;11;1200
2;1;2;442
3;1;13;724
4;1;5;947
5;1;8;511
6;1;4;1148
7;1;20;100
8;1;7;792
9;1;14;802
10;1;10;227
11;1;18;392
12;1;2;931
13;1;7;578
*** EOF ***