**** 11 ****
50
28;26;1;2;148;
18;19;1;2;404;
10;15;1;2;86;
24;18;1;2;446;
12;17;1;2;464;
13;26;1;2;209;
26;22;1;2;168;
19;20;1;2;496;
25;10;1;2;483;
11;16;1;2;162;
26;24;1;2;138;
12;16;1;2;33;
22;28;1;2;183;
28;12;1;2;211;
25;22;1;2;285;
23;26;1;2;339;
26;15;1;2;241;
11;22;1;2;67;
13;28;1;2;415;
20;20;1;2;468;
16;15;1;2;349;
16;20;1;2;267;
19;11;1;2;455;
21;27;1;2;408;
20;19;1;2;35;
26;23;1;2;136;
19;21;1;2;215;
11;18;1;2;437;
20;21;1;2;166;
19;27;1;2;22;
10;23;1;2;276;
17;20;1;2;49;
23;16;1;2;57;
27;26;1;2;292;
17;15;1;2;404;
13;15;1;2;379;
26;27;1;2;113;
16;22;1;2;136;
13;20;1;2;417;
14;22;1;2;186;
20;11;1;2;115;
27;26;1;2;379;
14;10;1;2;398;
10;21;1;2;183;
16;12;1;2;430;
13;22;1;2;239;
21;24;1;2;343;
16;16;1;2;71;
14;10;1;2;283;
25;23;1;2;405;
1;1;6;916
2;1;7;243
3;1;18;1046
4;1;17;568
5;1;8;760
6;1;8;698
7;1;1;381
8;1;16;137
9;1;18;938
10;1;7;706
11;1;7;233
12;1;12;352
13;1;7;599
*** EOF ***