**** 11 ****
50
27;13;1;2;205;
32;17;1;2;27;
18;25;1;2;500;
12;21;1;2;413;
25;16;1;2;22;
24;11;1;2;494;
32;26;1;2;402;
24;20;1;2;258;
21;29;1;2;498;
16;20;1;2;235;
16;13;1;2;438;
17;19;1;2;210;
11;30;1;2;487;
10;32;1;2;179;
23;17;1;2;43;
21;24;1;2;497;
22;22;1;2;213;
15;25;1;2;550;
15;16;1;2;548;
29;16;1;2;505;
29;31;1;2;300;
14;14;1;2;325;
18;13;1;2;405;
11;14;1;2;420;
32;11;1;2;9;
16;26;1;2;195;
22;17;1;2;115;
12;17;1;2;353;
12;31;1;2;322;
27;13;1;2;37;
22;21;1;2;107;
23;17;1;2;410;
31;20;1;2;354;
31;17;1;2;570;
21;29;1;2;463;
29;12;1;2;436;
22;25;1;2;396;
27;22;1;2;222;
22;20;1;2;397;
18;20;1;2;203;
31;16;1;2;79;
14;21;1;2;318;
28;13;1;2;581;
15;11;1;2;257;
26;17;1;2;326;
17;13;1;2;332;
19;26;1;2;498;
32;28;1;2;151;
10;15;1;2;174;
29;29;1;2;479;
1;1;7;1174
2;1;2;114
3;1;9;1184
4;1;19;242
5;1;3;604
6;1;17;560
7;1;13;80
8;1;19;1025
9;1;8;1072
10;1;16;919
11;1;1;751
12;1;2;406
13;1;11;629
*** EOF ***