**** 10 ****
50
36;14;1;2;456;
20;14;1;2;12;
37;20;1;2;369;
34;37;1;2;583;
34;38;1;2;489;
13;28;1;2;342;
14;10;1;2;486;
22;35;1;2;405;
20;37;1;2;398;
33;27;1;2;68;
23;19;1;2;28;
19;12;1;2;547;
11;30;1;2;289;
28;18;1;2;625;
19;16;1;2;86;
12;34;1;2;623;
27;11;1;2;642;
30;17;1;2;37;
34;24;1;2;536;
13;29;1;2;620;
19;36;1;2;475;
32;32;1;2;139;
31;15;1;2;566;
28;18;1;2;174;
35;17;1;2;510;
32;18;1;2;27;
37;28;1;2;186;
18;13;1;2;534;
27;18;1;2;230;
31;26;1;2;163;
10;29;1;2;366;
36;15;1;2;314;
13;16;1;2;155;
24;22;1;2;1;
16;38;1;2;629;
32;25;1;2;131;
34;15;1;2;629;
25;29;1;2;222;
22;29;1;2;57;
19;15;1;2;578;
24;20;1;2;62;
29;33;1;2;264;
29;37;1;2;109;
19;36;1;2;595;
25;22;1;2;329;
15;11;1;2;428;
23;36;1;2;343;
18;21;1;2;116;
12;18;1;2;262;
10;21;1;2;450;
1;1;1;447
2;1;9;996
3;1;6;319
4;1;12;476
5;1;12;1209
6;1;10;602
7;1;1;363
8;1;6;354
9;1;4;212
10;1;9;1146
11;1;16;95
12;1;3;540
13;1;14;588
*** EOF ***