**** 19 ****
50
16;16;1;2;383;
19;14;1;2;404;
12;11;1;2;385;
10;12;1;2;30;
17;19;1;2;275;
15;16;1;2;165;
10;16;1;2;287;
16;13;1;2;203;
11;16;1;2;301;
10;17;1;2;247;
12;19;1;2;175;
18;10;1;2;191;
10;10;1;2;364;
11;12;1;2;207;
18;11;1;2;426;
19;17;1;2;129;
13;10;1;2;231;
14;20;1;2;255;
12;16;1;2;190;
19;13;1;2;30;
11;11;1;2;277;
17;16;1;2;208;
19;17;1;2;60;
12;16;1;2;261;
15;10;1;2;72;
12;13;1;2;299;
14;17;1;2;52;
18;11;1;2;284;
14;12;1;2;219;
18;10;1;2;369;
19;16;1;2;162;
19;17;1;2;252;
14;18;1;2;209;
17;18;1;2;295;
20;18;1;2;233;
10;10;1;2;266;
11;11;1;2;346;
12;13;1;2;410;
17;13;1;2;34;
20;17;1;2;191;
13;10;1;2;215;
10;13;1;2;378;
15;16;1;2;2;
14;17;1;2;208;
19;20;1;2;215;
16;10;1;2;399;
15;15;1;2;155;
16;18;1;2;182;
14;15;1;2;176;
13;15;1;2;54;
1;1;2;629
2;1;8;672
3;1;15;38
4;1;8;115
5;1;7;67
6;1;5;455
7;1;15;729
8;1;18;698
9;1;7;769
10;1;11;339
11;1;10;241
12;1;5;194
13;1;14;397
*** EOF ***