**** 14 ****
50
16;18;1;2;335;
16;13;1;2;4;
18;15;1;2;204;
12;16;1;2;18;
10;16;1;2;284;
16;22;1;2;312;
17;22;1;2;414;
22;19;1;2;418;
18;12;1;2;375;
16;19;1;2;190;
11;10;1;2;25;
11;18;1;2;339;
10;20;1;2;283;
22;13;1;2;134;
21;18;1;2;401;
13;11;1;2;298;
21;11;1;2;30;
14;22;1;2;266;
15;17;1;2;181;
14;15;1;2;350;
11;17;1;2;119;
21;11;1;2;106;
11;21;1;2;236;
13;19;1;2;424;
14;15;1;2;198;
14;11;1;2;83;
16;18;1;2;10;
17;17;1;2;96;
18;12;1;2;23;
15;12;1;2;400;
16;19;1;2;305;
20;14;1;2;228;
21;18;1;2;39;
11;13;1;2;122;
17;17;1;2;403;
16;19;1;2;294;
20;11;1;2;189;
20;17;1;2;325;
21;16;1;2;377;
13;18;1;2;308;
18;18;1;2;128;
20;22;1;2;308;
21;19;1;2;299;
16;13;1;2;273;
20;11;1;2;72;
10;19;1;2;84;
17;11;1;2;379;
15;12;1;2;137;
18;18;1;2;447;
12;16;1;2;130;
1;1;3;272
2;1;2;664
3;1;3;627
4;1;7;651
5;1;4;94
6;1;4;560
7;1;5;216
8;1;6;877
9;1;9;434
10;1;15;75
11;1;13;340
12;1;8;158
13;1;15;371
*** EOF ***