**** 0 ****
50
29;32;1;2;242;
20;36;1;2;355;
34;37;1;2;19;
14;11;1;2;181;
10;14;1;2;366;
31;18;1;2;27;
33;37;1;2;468;
33;18;1;2;225;
15;22;1;2;553;
31;32;1;2;482;
29;34;1;2;297;
10;34;1;2;398;
20;35;1;2;217;
17;25;1;2;265;
19;13;1;2;476;
15;19;1;2;614;
21;23;1;2;285;
21;34;1;2;206;
26;34;1;2;93;
34;21;1;2;76;
33;19;1;2;449;
32;20;1;2;554;
31;17;1;2;102;
34;11;1;2;477;
30;21;1;2;360;
24;33;1;2;170;
37;33;1;2;9;
25;32;1;2;208;
15;23;1;2;18;
10;15;1;2;328;
38;10;1;2;28;
16;14;1;2;542;
22;29;1;2;159;
34;37;1;2;363;
18;29;1;2;221;
23;28;1;2;258;
23;29;1;2;580;
36;13;1;2;567;
11;27;1;2;644;
10;12;1;2;510;
34;14;1;2;474;
18;26;1;2;2;
23;19;1;2;595;
11;28;1;2;45;
33;18;1;2;285;
24;37;1;2;270;
10;17;1;2;119;
22;24;1;2;9;
23;12;1;2;666;
24;31;1;2;134;
1;1;1;651
2;1;4;625
3;1;17;605
4;1;16;863
5;1;11;1022
6;1;13;495
7;1;17;742
8;1;19;1206
9;1;17;129
10;1;20;839
11;1;6;1282
12;1;14;294
13;1;1;1061
*** EOF ***