**** 16 ****
50
21;15;1;2;212;
10;11;1;2;249;
31;22;1;2;452;
14;29;1;2;385;
28;20;1;2;362;
12;26;1;2;474;
22;28;1;2;432;
10;11;1;2;458;
21;24;1;2;35;
14;23;1;2;30;
14;24;1;2;348;
10;20;1;2;150;
14;22;1;2;417;
28;31;1;2;322;
30;24;1;2;385;
17;26;1;2;31;
19;31;1;2;196;
11;23;1;2;164;
16;20;1;2;273;
23;18;1;2;335;
22;13;1;2;479;
18;25;1;2;373;
22;20;1;2;265;
22;17;1;2;538;
23;15;1;2;324;
14;20;1;2;202;
26;26;1;2;472;
25;28;1;2;230;
27;20;1;2;248;
19;10;1;2;523;
32;23;1;2;126;
20;21;1;2;302;
32;13;1;2;514;
10;23;1;2;365;
18;12;1;2;102;
29;17;1;2;494;
24;30;1;2;286;
22;22;1;2;584;
14;20;1;2;350;
29;25;1;2;576;
22;23;1;2;73;
19;11;1;2;394;
23;20;1;2;209;
26;20;1;2;464;
28;20;1;2;66;
10;10;1;2;306;
28;27;1;2;468;
28;25;1;2;406;
15;20;1;2;411;
26;11;1;2;497;
1;1;7;759
2;1;19;487
3;1;20;846
4;1;2;1067
5;1;16;688
6;1;6;239
7;1;18;547
8;1;7;255
9;1;3;974
10;1;4;673
11;1;14;828
12;1;7;624
13;1;16;416
*** EOF ***