**** 0 ****
50
19;16;1;2;337;
10;22;1;2;413;
11;14;1;2;379;
22;16;1;2;112;
15;20;1;2;310;
11;19;1;2;367;
19;13;1;2;364;
21;14;1;2;306;
14;16;1;2;251;
14;10;1;2;109;
18;21;1;2;327;
22;21;1;2;46;
17;18;1;2;145;
15;13;1;2;79;
10;14;1;2;110;
21;15;1;2;363;
21;10;1;2;164;
14;16;1;2;379;
11;21;1;2;61;
13;12;1;2;447;
21;13;1;2;389;
14;10;1;2;249;
13;15;1;2;186;
12;21;1;2;351;
18;22;1;2;372;
18;13;1;2;358;
19;11;1;2;369;
17;17;1;2;184;
12;10;1;2;353;
22;17;1;2;277;
22;11;1;2;66;
13;21;1;2;279;
22;16;1;2;3;
11;12;1;2;221;
21;12;1;2;421;
12;12;1;2;282;
19;13;1;2;443;
14;16;1;2;219;
15;16;1;2;362;
13;19;1;2;45;
15;19;1;2;200;
17;14;1;2;383;
10;14;1;2;259;
16;13;1;2;304;
16;16;1;2;44;
16;21;1;2;433;
21;20;1;2;88;
14;19;1;2;442;
11;14;1;2;279;
10;10;1;2;25;
1;1;15;578
2;1;19;464
3;1;3;546
4;1;7;79
5;1;1;641
6;1;11;529
7;1;18;722
8;1;12;372
9;1;1;94
10;1;18;651
11;1;14;185
12;1;10;298
13;1;1;205
*** EOF ***