**** 16 ****
50
15;14;1;2;274;
12;12;1;2;94;
15;15;1;2;299;
11;15;1;2;247;
15;15;1;2;282;
14;14;1;2;10;
11;14;1;2;168;
10;12;1;2;177;
13;14;1;2;13;
11;10;1;2;2;
11;15;1;2;375;
12;15;1;2;282;
10;11;1;2;26;
10;16;1;2;185;
14;11;1;2;20;
12;15;1;2;315;
16;11;1;2;300;
16;16;1;2;16;
13;11;1;2;315;
12;13;1;2;87;
16;13;1;2;230;
15;10;1;2;257;
12;14;1;2;315;
16;16;1;2;126;
16;16;1;2;205;
14;13;1;2;316;
16;11;1;2;21;
16;13;1;2;317;
16;13;1;2;252;
16;10;1;2;265;
10;10;1;2;14;
15;13;1;2;261;
16;12;1;2;278;
13;10;1;2;396;
14;11;1;2;153;
13;16;1;2;268;
10;14;1;2;160;
14;16;1;2;378;
10;11;1;2;290;
14;13;1;2;26;
13;12;1;2;74;
16;10;1;2;218;
13;15;1;2;69;
14;11;1;2;175;
14;15;1;2;75;
11;10;1;2;191;
15;15;1;2;26;
12;15;1;2;140;
13;11;1;2;217;
12;15;1;2;307;
1;1;15;542
2;1;15;752
3;1;3;590
4;1;8;503
5;1;17;768
6;1;16;209
7;1;13;643
8;1;7;13
9;1;19;134
10;1;8;632
11;1;17;375
12;1;3;265
13;1;14;483
*** EOF ***