**** 19 ****
50
10;11;1;2;289;
11;10;1;2;140;
11;11;1;2;233;
10;11;1;2;159;
12;12;1;2;142;
11;11;1;2;34;
12;12;1;2;221;
10;12;1;2;164;
10;11;1;2;282;
12;10;1;2;24;
12;10;1;2;151;
12;12;1;2;116;
10;12;1;2;211;
12;11;1;2;123;
11;11;1;2;122;
12;11;1;2;152;
12;11;1;2;296;
10;10;1;2;205;
11;12;1;2;297;
10;12;1;2;13;
12;12;1;2;315;
11;12;1;2;173;
10;10;1;2;143;
12;11;1;2;58;
10;10;1;2;217;
10;12;1;2;287;
10;11;1;2;240;
10;12;1;2;134;
11;10;1;2;226;
10;10;1;2;300;
10;11;1;2;148;
11;12;1;2;285;
11;11;1;2;122;
10;10;1;2;246;
10;12;1;2;259;
12;11;1;2;297;
11;12;1;2;303;
10;11;1;2;204;
11;10;1;2;24;
11;12;1;2;168;
10;10;1;2;211;
10;12;1;2;48;
12;10;1;2;125;
12;12;1;2;104;
11;12;1;2;9;
11;10;1;2;146;
12;11;1;2;160;
10;10;1;2;106;
10;10;1;2;29;
12;11;1;2;170;
1;1;2;604
2;1;3;626
3;1;8;613
4;1;10;494
5;1;1;203
6;1;6;21
7;1;6;149
8;1;8;221
9;1;12;509
10;1;1;193
11;1;10;28
12;1;20;307
13;1;9;261
*** EOF ***