**** 12 ****
50
19;11;1;2;263;
17;11;1;2;146;
17;20;1;2;202;
17;15;1;2;439;
11;19;1;2;249;
17;16;1;2;223;
18;15;1;2;329;
20;11;1;2;17;
16;13;1;2;463;
10;16;1;2;79;
17;14;1;2;462;
16;15;1;2;290;
20;19;1;2;128;
19;15;1;2;43;
20;14;1;2;355;
14;19;1;2;17;
16;13;1;2;129;
15;10;1;2;8;
15;16;1;2;284;
14;12;1;2;205;
10;19;1;2;260;
19;16;1;2;215;
15;17;1;2;132;
17;16;1;2;195;
13;18;1;2;193;
13;16;1;2;299;
15;11;1;2;420;
14;13;1;2;6;
16;19;1;2;366;
20;19;1;2;122;
15;10;1;2;402;
13;11;1;2;441;
15;20;1;2;364;
10;14;1;2;23;
20;13;1;2;270;
10;15;1;2;294;
18;12;1;2;352;
20;16;1;2;441;
20;19;1;2;94;
16;17;1;2;73;
19;20;1;2;272;
10;20;1;2;203;
15;10;1;2;421;
16;14;1;2;206;
19;13;1;2;274;
14;19;1;2;10;
11;10;1;2;385;
19;19;1;2;369;
13;19;1;2;278;
19;19;1;2;329;
1;1;17;861
2;1;17;842
3;1;11;226
4;1;15;694
5;1;12;784
6;1;3;915
7;1;9;19
8;1;14;397
9;1;6;650
10;1;13;739
11;1;10;137
12;1;11;825
13;1;15;45
*** EOF ***