**** 0 ****
50
27;28;1;2;44;
25;16;1;2;24;
28;25;1;2;479;
14;11;1;2;360;
20;28;1;2;162;
18;17;1;2;96;
17;20;1;2;169;
27;21;1;2;187;
13;21;1;2;368;
24;11;1;2;5;
17;16;1;2;137;
24;16;1;2;186;
19;13;1;2;485;
15;17;1;2;522;
16;11;1;2;394;
23;26;1;2;212;
24;22;1;2;178;
27;10;1;2;94;
24;18;1;2;573;
20;21;1;2;10;
27;11;1;2;15;
18;22;1;2;144;
15;12;1;2;192;
23;27;1;2;78;
19;14;1;2;548;
18;22;1;2;375;
21;17;1;2;347;
20;12;1;2;33;
13;15;1;2;566;
26;14;1;2;373;
19;18;1;2;533;
25;14;1;2;386;
15;26;1;2;74;
10;18;1;2;453;
14;17;1;2;86;
23;16;1;2;487;
25;24;1;2;337;
28;23;1;2;415;
17;10;1;2;312;
25;10;1;2;273;
22;26;1;2;28;
14;23;1;2;471;
12;20;1;2;265;
28;14;1;2;464;
23;23;1;2;44;
11;20;1;2;153;
15;28;1;2;379;
18;21;1;2;120;
26;10;1;2;278;
17;18;1;2;211;
1;1;16;808
2;1;5;349
3;1;2;479
4;1;11;937
5;1;3;930
6;1;3;431
7;1;14;1065
8;1;16;545
9;1;18;79
10;1;20;130
11;1;17;1101
12;1;12;914
13;1;5;381
*** EOF ***