**** 15 ****
50
11;11;1;2;42;
12;11;1;2;190;
12;11;1;2;188;
12;10;1;2;19;
11;10;1;2;302;
10;10;1;2;207;
12;10;1;2;319;
10;12;1;2;259;
10;11;1;2;183;
11;12;1;2;60;
10;12;1;2;202;
10;12;1;2;301;
12;10;1;2;69;
12;11;1;2;57;
11;11;1;2;39;
12;11;1;2;13;
12;10;1;2;269;
11;11;1;2;187;
11;10;1;2;130;
11;11;1;2;138;
11;11;1;2;242;
11;12;1;2;45;
12;12;1;2;98;
12;11;1;2;27;
11;11;1;2;242;
10;11;1;2;97;
12;10;1;2;187;
11;12;1;2;325;
11;12;1;2;205;
10;11;1;2;216;
11;12;1;2;306;
10;11;1;2;140;
12;10;1;2;201;
12;12;1;2;248;
11;11;1;2;101;
12;10;1;2;292;
11;10;1;2;129;
11;10;1;2;288;
12;11;1;2;17;
12;11;1;2;210;
11;11;1;2;242;
10;10;1;2;271;
11;10;1;2;224;
11;12;1;2;49;
10;10;1;2;119;
11;12;1;2;255;
10;11;1;2;154;
11;12;1;2;215;
10;12;1;2;108;
12;11;1;2;153;
1;1;4;390
2;1;8;122
3;1;11;22
4;1;20;519
5;1;4;621
6;1;17;169
7;1;4;411
8;1;4;367
9;1;12;342
10;1;4;214
11;1;6;570
12;1;8;662
13;1;17;580
*** EOF ***