**** 13 ****
50
10;14;1;2;231;
13;11;1;2;293;
14;11;1;2;119;
12;14;1;2;205;
12;12;1;2;259;
14;12;1;2;125;
13;12;1;2;13;
12;12;1;2;197;
13;13;1;2;240;
14;12;1;2;262;
11;13;1;2;262;
10;13;1;2;89;
14;13;1;2;26;
12;10;1;2;320;
14;10;1;2;44;
10;11;1;2;55;
14;10;1;2;290;
14;12;1;2;139;
12;13;1;2;86;
10;10;1;2;54;
12;12;1;2;341;
11;14;1;2;45;
13;12;1;2;197;
14;14;1;2;158;
11;12;1;2;33;
11;14;1;2;23;
12;11;1;2;248;
10;14;1;2;88;
13;10;1;2;131;
11;12;1;2;184;
13;10;1;2;140;
12;10;1;2;177;
11;10;1;2;241;
13;13;1;2;225;
11;11;1;2;35;
12;10;1;2;334;
14;10;1;2;30;
12;11;1;2;221;
11;12;1;2;63;
11;10;1;2;311;
10;13;1;2;231;
11;10;1;2;320;
10;14;1;2;99;
11;14;1;2;270;
13;13;1;2;254;
13;12;1;2;111;
12;14;1;2;354;
12;10;1;2;170;
14;11;1;2;232;
11;10;1;2;144;
1;1;1;508
2;1;9;72
3;1;1;387
4;1;1;458
5;1;19;83
6;1;7;446
7;1;20;605
8;1;3;26
9;1;16;529
10;1;14;118
11;1;3;373
12;1;19;283
13;1;11;308
*** EOF ***