**** 13 ****
50
13;20;1;2;197;
19;22;1;2;174;
10;19;1;2;17;
16;13;1;2;55;
20;21;1;2;174;
19;17;1;2;260;
19;21;1;2;354;
10;19;1;2;151;
19;17;1;2;382;
21;12;1;2;420;
22;17;1;2;196;
11;19;1;2;224;
16;16;1;2;150;
10;18;1;2;216;
12;11;1;2;207;
18;19;1;2;419;
22;13;1;2;410;
19;18;1;2;348;
13;15;1;2;27;
14;13;1;2;283;
11;13;1;2;218;
11;18;1;2;165;
18;20;1;2;182;
12;15;1;2;341;
17;16;1;2;2;
22;19;1;2;84;
21;19;1;2;314;
17;20;1;2;116;
12;17;1;2;414;
10;11;1;2;384;
13;14;1;2;285;
13;15;1;2;341;
22;18;1;2;119;
22;16;1;2;471;
20;22;1;2;396;
20;17;1;2;187;
17;18;1;2;239;
12;14;1;2;473;
21;21;1;2;223;
12;18;1;2;23;
11;19;1;2;204;
11;20;1;2;127;
22;20;1;2;423;
20;17;1;2;139;
10;19;1;2;363;
16;10;1;2;196;
21;12;1;2;133;
10;15;1;2;61;
15;11;1;2;297;
20;10;1;2;86;
1;1;15;37
2;1;20;338
3;1;18;505
4;1;5;25
5;1;7;112
6;1;5;602
7;1;10;436
8;1;14;390
9;1;16;580
10;1;14;302
11;1;10;463
12;1;13;272
13;1;8;484
*** EOF ***