**** 3 ****
50
11;12;1;2;336;
10;10;1;2;62;
10;11;1;2;261;
13;11;1;2;23;
11;12;1;2;349;
14;10;1;2;28;
13;14;1;2;45;
10;14;1;2;115;
14;10;1;2;184;
13;11;1;2;295;
12;13;1;2;267;
12;10;1;2;67;
14;11;1;2;220;
12;14;1;2;301;
11;14;1;2;13;
14;12;1;2;5;
13;12;1;2;101;
13;12;1;2;44;
12;12;1;2;183;
10;11;1;2;191;
12;11;1;2;73;
11;11;1;2;145;
14;13;1;2;111;
14;14;1;2;242;
13;11;1;2;255;
14;14;1;2;367;
14;13;1;2;150;
14;11;1;2;127;
10;11;1;2;133;
14;12;1;2;18;
14;13;1;2;119;
11;11;1;2;261;
13;14;1;2;117;
10;14;1;2;354;
11;14;1;2;274;
12;11;1;2;203;
11;14;1;2;298;
10;11;1;2;41;
14;14;1;2;103;
14;14;1;2;302;
10;11;1;2;308;
12;11;1;2;269;
13;10;1;2;44;
10;12;1;2;180;
14;13;1;2;182;
14;12;1;2;159;
12;13;1;2;129;
14;11;1;2;47;
11;12;1;2;341;
12;10;1;2;300;
1;1;6;288
2;1;9;616
3;1;20;486
4;1;15;642
5;1;12;562
6;1;18;95
7;1;8;213
8;1;1;661
9;1;6;540
10;1;13;78
11;1;15;179
12;1;2;524
13;1;4;154
*** EOF ***