**** 1 ****
50
25;29;1;2;297;
15;22;1;2;222;
24;12;1;2;204;
30;29;1;2;230;
15;18;1;2;334;
13;30;1;2;179;
28;17;1;2;435;
11;20;1;2;318;
13;16;1;2;501;
11;21;1;2;373;
19;18;1;2;46;
21;18;1;2;134;
22;31;1;2;432;
11;19;1;2;95;
29;33;1;2;82;
33;17;1;2;225;
33;18;1;2;346;
26;18;1;2;136;
17;23;1;2;511;
31;19;1;2;361;
15;12;1;2;449;
21;11;1;2;332;
18;25;1;2;119;
13;14;1;2;216;
25;19;1;2;79;
11;27;1;2;63;
31;16;1;2;82;
19;24;1;2;307;
13;21;1;2;30;
33;29;1;2;26;
20;25;1;2;148;
32;16;1;2;454;
27;11;1;2;386;
16;21;1;2;248;
22;12;1;2;367;
30;15;1;2;81;
20;23;1;2;479;
14;12;1;2;160;
12;31;1;2;573;
27;18;1;2;243;
29;30;1;2;88;
16;20;1;2;220;
28;32;1;2;571;
13;29;1;2;192;
21;14;1;2;230;
23;20;1;2;261;
10;29;1;2;51;
27;29;1;2;211;
19;33;1;2;506;
28;14;1;2;531;
1;1;15;933
2;1;17;659
3;1;3;1132
4;1;6;199
5;1;5;759
6;1;18;1070
7;1;3;536
8;1;20;108
9;1;17;513
10;1;7;292
11;1;8;1051
12;1;1;825
13;1;1;754
*** EOF ***