**** 12 ****
50
22;15;1;2;150;
26;16;1;2;239;
13;20;1;2;515;
17;14;1;2;376;
19;13;1;2;472;
21;14;1;2;64;
24;10;1;2;416;
20;25;1;2;336;
10;18;1;2;448;
23;20;1;2;199;
10;27;1;2;385;
13;15;1;2;517;
28;24;1;2;354;
26;20;1;2;5;
24;18;1;2;30;
10;20;1;2;527;
13;23;1;2;322;
28;21;1;2;85;
12;19;1;2;325;
16;24;1;2;432;
27;22;1;2;45;
14;26;1;2;433;
11;18;1;2;519;
14;14;1;2;409;
16;25;1;2;115;
27;18;1;2;130;
27;27;1;2;49;
18;27;1;2;472;
16;14;1;2;502;
20;28;1;2;532;
24;23;1;2;162;
19;11;1;2;433;
27;19;1;2;510;
23;21;1;2;308;
27;13;1;2;243;
11;12;1;2;367;
19;19;1;2;158;
19;21;1;2;21;
26;20;1;2;507;
13;21;1;2;245;
16;15;1;2;211;
15;11;1;2;241;
28;18;1;2;521;
25;27;1;2;16;
12;22;1;2;252;
13;28;1;2;269;
14;11;1;2;54;
22;12;1;2;492;
20;19;1;2;302;
13;21;1;2;157;
1;1;20;601
2;1;10;590
3;1;12;1068
4;1;3;585
5;1;15;830
6;1;4;725
7;1;6;10
8;1;3;1022
9;1;14;343
10;1;15;563
11;1;15;27
12;1;6;51
13;1;3;417
*** EOF ***