**** 7 ****
50
11;15;1;2;512;
24;10;1;2;514;
17;15;1;2;345;
23;24;1;2;128;
23;26;1;2;372;
22;18;1;2;120;
18;21;1;2;273;
26;15;1;2;155;
17;25;1;2;116;
11;25;1;2;381;
16;23;1;2;91;
12;13;1;2;243;
13;22;1;2;122;
26;17;1;2;434;
10;27;1;2;415;
19;13;1;2;400;
10;16;1;2;516;
23;18;1;2;24;
28;13;1;2;155;
14;13;1;2;546;
21;19;1;2;281;
28;18;1;2;143;
24;17;1;2;36;
13;10;1;2;539;
10;23;1;2;77;
17;25;1;2;185;
22;14;1;2;488;
21;18;1;2;545;
24;26;1;2;280;
27;11;1;2;249;
26;24;1;2;98;
16;24;1;2;32;
21;16;1;2;480;
21;19;1;2;284;
10;26;1;2;124;
12;22;1;2;474;
22;13;1;2;332;
18;23;1;2;21;
28;16;1;2;308;
21;28;1;2;397;
10;26;1;2;110;
19;28;1;2;439;
22;28;1;2;238;
21;21;1;2;207;
25;24;1;2;87;
17;28;1;2;236;
22;17;1;2;246;
23;12;1;2;89;
15;19;1;2;528;
20;24;1;2;209;
1;1;1;695
2;1;1;303
3;1;19;1094
4;1;18;813
5;1;16;319
6;1;9;649
7;1;20;851
8;1;8;352
9;1;20;43
10;1;3;1080
11;1;15;519
12;1;10;280
13;1;5;182
*** EOF ***