**** 9 ****
50
16;13;1;2;141;
13;14;1;2;346;
10;13;1;2;368;
12;15;1;2;190;
11;11;1;2;126;
10;14;1;2;133;
14;16;1;2;271;
16;11;1;2;374;
12;14;1;2;149;
13;13;1;2;12;
11;10;1;2;358;
13;12;1;2;189;
11;12;1;2;300;
11;12;1;2;142;
15;11;1;2;111;
14;11;1;2;128;
11;10;1;2;142;
10;15;1;2;29;
15;14;1;2;273;
16;12;1;2;309;
13;11;1;2;135;
14;13;1;2;175;
16;12;1;2;357;
10;12;1;2;137;
14;12;1;2;348;
10;12;1;2;188;
10;12;1;2;256;
13;13;1;2;36;
10;12;1;2;95;
15;11;1;2;263;
10;11;1;2;142;
13;11;1;2;217;
10;12;1;2;30;
14;12;1;2;113;
12;15;1;2;127;
14;11;1;2;301;
13;15;1;2;253;
13;10;1;2;2;
14;14;1;2;281;
10;13;1;2;299;
10;12;1;2;206;
13;10;1;2;67;
16;12;1;2;166;
13;12;1;2;50;
16;14;1;2;168;
11;10;1;2;147;
14;16;1;2;181;
14;12;1;2;281;
15;16;1;2;205;
13;15;1;2;242;
1;1;8;604
2;1;16;144
3;1;15;284
4;1;10;214
5;1;8;301
6;1;2;744
7;1;16;74
8;1;3;475
9;1;2;206
10;1;7;428
11;1;6;669
12;1;16;352
13;1;11;548
*** EOF ***