**** 9 ****
50
18;10;1;2;234;
11;13;1;2;396;
13;13;1;2;230;
17;18;1;2;287;
11;15;1;2;148;
16;16;1;2;16;
11;12;1;2;307;
20;18;1;2;407;
13;14;1;2;98;
11;11;1;2;138;
17;19;1;2;59;
16;12;1;2;210;
11;12;1;2;171;
15;16;1;2;406;
16;14;1;2;310;
10;19;1;2;360;
17;10;1;2;354;
17;12;1;2;258;
13;11;1;2;40;
10;14;1;2;299;
10;13;1;2;387;
12;16;1;2;316;
10;15;1;2;327;
18;19;1;2;82;
18;16;1;2;247;
16;10;1;2;38;
20;14;1;2;215;
20;20;1;2;121;
15;20;1;2;201;
14;10;1;2;397;
10;18;1;2;367;
18;11;1;2;203;
13;20;1;2;239;
14;13;1;2;383;
19;19;1;2;233;
10;19;1;2;141;
10;11;1;2;387;
12;18;1;2;162;
13;16;1;2;377;
16;20;1;2;56;
13;15;1;2;46;
12;10;1;2;4;
13;11;1;2;243;
10;10;1;2;288;
10;17;1;2;300;
19;15;1;2;264;
19;12;1;2;112;
18;15;1;2;280;
16;15;1;2;124;
10;13;1;2;210;
1;1;7;122
2;1;12;532
3;1;7;650
4;1;16;274
5;1;15;678
6;1;3;460
7;1;15;383
8;1;5;555
9;1;1;212
10;1;15;566
11;1;9;197
12;1;7;110
13;1;1;520
*** EOF ***