**** 15 ****
50
32;32;1;2;37;
33;18;1;2;123;
10;13;1;2;474;
16;30;1;2;409;
34;32;1;2;430;
19;17;1;2;392;
10;22;1;2;372;
18;26;1;2;240;
22;11;1;2;122;
13;14;1;2;349;
28;11;1;2;33;
34;33;1;2;270;
13;10;1;2;177;
19;12;1;2;194;
11;33;1;2;166;
27;33;1;2;551;
19;21;1;2;292;
19;30;1;2;440;
16;12;1;2;392;
10;29;1;2;140;
12;33;1;2;450;
26;10;1;2;449;
13;17;1;2;378;
29;30;1;2;146;
10;11;1;2;45;
25;34;1;2;368;
26;29;1;2;121;
17;12;1;2;77;
12;16;1;2;312;
17;23;1;2;544;
21;13;1;2;404;
11;20;1;2;199;
25;32;1;2;56;
34;26;1;2;168;
32;25;1;2;356;
21;34;1;2;30;
11;19;1;2;18;
18;19;1;2;306;
26;14;1;2;400;
12;32;1;2;222;
27;26;1;2;536;
14;33;1;2;113;
16;12;1;2;190;
24;17;1;2;47;
13;17;1;2;20;
20;29;1;2;484;
25;33;1;2;415;
15;27;1;2;412;
18;29;1;2;304;
29;23;1;2;6;
1;1;7;389
2;1;4;668
3;1;2;609
4;1;1;1100
5;1;10;771
6;1;3;918
7;1;19;222
8;1;1;703
9;1;5;417
10;1;20;678
11;1;6;1040
12;1;9;1085
13;1;15;571
*** EOF ***