**** 12 ****
50
14;36;1;2;107;
15;16;1;2;21;
34;29;1;2;2;
18;25;1;2;433;
24;19;1;2;70;
33;35;1;2;45;
30;31;1;2;311;
17;11;1;2;295;
20;29;1;2;292;
28;21;1;2;473;
29;22;1;2;598;
21;32;1;2;57;
35;21;1;2;326;
24;12;1;2;576;
13;14;1;2;439;
11;18;1;2;140;
33;16;1;2;617;
30;17;1;2;254;
24;10;1;2;118;
25;21;1;2;444;
20;11;1;2;550;
19;20;1;2;128;
20;36;1;2;29;
14;17;1;2;42;
29;29;1;2;492;
29;24;1;2;235;
30;29;1;2;238;
12;16;1;2;389;
26;17;1;2;41;
18;34;1;2;462;
27;14;1;2;344;
30;14;1;2;13;
33;21;1;2;56;
15;21;1;2;247;
12;15;1;2;469;
35;18;1;2;75;
31;15;1;2;103;
18;35;1;2;463;
12;26;1;2;325;
31;27;1;2;112;
11;26;1;2;610;
36;11;1;2;421;
11;31;1;2;294;
20;14;1;2;413;
22;32;1;2;102;
11;35;1;2;94;
19;25;1;2;3;
23;15;1;2;180;
34;28;1;2;133;
15;24;1;2;228;
1;1;2;527
2;1;2;403
3;1;3;1160
4;1;14;1241
5;1;3;248
6;1;6;940
7;1;19;93
8;1;10;63
9;1;5;261
10;1;5;671
11;1;20;162
12;1;1;911
13;1;16;718
*** EOF ***