**** 9 ****
50
25;16;1;2;12;
20;11;1;2;120;
24;11;1;2;30;
18;21;1;2;20;
26;24;1;2;200;
10;20;1;2;343;
12;27;1;2;393;
21;11;1;2;147;
10;10;1;2;161;
28;19;1;2;305;
21;17;1;2;91;
19;15;1;2;199;
18;26;1;2;525;
22;26;1;2;440;
12;15;1;2;107;
14;12;1;2;416;
20;16;1;2;333;
10;23;1;2;186;
12;14;1;2;310;
23;13;1;2;190;
22;22;1;2;319;
24;25;1;2;181;
12;11;1;2;454;
19;10;1;2;204;
15;13;1;2;160;
11;20;1;2;162;
26;19;1;2;335;
22;25;1;2;92;
27;25;1;2;526;
25;27;1;2;107;
23;20;1;2;4;
27;21;1;2;181;
19;26;1;2;438;
19;27;1;2;510;
25;21;1;2;254;
11;14;1;2;191;
24;17;1;2;465;
14;14;1;2;334;
23;20;1;2;110;
26;15;1;2;224;
11;13;1;2;177;
24;22;1;2;515;
11;24;1;2;355;
12;23;1;2;491;
27;25;1;2;352;
27;21;1;2;158;
10;24;1;2;340;
14;23;1;2;188;
28;28;1;2;10;
15;22;1;2;311;
1;1;7;87
2;1;1;361
3;1;7;60
4;1;6;163
5;1;9;104
6;1;14;564
7;1;6;893
8;1;5;628
9;1;6;1054
10;1;10;27
11;1;4;130
12;1;9;488
13;1;14;961
*** EOF ***