**** 3 ****
50
10;16;1;2;299;
10;14;1;2;320;
11;10;1;2;165;
13;13;1;2;155;
11;16;1;2;134;
10;10;1;2;321;
12;16;1;2;120;
15;16;1;2;112;
13;10;1;2;373;
13;12;1;2;28;
10;16;1;2;91;
12;13;1;2;40;
15;10;1;2;178;
11;12;1;2;340;
13;12;1;2;205;
12;16;1;2;57;
13;11;1;2;196;
10;16;1;2;282;
13;12;1;2;128;
12;13;1;2;226;
11;12;1;2;346;
12;15;1;2;325;
12;11;1;2;276;
13;16;1;2;338;
11;16;1;2;284;
11;16;1;2;209;
13;10;1;2;60;
16;13;1;2;63;
13;13;1;2;135;
13;14;1;2;199;
14;13;1;2;344;
13;11;1;2;148;
15;13;1;2;372;
13;13;1;2;32;
11;11;1;2;225;
11;16;1;2;363;
11;13;1;2;245;
14;14;1;2;355;
10;12;1;2;259;
15;15;1;2;248;
11;14;1;2;324;
16;16;1;2;300;
12;14;1;2;181;
15;11;1;2;56;
14;13;1;2;88;
16;10;1;2;18;
16;16;1;2;61;
15;16;1;2;42;
10;14;1;2;331;
16;12;1;2;213;
1;1;20;37
2;1;17;386
3;1;16;351
4;1;16;543
5;1;8;284
6;1;20;652
7;1;7;497
8;1;5;706
9;1;4;415
10;1;1;64
11;1;5;600
12;1;4;205
13;1;18;227
*** EOF ***