**** 9 ****
50
18;17;1;2;216;
20;21;1;2;42;
28;14;1;2;399;
19;25;1;2;69;
25;25;1;2;243;
11;25;1;2;111;
15;18;1;2;274;
17;15;1;2;347;
24;24;1;2;75;
30;24;1;2;537;
10;20;1;2;207;
28;24;1;2;199;
18;15;1;2;8;
23;12;1;2;49;
28;16;1;2;79;
25;26;1;2;49;
15;27;1;2;329;
16;19;1;2;369;
22;28;1;2;256;
17;20;1;2;123;
29;11;1;2;85;
22;21;1;2;469;
11;17;1;2;388;
13;29;1;2;492;
24;14;1;2;316;
13;29;1;2;487;
25;24;1;2;376;
19;24;1;2;207;
30;16;1;2;273;
26;14;1;2;270;
25;22;1;2;363;
25;21;1;2;545;
23;23;1;2;62;
10;16;1;2;444;
19;15;1;2;125;
13;10;1;2;470;
23;29;1;2;264;
22;10;1;2;349;
30;18;1;2;76;
18;15;1;2;310;
14;14;1;2;310;
13;18;1;2;334;
11;11;1;2;337;
29;19;1;2;210;
11;24;1;2;13;
29;23;1;2;330;
26;11;1;2;322;
27;20;1;2;135;
25;23;1;2;511;
11;23;1;2;203;
1;1;1;102
2;1;1;902
3;1;1;508
4;1;7;426
5;1;16;968
6;1;17;649
7;1;8;987
8;1;2;1081
9;1;16;927
10;1;11;836
11;1;2;1076
12;1;11;83
13;1;2;633
*** EOF ***