**** 14 ****
50
19;30;1;2;30;
28;27;1;2;371;
33;12;1;2;66;
32;31;1;2;248;
34;30;1;2;444;
10;10;1;2;67;
30;16;1;2;441;
12;27;1;2;536;
34;25;1;2;502;
18;29;1;2;445;
20;23;1;2;75;
32;13;1;2;401;
24;27;1;2;214;
18;16;1;2;75;
17;22;1;2;29;
11;32;1;2;286;
24;10;1;2;303;
14;23;1;2;406;
33;31;1;2;585;
20;14;1;2;407;
15;10;1;2;258;
15;26;1;2;246;
24;13;1;2;387;
22;28;1;2;568;
20;30;1;2;406;
31;29;1;2;155;
23;17;1;2;30;
33;21;1;2;58;
30;24;1;2;214;
16;32;1;2;258;
18;24;1;2;347;
33;14;1;2;236;
25;26;1;2;347;
23;31;1;2;174;
25;33;1;2;45;
25;20;1;2;486;
23;19;1;2;263;
18;11;1;2;479;
18;21;1;2;437;
14;20;1;2;135;
24;29;1;2;203;
30;22;1;2;330;
12;16;1;2;107;
11;31;1;2;562;
11;14;1;2;458;
13;18;1;2;98;
32;33;1;2;243;
23;30;1;2;179;
31;33;1;2;275;
13;22;1;2;468;
1;1;1;248
2;1;17;208
3;1;11;342
4;1;8;894
5;1;17;1107
6;1;8;544
7;1;16;1053
8;1;20;852
9;1;18;478
10;1;8;300
11;1;2;283
12;1;6;579
13;1;11;141
*** EOF ***