**** 1 ****
50
11;14;1;2;210;
16;15;1;2;118;
12;16;1;2;324;
10;14;1;2;64;
16;13;1;2;83;
14;12;1;2;142;
14;16;1;2;178;
16;15;1;2;183;
11;15;1;2;236;
10;11;1;2;33;
10;13;1;2;253;
11;10;1;2;34;
16;16;1;2;217;
16;12;1;2;14;
11;10;1;2;360;
15;11;1;2;289;
12;15;1;2;152;
14;14;1;2;218;
15;12;1;2;211;
10;11;1;2;214;
10;15;1;2;252;
12;13;1;2;47;
13;11;1;2;139;
11;10;1;2;10;
10;11;1;2;95;
12;14;1;2;161;
13;10;1;2;14;
15;13;1;2;6;
16;11;1;2;96;
13;12;1;2;101;
13;12;1;2;7;
11;15;1;2;47;
11;14;1;2;193;
14;15;1;2;1;
10;10;1;2;214;
15;13;1;2;319;
12;13;1;2;340;
12;10;1;2;67;
15;10;1;2;295;
10;16;1;2;41;
10;16;1;2;29;
14;14;1;2;155;
10;13;1;2;38;
10;15;1;2;85;
10;14;1;2;99;
11;16;1;2;156;
13;10;1;2;252;
13;10;1;2;362;
14;11;1;2;215;
14;13;1;2;74;
1;1;6;330
2;1;16;498
3;1;9;721
4;1;7;479
5;1;2;12
6;1;1;433
7;1;8;400
8;1;3;194
9;1;14;136
10;1;14;164
11;1;8;345
12;1;2;248
13;1;12;119
*** EOF ***