**** 13 ****
50
13;19;1;2;343;
18;19;1;2;397;
13;14;1;2;353;
13;10;1;2;270;
17;17;1;2;409;
18;17;1;2;81;
11;19;1;2;209;
12;19;1;2;406;
10;10;1;2;216;
19;16;1;2;246;
12;12;1;2;285;
20;15;1;2;178;
10;17;1;2;190;
13;15;1;2;56;
16;12;1;2;386;
20;19;1;2;407;
19;13;1;2;342;
13;17;1;2;116;
19;19;1;2;320;
13;16;1;2;378;
18;17;1;2;266;
13;10;1;2;47;
19;17;1;2;149;
14;17;1;2;275;
14;19;1;2;323;
12;18;1;2;124;
13;20;1;2;421;
18;16;1;2;201;
17;14;1;2;279;
13;19;1;2;376;
15;12;1;2;388;
16;19;1;2;116;
11;17;1;2;25;
11;20;1;2;143;
17;19;1;2;249;
13;16;1;2;184;
18;15;1;2;229;
20;17;1;2;395;
10;17;1;2;319;
10;12;1;2;142;
16;16;1;2;28;
16;17;1;2;143;
11;12;1;2;176;
19;12;1;2;253;
17;13;1;2;173;
15;15;1;2;363;
14;16;1;2;276;
15;14;1;2;56;
16;13;1;2;306;
14;19;1;2;397;
1;1;20;218
2;1;1;349
3;1;5;663
4;1;4;821
5;1;19;683
6;1;8;61
7;1;19;28
8;1;5;332
9;1;5;595
10;1;16;144
11;1;6;844
12;1;13;389
13;1;18;427
*** EOF ***