**** 15 ****
50
31;21;1;2;277;
24;19;1;2;124;
28;30;1;2;417;
25;26;1;2;621;
21;32;1;2;128;
10;21;1;2;265;
15;12;1;2;495;
20;12;1;2;28;
30;24;1;2;373;
10;15;1;2;96;
27;19;1;2;601;
18;24;1;2;95;
19;31;1;2;283;
25;26;1;2;357;
14;25;1;2;437;
29;30;1;2;239;
18;27;1;2;602;
27;24;1;2;391;
21;25;1;2;448;
32;19;1;2;462;
30;29;1;2;532;
22;14;1;2;254;
32;16;1;2;582;
31;28;1;2;181;
16;30;1;2;367;
26;17;1;2;341;
17;14;1;2;126;
18;10;1;2;286;
23;24;1;2;475;
19;25;1;2;493;
14;28;1;2;34;
31;17;1;2;130;
29;12;1;2;422;
11;24;1;2;401;
15;30;1;2;573;
25;18;1;2;75;
14;25;1;2;263;
19;25;1;2;565;
25;22;1;2;610;
23;20;1;2;343;
14;19;1;2;69;
31;10;1;2;504;
12;26;1;2;351;
24;17;1;2;465;
28;17;1;2;43;
26;28;1;2;79;
22;21;1;2;486;
32;10;1;2;163;
31;24;1;2;534;
19;20;1;2;391;
1;1;3;741
2;1;18;527
3;1;4;1152
4;1;3;1022
5;1;15;815
6;1;19;1041
7;1;8;957
8;1;20;636
9;1;1;663
10;1;9;60
11;1;12;972
12;1;16;1163
13;1;13;355
*** EOF ***