**** 13 ****
50
10;22;1;2;224;
28;14;1;2;88;
18;22;1;2;499;
22;25;1;2;275;
11;24;1;2;522;
19;23;1;2;158;
10;23;1;2;391;
19;16;1;2;301;
13;19;1;2;138;
26;18;1;2;437;
28;17;1;2;61;
18;14;1;2;265;
14;13;1;2;347;
27;26;1;2;303;
19;18;1;2;435;
11;20;1;2;222;
22;26;1;2;293;
23;23;1;2;474;
12;11;1;2;397;
25;12;1;2;539;
15;10;1;2;184;
15;12;1;2;472;
27;26;1;2;47;
18;13;1;2;259;
11;25;1;2;301;
18;21;1;2;153;
25;10;1;2;337;
27;27;1;2;464;
23;16;1;2;340;
23;17;1;2;85;
26;11;1;2;295;
18;12;1;2;474;
10;14;1;2;375;
17;20;1;2;444;
18;22;1;2;345;
18;15;1;2;137;
23;27;1;2;526;
17;20;1;2;526;
22;12;1;2;506;
28;16;1;2;302;
17;20;1;2;364;
20;18;1;2;185;
17;12;1;2;381;
10;26;1;2;417;
27;12;1;2;539;
19;21;1;2;165;
23;17;1;2;371;
21;19;1;2;19;
17;26;1;2;372;
10;10;1;2;95;
1;1;2;617
2;1;17;814
3;1;6;528
4;1;2;493
5;1;15;728
6;1;7;161
7;1;17;424
8;1;14;328
9;1;15;849
10;1;6;27
11;1;13;999
12;1;13;977
13;1;10;557
*** EOF ***