**** 3 ****
50
14;25;1;2;130;
26;25;1;2;181;
34;19;1;2;223;
35;10;1;2;380;
10;32;1;2;523;
32;35;1;2;115;
35;15;1;2;20;
15;33;1;2;428;
30;13;1;2;34;
21;24;1;2;222;
26;38;1;2;208;
32;29;1;2;229;
10;24;1;2;347;
21;36;1;2;302;
17;38;1;2;592;
32;31;1;2;465;
10;32;1;2;459;
23;37;1;2;579;
27;12;1;2;448;
15;38;1;2;69;
20;28;1;2;540;
16;19;1;2;205;
30;23;1;2;308;
22;18;1;2;475;
15;14;1;2;437;
33;23;1;2;307;
26;11;1;2;336;
23;31;1;2;280;
36;15;1;2;512;
18;12;1;2;42;
19;19;1;2;27;
38;35;1;2;101;
14;25;1;2;499;
11;26;1;2;396;
13;38;1;2;49;
13;32;1;2;364;
15;18;1;2;294;
13;18;1;2;363;
14;14;1;2;434;
13;15;1;2;399;
11;23;1;2;28;
38;15;1;2;197;
22;32;1;2;545;
25;13;1;2;73;
27;34;1;2;56;
11;33;1;2;285;
15;37;1;2;432;
38;37;1;2;6;
17;32;1;2;495;
35;11;1;2;555;
1;1;16;1245
2;1;12;377
3;1;1;115
4;1;15;641
5;1;13;695
6;1;14;417
7;1;9;45
8;1;20;843
9;1;5;13
10;1;14;981
11;1;14;1010
12;1;4;59
13;1;11;885
*** EOF ***