**** 17 ****
50
16;12;1;2;284;
17;22;1;2;396;
17;10;1;2;223;
20;22;1;2;176;
24;18;1;2;111;
11;13;1;2;261;
20;14;1;2;420;
21;16;1;2;416;
22;16;1;2;289;
16;14;1;2;36;
20;17;1;2;344;
12;13;1;2;312;
17;11;1;2;55;
15;21;1;2;67;
21;15;1;2;236;
24;11;1;2;69;
15;17;1;2;78;
14;19;1;2;220;
19;16;1;2;377;
22;16;1;2;284;
16;10;1;2;441;
10;17;1;2;14;
14;12;1;2;260;
24;13;1;2;507;
21;15;1;2;379;
22;23;1;2;75;
21;24;1;2;209;
18;13;1;2;291;
13;18;1;2;309;
22;18;1;2;400;
24;16;1;2;462;
19;14;1;2;317;
22;15;1;2;445;
15;24;1;2;107;
18;16;1;2;397;
10;20;1;2;469;
10;23;1;2;126;
22;19;1;2;416;
18;23;1;2;274;
17;11;1;2;212;
20;18;1;2;212;
22;15;1;2;176;
13;18;1;2;287;
18;24;1;2;72;
18;13;1;2;508;
14;13;1;2;204;
15;20;1;2;456;
12;18;1;2;311;
10;14;1;2;46;
13;15;1;2;226;
1;1;17;824
2;1;7;383
3;1;19;467
4;1;17;325
5;1;4;145
6;1;16;417
7;1;5;916
8;1;16;558
9;1;8;361
10;1;8;746
11;1;9;710
12;1;7;961
13;1;13;623
*** EOF ***