**** 2 ****
50
16;21;1;2;463;
13;14;1;2;410;
19;16;1;2;511;
21;20;1;2;80;
17;20;1;2;510;
12;13;1;2;87;
11;19;1;2;220;
18;23;1;2;160;
24;13;1;2;64;
23;15;1;2;354;
20;23;1;2;162;
17;21;1;2;3;
11;16;1;2;108;
10;21;1;2;460;
22;20;1;2;446;
20;24;1;2;492;
23;11;1;2;136;
13;13;1;2;499;
19;13;1;2;245;
14;15;1;2;60;
24;13;1;2;417;
22;12;1;2;269;
18;23;1;2;498;
22;23;1;2;36;
23;10;1;2;433;
14;21;1;2;356;
22;20;1;2;398;
20;17;1;2;445;
21;15;1;2;201;
22;22;1;2;76;
18;12;1;2;317;
21;10;1;2;331;
18;22;1;2;242;
24;15;1;2;453;
15;19;1;2;199;
15;22;1;2;202;
24;21;1;2;436;
15;21;1;2;229;
21;18;1;2;297;
16;24;1;2;113;
17;11;1;2;148;
15;20;1;2;89;
21;24;1;2;47;
23;13;1;2;245;
15;20;1;2;383;
16;10;1;2;343;
14;23;1;2;272;
22;18;1;2;92;
18;10;1;2;495;
22;13;1;2;81;
1;1;20;53
2;1;12;940
3;1;14;717
4;1;10;449
5;1;15;117
6;1;15;501
7;1;6;422
8;1;2;621
9;1;6;202
10;1;1;74
11;1;15;850
12;1;3;318
13;1;18;689
*** EOF ***