**** 2 ****
50
18;32;1;2;553;
16;35;1;2;474;
25;30;1;2;507;
22;28;1;2;307;
25;18;1;2;257;
10;32;1;2;319;
24;27;1;2;233;
10;24;1;2;524;
14;27;1;2;330;
24;14;1;2;520;
32;17;1;2;476;
27;19;1;2;212;
16;24;1;2;304;
25;18;1;2;557;
30;14;1;2;534;
33;32;1;2;189;
32;23;1;2;18;
20;35;1;2;203;
30;30;1;2;434;
33;28;1;2;309;
12;35;1;2;615;
23;28;1;2;303;
21;35;1;2;14;
12;23;1;2;283;
28;14;1;2;475;
32;24;1;2;42;
30;22;1;2;154;
24;28;1;2;419;
26;21;1;2;539;
33;26;1;2;379;
21;35;1;2;361;
21;32;1;2;627;
25;24;1;2;535;
21;23;1;2;69;
20;35;1;2;117;
14;24;1;2;503;
15;17;1;2;30;
15;11;1;2;170;
30;30;1;2;28;
35;22;1;2;285;
12;35;1;2;26;
27;34;1;2;455;
34;15;1;2;238;
21;27;1;2;353;
27;24;1;2;523;
33;10;1;2;224;
10;35;1;2;198;
29;29;1;2;493;
35;10;1;2;590;
15;23;1;2;604;
1;1;11;1059
2;1;16;975
3;1;3;538
4;1;5;219
5;1;14;118
6;1;3;44
7;1;8;499
8;1;1;569
9;1;12;1076
10;1;20;286
11;1;9;526
12;1;5;857
13;1;7;664
*** EOF ***