**** 16 ****
50
32;28;1;2;253;
19;11;1;2;108;
15;19;1;2;373;
16;19;1;2;123;
31;15;1;2;416;
19;22;1;2;359;
17;24;1;2;395;
11;16;1;2;432;
14;28;1;2;190;
22;21;1;2;582;
26;30;1;2;508;
15;20;1;2;600;
34;30;1;2;221;
34;21;1;2;30;
24;26;1;2;230;
34;28;1;2;188;
15;16;1;2;280;
32;13;1;2;135;
18;24;1;2;567;
10;14;1;2;13;
12;19;1;2;72;
11;25;1;2;250;
15;10;1;2;460;
12;22;1;2;150;
18;14;1;2;298;
11;26;1;2;391;
33;10;1;2;569;
15;23;1;2;138;
23;12;1;2;175;
12;18;1;2;296;
13;19;1;2;530;
24;21;1;2;82;
26;20;1;2;396;
34;11;1;2;222;
32;22;1;2;546;
25;22;1;2;330;
18;29;1;2;409;
31;12;1;2;216;
26;28;1;2;171;
12;15;1;2;455;
15;27;1;2;220;
13;31;1;2;222;
18;15;1;2;572;
12;33;1;2;157;
19;26;1;2;187;
23;22;1;2;229;
16;23;1;2;581;
30;34;1;2;170;
33;26;1;2;412;
27;23;1;2;256;
1;1;15;971
2;1;4;577
3;1;20;1194
4;1;20;487
5;1;12;168
6;1;11;284
7;1;3;125
8;1;16;928
9;1;17;95
10;1;8;1038
11;1;10;1057
12;1;17;389
13;1;15;1009
*** EOF ***