**** 15 ****
50
17;17;1;2;114;
11;10;1;2;63;
20;22;1;2;414;
15;19;1;2;313;
17;22;1;2;266;
16;23;1;2;77;
20;14;1;2;148;
22;24;1;2;234;
10;19;1;2;429;
16;22;1;2;134;
12;20;1;2;378;
11;12;1;2;147;
20;23;1;2;229;
22;11;1;2;117;
19;20;1;2;313;
20;21;1;2;249;
13;24;1;2;108;
14;16;1;2;361;
10;24;1;2;218;
14;14;1;2;329;
22;15;1;2;69;
16;21;1;2;354;
11;15;1;2;421;
18;11;1;2;444;
11;16;1;2;399;
17;13;1;2;40;
14;11;1;2;193;
21;14;1;2;269;
12;18;1;2;87;
14;19;1;2;130;
11;20;1;2;85;
14;16;1;2;377;
17;19;1;2;344;
19;15;1;2;173;
16;10;1;2;133;
15;15;1;2;341;
10;19;1;2;34;
14;15;1;2;76;
12;10;1;2;25;
14;18;1;2;64;
19;10;1;2;156;
11;24;1;2;46;
24;16;1;2;305;
15;18;1;2;366;
23;21;1;2;75;
11;22;1;2;377;
17;24;1;2;261;
10;19;1;2;278;
15;14;1;2;72;
11;10;1;2;376;
1;1;8;563
2;1;12;107
3;1;4;384
4;1;11;260
5;1;19;743
6;1;6;137
7;1;1;598
8;1;8;842
9;1;15;894
10;1;3;146
11;1;14;461
12;1;7;793
13;1;19;201
*** EOF ***