**** 6 ****
50
11;12;1;2;314;
24;22;1;2;119;
25;12;1;2;212;
12;15;1;2;342;
11;22;1;2;294;
11;19;1;2;273;
22;20;1;2;484;
24;21;1;2;61;
12;10;1;2;411;
11;23;1;2;199;
15;27;1;2;357;
20;20;1;2;426;
17;19;1;2;157;
25;18;1;2;403;
13;20;1;2;206;
16;11;1;2;432;
27;22;1;2;422;
18;21;1;2;243;
26;28;1;2;339;
16;21;1;2;305;
13;13;1;2;47;
15;26;1;2;105;
14;20;1;2;378;
13;24;1;2;109;
17;19;1;2;380;
22;17;1;2;255;
11;23;1;2;158;
21;20;1;2;119;
14;25;1;2;312;
25;15;1;2;263;
26;13;1;2;229;
14;20;1;2;460;
11;24;1;2;233;
23;15;1;2;92;
21;27;1;2;238;
14;10;1;2;174;
14;21;1;2;253;
13;16;1;2;478;
10;16;1;2;152;
11;10;1;2;477;
20;15;1;2;390;
19;27;1;2;199;
28;22;1;2;329;
19;14;1;2;246;
17;27;1;2;73;
25;19;1;2;248;
11;25;1;2;108;
24;16;1;2;217;
16;25;1;2;201;
27;21;1;2;341;
1;1;1;73
2;1;3;876
3;1;5;150
4;1;1;865
5;1;2;639
6;1;2;510
7;1;6;491
8;1;17;464
9;1;18;886
10;1;10;189
11;1;14;120
12;1;20;356
13;1;8;171
*** EOF ***