**** 15 ****
50
13;14;1;2;335;
15;12;1;2;307;
20;15;1;2;280;
16;14;1;2;271;
16;12;1;2;328;
18;14;1;2;45;
17;13;1;2;319;
20;10;1;2;183;
14;14;1;2;362;
16;13;1;2;100;
12;17;1;2;400;
19;17;1;2;69;
11;20;1;2;6;
10;17;1;2;151;
14;19;1;2;313;
16;12;1;2;329;
15;18;1;2;319;
18;11;1;2;296;
15;10;1;2;145;
18;11;1;2;24;
17;10;1;2;172;
10;18;1;2;186;
17;18;1;2;130;
10;18;1;2;196;
16;10;1;2;254;
13;13;1;2;194;
11;11;1;2;193;
11;17;1;2;95;
20;16;1;2;282;
19;13;1;2;371;
15;15;1;2;121;
16;12;1;2;310;
18;11;1;2;352;
12;20;1;2;341;
14;14;1;2;170;
15;18;1;2;10;
14;14;1;2;443;
12;12;1;2;38;
13;13;1;2;189;
11;19;1;2;123;
19;19;1;2;143;
20;19;1;2;113;
12;18;1;2;440;
15;19;1;2;192;
13;17;1;2;45;
17;15;1;2;42;
11;15;1;2;166;
12;11;1;2;429;
17;15;1;2;132;
13;20;1;2;42;
1;1;12;440
2;1;18;565
3;1;8;884
4;1;18;837
5;1;16;802
6;1;4;165
7;1;19;765
8;1;10;412
9;1;5;628
10;1;9;232
11;1;13;385
12;1;7;644
13;1;7;84
*** EOF ***