**** 9 ****
50
29;36;1;2;318;
32;30;1;2;378;
19;23;1;2;171;
21;20;1;2;100;
24;25;1;2;572;
26;18;1;2;547;
19;13;1;2;604;
35;13;1;2;552;
17;11;1;2;444;
10;22;1;2;447;
26;21;1;2;87;
29;23;1;2;111;
29;34;1;2;414;
18;36;1;2;557;
15;23;1;2;98;
19;23;1;2;578;
12;14;1;2;5;
13;27;1;2;335;
19;14;1;2;314;
28;18;1;2;355;
27;11;1;2;138;
27;11;1;2;306;
21;22;1;2;19;
10;30;1;2;458;
25;17;1;2;293;
28;19;1;2;37;
23;13;1;2;296;
33;10;1;2;349;
27;19;1;2;126;
22;18;1;2;5;
14;14;1;2;506;
11;14;1;2;210;
25;13;1;2;25;
12;18;1;2;86;
17;30;1;2;100;
26;33;1;2;183;
19;29;1;2;235;
25;31;1;2;410;
18;27;1;2;234;
23;26;1;2;543;
16;22;1;2;568;
33;32;1;2;615;
35;34;1;2;325;
31;32;1;2;459;
15;11;1;2;73;
35;14;1;2;334;
36;27;1;2;116;
15;29;1;2;352;
24;35;1;2;160;
36;11;1;2;529;
1;1;12;317
2;1;17;1246
3;1;10;917
4;1;11;872
5;1;19;86
6;1;12;125
7;1;4;641
8;1;17;668
9;1;10;994
10;1;5;513
11;1;6;15
12;1;8;233
13;1;4;222
*** EOF ***