**** 9 ****
50
16;32;1;2;280;
28;13;1;2;544;
32;10;1;2;129;
19;22;1;2;15;
15;31;1;2;327;
21;23;1;2;514;
10;21;1;2;451;
28;32;1;2;478;
20;21;1;2;76;
13;23;1;2;426;
31;23;1;2;42;
24;18;1;2;295;
22;18;1;2;492;
21;29;1;2;47;
23;22;1;2;43;
16;14;1;2;308;
23;13;1;2;424;
32;32;1;2;15;
26;18;1;2;554;
13;22;1;2;188;
21;11;1;2;496;
13;29;1;2;254;
18;24;1;2;456;
14;25;1;2;208;
11;11;1;2;93;
11;25;1;2;456;
12;23;1;2;172;
17;22;1;2;273;
25;15;1;2;137;
25;20;1;2;111;
20;17;1;2;390;
24;27;1;2;505;
23;27;1;2;315;
13;27;1;2;135;
11;24;1;2;111;
21;26;1;2;52;
32;27;1;2;355;
11;18;1;2;465;
26;17;1;2;202;
27;24;1;2;141;
23;21;1;2;292;
15;31;1;2;500;
16;28;1;2;246;
10;15;1;2;533;
17;11;1;2;108;
25;20;1;2;457;
29;13;1;2;215;
10;25;1;2;298;
30;22;1;2;462;
13;29;1;2;256;
1;1;6;522
2;1;10;16
3;1;5;535
4;1;7;450
5;1;6;810
6;1;6;996
7;1;18;245
8;1;9;740
9;1;5;861
10;1;14;114
11;1;17;902
12;1;20;775
13;1;10;366
*** EOF ***