**** 14 ****
50
12;11;1;2;157;
12;12;1;2;162;
11;11;1;2;48;
12;10;1;2;57;
10;12;1;2;237;
10;10;1;2;107;
10;11;1;2;283;
10;10;1;2;82;
10;11;1;2;235;
12;11;1;2;227;
12;11;1;2;206;
11;10;1;2;146;
12;11;1;2;262;
12;10;1;2;330;
10;12;1;2;36;
11;10;1;2;42;
11;12;1;2;52;
12;12;1;2;99;
11;11;1;2;140;
11;10;1;2;79;
12;11;1;2;211;
10;10;1;2;47;
10;11;1;2;136;
10;12;1;2;308;
11;10;1;2;168;
10;12;1;2;248;
11;10;1;2;63;
11;10;1;2;304;
10;12;1;2;257;
10;10;1;2;247;
11;10;1;2;65;
11;10;1;2;230;
12;11;1;2;42;
10;11;1;2;321;
11;10;1;2;179;
10;10;1;2;11;
10;12;1;2;289;
12;10;1;2;149;
10;10;1;2;160;
12;10;1;2;154;
12;10;1;2;272;
11;10;1;2;189;
11;12;1;2;25;
12;10;1;2;101;
12;11;1;2;229;
10;12;1;2;90;
10;10;1;2;296;
12;10;1;2;35;
10;11;1;2;40;
11;10;1;2;3;
1;1;14;69
2;1;9;11
3;1;1;382
4;1;2;328
5;1;11;199
6;1;13;418
7;1;19;152
8;1;6;437
9;1;1;647
10;1;3;135
11;1;2;542
12;1;16;398
13;1;19;358
*** EOF ***