**** 12 ****
50
14;10;1;2;306;
23;10;1;2;394;
10;17;1;2;282;
33;33;1;2;559;
17;17;1;2;492;
28;13;1;2;621;
22;23;1;2;110;
30;12;1;2;7;
32;27;1;2;145;
32;32;1;2;443;
15;10;1;2;336;
18;15;1;2;99;
26;23;1;2;536;
24;18;1;2;178;
30;23;1;2;372;
29;21;1;2;625;
24;20;1;2;133;
17;31;1;2;434;
13;13;1;2;21;
20;20;1;2;193;
32;28;1;2;229;
21;24;1;2;216;
24;23;1;2;525;
23;30;1;2;370;
28;14;1;2;418;
30;24;1;2;237;
30;29;1;2;410;
12;21;1;2;483;
18;11;1;2;316;
10;30;1;2;180;
24;16;1;2;194;
10;24;1;2;383;
13;34;1;2;379;
21;11;1;2;337;
30;21;1;2;349;
14;32;1;2;43;
24;25;1;2;519;
24;31;1;2;636;
11;24;1;2;523;
28;32;1;2;66;
29;16;1;2;366;
27;18;1;2;359;
12;13;1;2;360;
24;32;1;2;120;
30;31;1;2;510;
34;17;1;2;405;
23;17;1;2;98;
29;18;1;2;357;
28;16;1;2;502;
19;15;1;2;44;
1;1;9;388
2;1;16;745
3;1;20;240
4;1;6;939
5;1;1;474
6;1;10;1181
7;1;14;774
8;1;9;822
9;1;12;1087
10;1;7;982
11;1;10;968
12;1;13;1233
13;1;7;465
*** EOF ***