**** 7 ****
50
18;10;1;2;503;
14;33;1;2;39;
11;13;1;2;52;
29;20;1;2;288;
28;26;1;2;528;
32;22;1;2;202;
18;29;1;2;449;
28;27;1;2;149;
32;16;1;2;269;
12;15;1;2;300;
24;33;1;2;84;
19;16;1;2;524;
24;17;1;2;485;
10;30;1;2;269;
12;24;1;2;260;
17;34;1;2;361;
13;23;1;2;388;
30;27;1;2;415;
26;28;1;2;340;
31;16;1;2;172;
19;19;1;2;109;
22;30;1;2;549;
19;17;1;2;56;
28;12;1;2;158;
18;19;1;2;362;
13;33;1;2;212;
20;31;1;2;317;
33;28;1;2;564;
13;13;1;2;341;
18;25;1;2;248;
20;15;1;2;391;
24;22;1;2;77;
11;30;1;2;570;
16;25;1;2;421;
26;19;1;2;402;
13;24;1;2;533;
29;26;1;2;286;
16;29;1;2;163;
20;32;1;2;507;
17;24;1;2;4;
22;21;1;2;61;
10;10;1;2;98;
16;24;1;2;430;
30;33;1;2;243;
31;28;1;2;292;
10;10;1;2;192;
33;16;1;2;482;
14;21;1;2;421;
15;17;1;2;376;
12;33;1;2;276;
1;1;16;1141
2;1;7;982
3;1;15;543
4;1;5;739
5;1;15;782
6;1;1;928
7;1;20;958
8;1;12;492
9;1;7;12
10;1;1;487
11;1;9;233
12;1;15;431
13;1;6;406
*** EOF ***