**** 11 ****
50
22;28;1;2;639;
28;31;1;2;143;
25;17;1;2;159;
35;22;1;2;221;
17;10;1;2;553;
29;23;1;2;399;
23;36;1;2;192;
31;15;1;2;123;
23;16;1;2;190;
12;19;1;2;574;
33;22;1;2;391;
33;18;1;2;222;
34;22;1;2;444;
10;15;1;2;406;
33;35;1;2;215;
35;12;1;2;55;
11;14;1;2;210;
11;31;1;2;533;
24;30;1;2;304;
25;30;1;2;177;
24;31;1;2;201;
12;26;1;2;572;
15;35;1;2;572;
24;14;1;2;122;
10;22;1;2;586;
17;36;1;2;307;
18;32;1;2;481;
10;21;1;2;173;
33;35;1;2;303;
23;34;1;2;451;
26;19;1;2;447;
12;35;1;2;643;
16;10;1;2;237;
34;33;1;2;345;
15;30;1;2;324;
29;32;1;2;648;
33;21;1;2;641;
31;11;1;2;144;
10;28;1;2;552;
16;15;1;2;319;
27;28;1;2;307;
34;17;1;2;266;
13;31;1;2;290;
10;28;1;2;474;
17;28;1;2;249;
24;32;1;2;639;
21;26;1;2;432;
29;13;1;2;663;
34;11;1;2;632;
31;36;1;2;302;
1;1;14;949
2;1;20;800
3;1;19;1081
4;1;13;1126
5;1;5;1214
6;1;16;668
7;1;20;286
8;1;5;1115
9;1;18;1274
10;1;19;1005
11;1;10;786
12;1;15;435
13;1;12;878
*** EOF ***