**** 19 ****
50
14;13;1;2;9;
11;13;1;2;101;
13;16;1;2;197;
13;11;1;2;67;
10;17;1;2;211;
12;16;1;2;430;
17;18;1;2;434;
12;14;1;2;381;
10;12;1;2;20;
11;11;1;2;31;
15;16;1;2;63;
11;12;1;2;409;
18;16;1;2;117;
14;10;1;2;48;
12;11;1;2;137;
17;16;1;2;96;
14;11;1;2;46;
13;15;1;2;374;
17;13;1;2;249;
13;18;1;2;148;
17;18;1;2;86;
17;12;1;2;173;
14;12;1;2;267;
18;17;1;2;283;
13;13;1;2;403;
17;10;1;2;284;
13;17;1;2;294;
16;13;1;2;434;
11;14;1;2;375;
18;18;1;2;249;
16;13;1;2;359;
17;12;1;2;43;
10;15;1;2;311;
12;17;1;2;98;
16;14;1;2;284;
10;17;1;2;321;
17;13;1;2;151;
14;13;1;2;234;
18;17;1;2;295;
18;15;1;2;270;
17;11;1;2;356;
18;17;1;2;416;
12;10;1;2;113;
16;16;1;2;28;
14;10;1;2;410;
18;12;1;2;21;
12;12;1;2;30;
18;11;1;2;288;
12;11;1;2;153;
14;11;1;2;274;
1;1;3;384
2;1;14;111
3;1;7;242
4;1;20;821
5;1;10;776
6;1;11;659
7;1;6;26
8;1;15;493
9;1;16;301
10;1;11;689
11;1;15;597
12;1;11;170
13;1;11;322
*** EOF ***