**** 5 ****
50
18;11;1;2;231;
27;26;1;2;476;
14;11;1;2;49;
20;19;1;2;442;
26;24;1;2;119;
22;22;1;2;215;
29;22;1;2;411;
29;27;1;2;586;
18;14;1;2;518;
24;17;1;2;415;
30;29;1;2;586;
18;12;1;2;556;
16;27;1;2;250;
19;22;1;2;306;
12;14;1;2;550;
12;20;1;2;289;
10;13;1;2;258;
11;12;1;2;216;
18;17;1;2;66;
26;17;1;2;159;
17;11;1;2;204;
12;30;1;2;347;
20;27;1;2;579;
28;25;1;2;90;
20;17;1;2;481;
27;18;1;2;426;
24;17;1;2;99;
29;18;1;2;169;
21;13;1;2;56;
27;14;1;2;141;
25;11;1;2;327;
20;16;1;2;303;
17;17;1;2;363;
12;26;1;2;363;
29;29;1;2;399;
30;18;1;2;117;
13;12;1;2;451;
17;25;1;2;194;
12;22;1;2;372;
29;28;1;2;416;
29;21;1;2;558;
12;21;1;2;219;
21;23;1;2;197;
10;29;1;2;86;
28;12;1;2;303;
24;15;1;2;118;
29;13;1;2;236;
20;23;1;2;38;
25;10;1;2;460;
19;14;1;2;343;
1;1;6;445
2;1;1;846
3;1;15;1089
4;1;8;296
5;1;11;186
6;1;18;425
7;1;2;1113
8;1;20;664
9;1;8;893
10;1;14;931
11;1;14;644
12;1;6;625
13;1;8;476
*** EOF ***