**** 18 ****
50
31;22;1;2;444;
28;25;1;2;627;
24;30;1;2;564;
17;26;1;2;63;
23;10;1;2;468;
23;28;1;2;6;
26;15;1;2;411;
26;30;1;2;74;
15;21;1;2;435;
15;30;1;2;297;
37;29;1;2;161;
27;38;1;2;596;
25;25;1;2;486;
33;22;1;2;47;
27;37;1;2;664;
28;11;1;2;560;
10;32;1;2;591;
14;14;1;2;31;
28;28;1;2;276;
28;17;1;2;361;
25;14;1;2;239;
36;10;1;2;475;
14;32;1;2;639;
22;27;1;2;214;
11;37;1;2;219;
12;13;1;2;214;
26;10;1;2;599;
12;14;1;2;458;
27;20;1;2;10;
21;22;1;2;76;
35;29;1;2;441;
30;16;1;2;575;
24;25;1;2;439;
18;17;1;2;29;
36;31;1;2;654;
29;23;1;2;193;
15;35;1;2;232;
28;22;1;2;650;
20;32;1;2;62;
35;33;1;2;394;
24;25;1;2;651;
29;24;1;2;642;
36;27;1;2;198;
25;19;1;2;580;
28;27;1;2;323;
16;37;1;2;595;
37;21;1;2;311;
18;21;1;2;629;
31;25;1;2;236;
17;31;1;2;223;
1;1;12;41
2;1;17;639
3;1;17;126
4;1;4;1142
5;1;3;1084
6;1;19;904
7;1;2;591
8;1;11;253
9;1;19;566
10;1;10;478
11;1;2;16
12;1;14;764
13;1;12;826
*** EOF ***