**** 11 ****
50
14;12;1;2;226;
24;23;1;2;219;
23;13;1;2;350;
21;14;1;2;222;
11;13;1;2;402;
18;21;1;2;145;
11;22;1;2;292;
20;19;1;2;167;
10;17;1;2;438;
21;24;1;2;482;
16;20;1;2;2;
20;26;1;2;37;
16;20;1;2;21;
17;20;1;2;159;
11;14;1;2;265;
19;20;1;2;33;
22;13;1;2;289;
13;13;1;2;374;
22;18;1;2;456;
14;18;1;2;311;
11;20;1;2;407;
19;20;1;2;154;
12;23;1;2;25;
13;13;1;2;328;
19;10;1;2;393;
23;21;1;2;256;
22;16;1;2;325;
20;25;1;2;55;
15;14;1;2;27;
19;14;1;2;316;
26;11;1;2;164;
22;12;1;2;189;
11;22;1;2;35;
22;23;1;2;356;
18;14;1;2;23;
11;16;1;2;111;
16;18;1;2;86;
25;18;1;2;447;
19;17;1;2;137;
22;12;1;2;459;
12;25;1;2;365;
21;12;1;2;348;
10;12;1;2;165;
12;21;1;2;217;
20;18;1;2;128;
14;13;1;2;19;
20;13;1;2;93;
16;20;1;2;216;
18;12;1;2;276;
17;18;1;2;427;
1;1;14;499
2;1;6;445
3;1;12;935
4;1;4;829
5;1;12;763
6;1;16;227
7;1;9;782
8;1;13;167
9;1;2;882
10;1;7;483
11;1;8;669
12;1;9;466
13;1;3;739
*** EOF ***