**** 11 ****
50
21;21;1;2;450;
12;18;1;2;132;
14;11;1;2;45;
19;24;1;2;176;
21;18;1;2;401;
24;22;1;2;485;
22;23;1;2;348;
17;22;1;2;284;
14;21;1;2;278;
10;10;1;2;270;
10;10;1;2;78;
11;16;1;2;468;
17;22;1;2;304;
18;15;1;2;496;
24;12;1;2;320;
23;10;1;2;334;
21;10;1;2;498;
15;23;1;2;345;
22;19;1;2;222;
13;20;1;2;150;
23;16;1;2;6;
23;13;1;2;493;
12;15;1;2;471;
19;15;1;2;252;
17;10;1;2;198;
22;16;1;2;350;
19;14;1;2;200;
20;23;1;2;406;
24;23;1;2;296;
23;10;1;2;343;
23;24;1;2;454;
19;13;1;2;300;
20;10;1;2;305;
24;14;1;2;75;
14;22;1;2;84;
13;19;1;2;354;
12;14;1;2;468;
18;23;1;2;518;
10;13;1;2;81;
24;21;1;2;478;
20;13;1;2;146;
13;24;1;2;477;
20;17;1;2;60;
24;15;1;2;154;
16;18;1;2;316;
14;12;1;2;487;
16;15;1;2;316;
23;14;1;2;475;
21;23;1;2;59;
16;12;1;2;479;
1;1;15;714
2;1;9;286
3;1;6;631
4;1;11;204
5;1;15;419
6;1;18;244
7;1;10;806
8;1;5;833
9;1;8;868
10;1;11;371
11;1;19;961
12;1;4;149
13;1;14;169
*** EOF ***