**** 4 ****
50
16;19;1;2;33;
25;11;1;2;387;
26;15;1;2;153;
19;10;1;2;91;
14;12;1;2;110;
17;10;1;2;168;
20;14;1;2;444;
23;15;1;2;441;
25;20;1;2;120;
13;21;1;2;97;
25;18;1;2;53;
13;23;1;2;504;
22;21;1;2;72;
15;10;1;2;164;
12;22;1;2;80;
22;22;1;2;418;
14;23;1;2;408;
15;18;1;2;419;
11;25;1;2;290;
17;13;1;2;505;
14;24;1;2;430;
18;20;1;2;497;
24;12;1;2;428;
11;20;1;2;470;
17;20;1;2;250;
15;14;1;2;124;
16;13;1;2;46;
10;22;1;2;294;
18;24;1;2;92;
26;17;1;2;79;
23;21;1;2;443;
20;21;1;2;504;
23;24;1;2;61;
16;17;1;2;396;
17;18;1;2;259;
20;25;1;2;518;
16;15;1;2;64;
25;26;1;2;297;
17;16;1;2;8;
21;19;1;2;357;
18;25;1;2;488;
18;19;1;2;297;
17;10;1;2;262;
21;16;1;2;486;
21;19;1;2;266;
11;26;1;2;312;
13;25;1;2;393;
13;18;1;2;25;
23;26;1;2;290;
17;10;1;2;70;
1;1;7;996
2;1;18;943
3;1;9;1011
4;1;19;702
5;1;5;520
6;1;12;818
7;1;5;929
8;1;7;379
9;1;11;864
10;1;7;809
11;1;7;551
12;1;17;288
13;1;16;457
*** EOF ***