**** 17 ****
50
10;10;1;2;172;
10;11;1;2;200;
10;12;1;2;38;
12;12;1;2;48;
11;11;1;2;152;
12;12;1;2;18;
10;12;1;2;120;
10;10;1;2;308;
10;12;1;2;194;
11;10;1;2;20;
11;10;1;2;74;
12;12;1;2;178;
11;10;1;2;87;
11;11;1;2;121;
12;10;1;2;97;
12;11;1;2;270;
10;12;1;2;69;
12;12;1;2;121;
12;10;1;2;173;
11;12;1;2;165;
11;12;1;2;180;
12;11;1;2;94;
11;11;1;2;219;
10;11;1;2;228;
10;11;1;2;37;
12;10;1;2;201;
11;11;1;2;291;
11;12;1;2;169;
12;12;1;2;145;
11;11;1;2;68;
10;12;1;2;168;
10;10;1;2;204;
10;10;1;2;136;
10;10;1;2;166;
12;11;1;2;114;
10;10;1;2;16;
11;12;1;2;67;
11;11;1;2;147;
11;12;1;2;88;
11;12;1;2;81;
12;10;1;2;41;
12;12;1;2;29;
11;11;1;2;116;
11;10;1;2;203;
11;12;1;2;210;
11;11;1;2;76;
11;12;1;2;74;
12;12;1;2;259;
10;10;1;2;16;
10;12;1;2;135;
1;1;13;103
2;1;9;486
3;1;16;418
4;1;1;392
5;1;15;255
6;1;18;46
7;1;2;153
8;1;3;94
9;1;16;313
10;1;2;580
11;1;8;118
12;1;6;544
13;1;12;563
*** EOF ***