**** 12 ****
50
26;18;1;2;462;
23;10;1;2;385;
11;18;1;2;438;
26;24;1;2;395;
22;21;1;2;22;
10;21;1;2;271;
19;24;1;2;65;
21;21;1;2;251;
12;23;1;2;328;
16;12;1;2;278;
21;11;1;2;262;
17;13;1;2;427;
11;21;1;2;200;
21;23;1;2;425;
18;26;1;2;53;
11;25;1;2;181;
15;23;1;2;155;
20;12;1;2;62;
17;20;1;2;90;
17;21;1;2;292;
22;10;1;2;70;
11;16;1;2;107;
25;23;1;2;376;
15;16;1;2;54;
16;23;1;2;395;
23;11;1;2;433;
21;14;1;2;279;
23;24;1;2;182;
10;26;1;2;268;
24;23;1;2;42;
23;22;1;2;259;
16;26;1;2;164;
15;24;1;2;302;
26;10;1;2;406;
17;15;1;2;284;
26;22;1;2;496;
11;12;1;2;315;
22;13;1;2;24;
15;23;1;2;512;
21;16;1;2;451;
22;22;1;2;105;
25;10;1;2;119;
17;17;1;2;219;
26;10;1;2;518;
21;14;1;2;495;
19;25;1;2;264;
23;24;1;2;417;
26;26;1;2;91;
14;19;1;2;328;
14;14;1;2;28;
1;1;5;151
2;1;13;214
3;1;1;736
4;1;13;659
5;1;13;351
6;1;10;995
7;1;10;391
8;1;8;443
9;1;15;124
10;1;10;967
11;1;9;1030
12;1;7;689
13;1;1;389
*** EOF ***