**** 12 ****
50
17;10;1;2;376;
16;10;1;2;376;
18;20;1;2;452;
18;12;1;2;56;
22;21;1;2;67;
15;14;1;2;187;
22;10;1;2;379;
19;21;1;2;92;
21;14;1;2;32;
22;17;1;2;109;
20;19;1;2;172;
18;17;1;2;197;
13;20;1;2;49;
10;14;1;2;324;
11;14;1;2;498;
15;21;1;2;18;
20;16;1;2;97;
18;14;1;2;486;
19;15;1;2;201;
20;10;1;2;487;
20;22;1;2;269;
10;14;1;2;191;
21;15;1;2;512;
10;14;1;2;420;
17;15;1;2;329;
17;13;1;2;466;
20;15;1;2;516;
19;15;1;2;53;
22;10;1;2;445;
21;14;1;2;324;
18;13;1;2;440;
16;18;1;2;385;
19;13;1;2;128;
19;10;1;2;426;
10;21;1;2;113;
19;21;1;2;42;
16;16;1;2;221;
20;11;1;2;141;
15;20;1;2;130;
15;10;1;2;477;
16;10;1;2;406;
13;13;1;2;182;
19;22;1;2;52;
17;12;1;2;11;
15;16;1;2;86;
17;15;1;2;22;
18;13;1;2;3;
10;20;1;2;458;
19;13;1;2;139;
11;22;1;2;142;
1;1;20;188
2;1;19;719
3;1;20;54
4;1;1;831
5;1;20;879
6;1;8;142
7;1;20;95
8;1;18;992
9;1;11;401
10;1;6;208
11;1;20;614
12;1;9;23
13;1;12;806
*** EOF ***