**** 17 ****
50
19;14;1;2;65;
15;15;1;2;123;
16;17;1;2;335;
20;18;1;2;400;
16;17;1;2;183;
12;11;1;2;154;
13;17;1;2;420;
10;10;1;2;326;
18;16;1;2;398;
11;12;1;2;61;
12;17;1;2;174;
17;19;1;2;357;
12;16;1;2;116;
20;12;1;2;301;
17;11;1;2;150;
11;11;1;2;245;
14;13;1;2;175;
15;18;1;2;452;
13;18;1;2;111;
19;13;1;2;245;
11;10;1;2;157;
15;18;1;2;147;
16;15;1;2;398;
14;19;1;2;83;
20;20;1;2;436;
18;10;1;2;111;
20;17;1;2;297;
19;17;1;2;171;
17;14;1;2;57;
18;11;1;2;84;
16;11;1;2;172;
18;10;1;2;85;
14;18;1;2;363;
17;15;1;2;390;
19;18;1;2;229;
16;14;1;2;194;
19;10;1;2;336;
11;13;1;2;140;
11;18;1;2;381;
15;15;1;2;406;
17;17;1;2;122;
20;18;1;2;59;
20;13;1;2;318;
16;18;1;2;171;
11;13;1;2;76;
16;19;1;2;422;
10;15;1;2;44;
17;19;1;2;162;
11;10;1;2;386;
14;19;1;2;35;
1;1;13;101
2;1;16;485
3;1;10;407
4;1;6;788
5;1;6;624
6;1;11;301
7;1;4;123
8;1;12;879
9;1;20;733
10;1;8;707
11;1;20;418
12;1;10;716
13;1;17;639
*** EOF ***