**** 10 ****
50
12;11;1;2;210;
13;11;1;2;367;
10;10;1;2;329;
11;13;1;2;294;
11;10;1;2;46;
13;10;1;2;97;
12;11;1;2;230;
14;10;1;2;354;
13;10;1;2;367;
13;12;1;2;68;
14;12;1;2;14;
10;11;1;2;122;
10;14;1;2;11;
12;10;1;2;154;
10;13;1;2;158;
11;12;1;2;203;
10;13;1;2;226;
12;13;1;2;160;
11;12;1;2;200;
10;13;1;2;133;
12;11;1;2;204;
12;14;1;2;41;
10;13;1;2;100;
11;10;1;2;296;
11;10;1;2;88;
14;12;1;2;255;
14;10;1;2;115;
13;14;1;2;87;
12;14;1;2;313;
10;11;1;2;110;
13;12;1;2;113;
13;12;1;2;24;
12;14;1;2;303;
12;11;1;2;139;
13;13;1;2;217;
10;12;1;2;264;
12;13;1;2;246;
13;14;1;2;268;
14;11;1;2;93;
12;11;1;2;270;
11;14;1;2;332;
14;13;1;2;17;
10;14;1;2;301;
10;13;1;2;64;
13;11;1;2;58;
13;12;1;2;205;
10;12;1;2;220;
13;13;1;2;35;
11;11;1;2;109;
11;14;1;2;47;
1;1;8;381
2;1;19;713
3;1;8;421
4;1;11;352
5;1;20;550
6;1;19;195
7;1;15;138
8;1;5;644
9;1;4;580
10;1;7;480
11;1;20;170
12;1;9;504
13;1;5;126
*** EOF ***