**** 2 ****
50
14;16;1;2;116;
15;11;1;2;318;
11;12;1;2;26;
11;16;1;2;378;
16;14;1;2;364;
15;11;1;2;11;
12;16;1;2;26;
11;14;1;2;79;
11;12;1;2;258;
14;10;1;2;32;
10;13;1;2;14;
14;13;1;2;207;
13;10;1;2;147;
14;15;1;2;35;
10;10;1;2;42;
10;11;1;2;342;
10;11;1;2;233;
13;15;1;2;59;
15;13;1;2;237;
14;15;1;2;234;
15;15;1;2;219;
12;13;1;2;244;
15;13;1;2;169;
12;10;1;2;66;
14;14;1;2;24;
16;12;1;2;100;
10;14;1;2;22;
12;13;1;2;308;
10;10;1;2;354;
14;15;1;2;46;
16;15;1;2;363;
12;11;1;2;273;
16;14;1;2;327;
10;15;1;2;303;
13;10;1;2;207;
15;12;1;2;178;
14;14;1;2;236;
16;13;1;2;153;
13;11;1;2;347;
13;13;1;2;259;
15;15;1;2;162;
16;14;1;2;99;
12;13;1;2;348;
15;11;1;2;338;
14;16;1;2;3;
16;11;1;2;239;
15;10;1;2;209;
10;14;1;2;155;
14;15;1;2;308;
16;11;1;2;153;
1;1;20;171
2;1;16;769
3;1;10;306
4;1;10;691
5;1;7;231
6;1;8;347
7;1;12;519
8;1;10;200
9;1;4;442
10;1;5;16
11;1;9;586
12;1;11;503
13;1;5;340
*** EOF ***