**** 10 ****
50
23;28;1;2;432;
17;27;1;2;326;
14;32;1;2;353;
14;17;1;2;533;
21;34;1;2;61;
20;22;1;2;492;
17;13;1;2;61;
19;18;1;2;117;
32;25;1;2;293;
27;15;1;2;449;
34;10;1;2;449;
22;29;1;2;488;
31;14;1;2;90;
28;16;1;2;527;
13;17;1;2;489;
14;30;1;2;314;
10;14;1;2;304;
34;25;1;2;19;
34;26;1;2;165;
24;21;1;2;70;
22;26;1;2;231;
12;10;1;2;274;
27;23;1;2;500;
17;13;1;2;193;
11;27;1;2;525;
17;21;1;2;538;
22;10;1;2;477;
26;13;1;2;77;
16;12;1;2;8;
22;19;1;2;44;
20;20;1;2;211;
12;28;1;2;251;
25;31;1;2;463;
33;22;1;2;465;
31;21;1;2;360;
11;25;1;2;496;
12;18;1;2;501;
34;29;1;2;5;
18;21;1;2;230;
33;16;1;2;593;
32;24;1;2;27;
16;20;1;2;452;
17;12;1;2;424;
18;20;1;2;543;
32;15;1;2;276;
12;27;1;2;252;
11;21;1;2;354;
20;28;1;2;359;
33;23;1;2;530;
20;30;1;2;265;
1;1;18;564
2;1;13;59
3;1;2;831
4;1;3;837
5;1;20;1241
6;1;15;511
7;1;11;851
8;1;19;1032
9;1;7;607
10;1;17;300
11;1;14;1053
12;1;9;171
13;1;14;664
*** EOF ***