**** 8 ****
50
16;12;1;2;359;
30;34;1;2;239;
31;26;1;2;124;
21;18;1;2;210;
25;17;1;2;42;
21;10;1;2;504;
15;23;1;2;279;
19;31;1;2;357;
18;26;1;2;436;
10;13;1;2;590;
28;24;1;2;94;
26;23;1;2;648;
32;33;1;2;201;
28;13;1;2;141;
22;24;1;2;471;
28;11;1;2;28;
14;30;1;2;292;
35;27;1;2;639;
20;18;1;2;365;
34;36;1;2;355;
29;14;1;2;530;
12;18;1;2;420;
27;25;1;2;650;
31;13;1;2;8;
27;17;1;2;304;
11;18;1;2;657;
32;12;1;2;294;
19;15;1;2;133;
32;17;1;2;588;
16;20;1;2;594;
17;34;1;2;468;
21;25;1;2;499;
31;20;1;2;636;
28;30;1;2;16;
35;32;1;2;592;
36;10;1;2;356;
35;15;1;2;552;
25;11;1;2;573;
27;20;1;2;458;
19;14;1;2;323;
22;18;1;2;607;
14;21;1;2;401;
26;35;1;2;141;
15;23;1;2;159;
22;16;1;2;3;
26;10;1;2;602;
28;21;1;2;261;
12;35;1;2;598;
27;27;1;2;557;
36;33;1;2;491;
1;1;2;1103
2;1;5;1088
3;1;17;263
4;1;4;1269
5;1;15;996
6;1;7;174
7;1;1;33
8;1;6;1260
9;1;3;860
10;1;18;1128
11;1;8;801
12;1;18;290
13;1;13;838
*** EOF ***