**** 15 ****
50
17;20;1;2;21;
22;12;1;2;331;
22;22;1;2;321;
12;26;1;2;359;
23;24;1;2;85;
14;16;1;2;358;
14;26;1;2;405;
18;24;1;2;486;
26;16;1;2;65;
24;17;1;2;151;
10;25;1;2;8;
23;17;1;2;158;
22;10;1;2;256;
14;20;1;2;228;
16;18;1;2;52;
21;15;1;2;100;
20;18;1;2;309;
18;22;1;2;189;
19;11;1;2;222;
13;14;1;2;207;
16;10;1;2;529;
14;17;1;2;167;
22;13;1;2;311;
21;18;1;2;411;
12;15;1;2;237;
21;25;1;2;145;
11;17;1;2;373;
19;19;1;2;460;
15;12;1;2;368;
23;19;1;2;138;
21;23;1;2;508;
12;13;1;2;156;
17;25;1;2;53;
24;26;1;2;167;
12;24;1;2;403;
14;15;1;2;297;
11;22;1;2;39;
22;26;1;2;78;
24;22;1;2;103;
17;18;1;2;290;
11;18;1;2;375;
26;25;1;2;206;
15;21;1;2;217;
15;19;1;2;474;
20;22;1;2;120;
10;19;1;2;53;
19;12;1;2;291;
25;26;1;2;121;
19;18;1;2;34;
22;10;1;2;128;
1;1;10;681
2;1;20;53
3;1;15;986
4;1;15;261
5;1;6;717
6;1;16;819
7;1;18;843
8;1;17;324
9;1;11;360
10;1;5;837
11;1;12;663
12;1;6;699
13;1;13;123
*** EOF ***