**** 16 ****
50
25;38;1;2;396;
12;13;1;2;183;
29;31;1;2;133;
13;22;1;2;58;
20;28;1;2;282;
14;30;1;2;310;
22;27;1;2;42;
35;36;1;2;55;
32;31;1;2;560;
26;16;1;2;32;
19;27;1;2;454;
10;23;1;2;507;
31;21;1;2;337;
37;20;1;2;440;
13;36;1;2;211;
13;17;1;2;205;
38;36;1;2;315;
16;29;1;2;306;
19;25;1;2;418;
14;10;1;2;364;
15;14;1;2;92;
31;17;1;2;89;
35;33;1;2;223;
29;19;1;2;378;
32;24;1;2;582;
16;37;1;2;110;
33;26;1;2;371;
14;35;1;2;368;
35;13;1;2;513;
22;25;1;2;234;
12;36;1;2;527;
37;21;1;2;58;
34;36;1;2;177;
19;38;1;2;239;
15;30;1;2;310;
21;28;1;2;165;
24;15;1;2;565;
38;20;1;2;265;
21;21;1;2;244;
33;37;1;2;459;
27;32;1;2;57;
34;30;1;2;221;
12;36;1;2;43;
29;31;1;2;591;
21;30;1;2;574;
13;15;1;2;581;
12;11;1;2;418;
18;37;1;2;154;
26;25;1;2;190;
14;29;1;2;525;
1;1;15;947
2;1;3;782
3;1;4;625
4;1;10;847
5;1;19;865
6;1;6;203
7;1;11;1215
8;1;7;155
9;1;2;1144
10;1;7;302
11;1;15;722
12;1;12;907
13;1;16;563
*** EOF ***