**** 13 ****
50
19;17;1;2;519;
24;22;1;2;328;
13;21;1;2;290;
21;22;1;2;469;
19;13;1;2;137;
13;21;1;2;136;
13;19;1;2;394;
23;12;1;2;177;
22;15;1;2;301;
22;17;1;2;156;
17;17;1;2;417;
10;20;1;2;391;
13;16;1;2;397;
21;10;1;2;379;
23;10;1;2;204;
11;13;1;2;474;
17;12;1;2;63;
10;17;1;2;509;
13;13;1;2;139;
17;13;1;2;488;
14;11;1;2;163;
11;14;1;2;272;
18;22;1;2;222;
16;16;1;2;453;
10;17;1;2;160;
22;24;1;2;188;
10;23;1;2;228;
19;11;1;2;341;
24;12;1;2;107;
22;13;1;2;115;
13;13;1;2;289;
23;14;1;2;521;
19;14;1;2;101;
20;18;1;2;120;
12;23;1;2;489;
24;13;1;2;500;
24;14;1;2;54;
15;10;1;2;245;
19;22;1;2;207;
22;15;1;2;447;
24;17;1;2;14;
18;18;1;2;15;
14;12;1;2;120;
14;24;1;2;226;
18;20;1;2;262;
18;22;1;2;418;
24;14;1;2;400;
24;23;1;2;107;
24;13;1;2;530;
19;12;1;2;177;
1;1;10;958
2;1;20;101
3;1;14;825
4;1;8;467
5;1;15;698
6;1;16;391
7;1;12;638
8;1;19;477
9;1;15;721
10;1;1;661
11;1;3;270
12;1;20;1019
13;1;20;194
*** EOF ***