**** 2 ****
50
27;28;1;2;437;
11;13;1;2;499;
31;18;1;2;517;
29;12;1;2;601;
25;30;1;2;504;
27;19;1;2;438;
16;16;1;2;124;
25;26;1;2;162;
12;36;1;2;614;
19;35;1;2;293;
27;19;1;2;537;
11;14;1;2;539;
19;15;1;2;577;
17;17;1;2;611;
13;11;1;2;34;
28;32;1;2;99;
18;20;1;2;61;
12;38;1;2;216;
19;21;1;2;396;
32;27;1;2;543;
29;12;1;2;604;
30;36;1;2;422;
34;24;1;2;543;
37;30;1;2;220;
10;23;1;2;152;
13;30;1;2;387;
25;21;1;2;226;
22;38;1;2;69;
21;37;1;2;541;
10;12;1;2;220;
35;29;1;2;330;
13;19;1;2;207;
36;35;1;2;290;
31;22;1;2;534;
32;10;1;2;302;
19;30;1;2;245;
34;19;1;2;445;
31;12;1;2;565;
19;12;1;2;104;
24;24;1;2;532;
33;16;1;2;551;
14;25;1;2;359;
32;25;1;2;82;
23;14;1;2;167;
29;15;1;2;204;
30;25;1;2;356;
24;34;1;2;490;
31;37;1;2;238;
11;11;1;2;266;
24;23;1;2;480;
1;1;9;78
2;1;2;385
3;1;12;1043
4;1;11;537
5;1;5;201
6;1;5;29
7;1;13;946
8;1;3;508
9;1;13;137
10;1;13;215
11;1;16;972
12;1;1;586
13;1;15;439
*** EOF ***