**** 1 ****
50
17;14;1;2;345;
16;13;1;2;431;
16;16;1;2;404;
25;12;1;2;478;
20;18;1;2;33;
23;28;1;2;207;
15;26;1;2;206;
17;18;1;2;117;
14;25;1;2;424;
19;15;1;2;118;
16;16;1;2;318;
15;17;1;2;281;
13;27;1;2;55;
18;21;1;2;482;
14;26;1;2;427;
13;28;1;2;227;
13;25;1;2;83;
26;14;1;2;48;
23;18;1;2;233;
12;24;1;2;449;
21;20;1;2;435;
20;25;1;2;382;
19;24;1;2;92;
27;11;1;2;501;
13;26;1;2;503;
26;13;1;2;417;
18;13;1;2;211;
11;25;1;2;502;
15;16;1;2;178;
28;24;1;2;180;
24;20;1;2;213;
18;17;1;2;174;
18;28;1;2;364;
27;18;1;2;379;
27;23;1;2;424;
13;19;1;2;423;
25;21;1;2;21;
11;17;1;2;214;
18;22;1;2;376;
22;23;1;2;465;
21;18;1;2;374;
27;11;1;2;264;
14;24;1;2;336;
11;10;1;2;266;
17;15;1;2;493;
22;14;1;2;86;
11;23;1;2;356;
24;18;1;2;94;
27;17;1;2;498;
23;14;1;2;508;
1;1;3;297
2;1;3;571
3;1;4;444
4;1;8;435
5;1;18;738
6;1;1;669
7;1;20;182
8;1;15;611
9;1;14;398
10;1;8;1013
11;1;2;677
12;1;1;49
13;1;5;846
*** EOF ***