**** 13 ****
50
11;12;1;2;103;
12;10;1;2;288;
11;12;1;2;205;
10;11;1;2;338;
12;12;1;2;273;
11;12;1;2;45;
12;12;1;2;41;
11;12;1;2;105;
12;10;1;2;321;
11;10;1;2;5;
12;12;1;2;281;
11;10;1;2;37;
11;10;1;2;165;
12;11;1;2;238;
10;12;1;2;139;
10;10;1;2;214;
10;10;1;2;240;
10;12;1;2;250;
11;10;1;2;310;
12;12;1;2;112;
11;12;1;2;3;
11;10;1;2;300;
12;12;1;2;22;
12;12;1;2;320;
12;12;1;2;300;
10;12;1;2;186;
11;11;1;2;80;
10;10;1;2;332;
10;10;1;2;27;
12;11;1;2;321;
11;10;1;2;63;
11;12;1;2;94;
10;11;1;2;145;
12;10;1;2;21;
11;11;1;2;262;
12;10;1;2;158;
11;11;1;2;295;
10;10;1;2;140;
11;11;1;2;345;
10;12;1;2;224;
10;12;1;2;51;
12;11;1;2;82;
10;11;1;2;327;
10;12;1;2;19;
10;10;1;2;243;
11;12;1;2;327;
12;10;1;2;130;
12;11;1;2;82;
11;11;1;2;188;
11;10;1;2;43;
1;1;1;161
2;1;17;85
3;1;1;44
4;1;12;251
5;1;17;292
6;1;1;149
7;1;19;220
8;1;20;172
9;1;8;140
10;1;5;62
11;1;20;435
12;1;17;577
13;1;7;532
*** EOF ***