**** 16 ****
50
10;14;1;2;190;
12;11;1;2;291;
14;10;1;2;307;
12;13;1;2;65;
12;11;1;2;389;
12;11;1;2;1;
11;10;1;2;42;
11;13;1;2;227;
11;11;1;2;51;
14;10;1;2;190;
10;11;1;2;153;
10;11;1;2;69;
10;11;1;2;337;
13;12;1;2;28;
10;10;1;2;140;
12;14;1;2;134;
14;10;1;2;212;
13;11;1;2;33;
11;12;1;2;384;
14;10;1;2;218;
11;12;1;2;371;
14;11;1;2;237;
10;10;1;2;306;
12;13;1;2;76;
13;14;1;2;233;
12;10;1;2;358;
10;14;1;2;137;
14;11;1;2;145;
10;10;1;2;35;
11;14;1;2;334;
12;11;1;2;250;
13;13;1;2;312;
10;11;1;2;93;
13;12;1;2;177;
14;13;1;2;305;
11;10;1;2;93;
13;13;1;2;67;
11;12;1;2;60;
11;13;1;2;58;
12;14;1;2;129;
11;14;1;2;287;
11;12;1;2;329;
11;13;1;2;228;
14;10;1;2;20;
11;10;1;2;329;
12;10;1;2;85;
12;13;1;2;27;
13;14;1;2;55;
12;11;1;2;235;
12;11;1;2;76;
1;1;12;352
2;1;20;461
3;1;18;194
4;1;15;493
5;1;18;101
6;1;16;274
7;1;10;77
8;1;18;695
9;1;15;59
10;1;6;753
11;1;16;159
12;1;7;624
13;1;20;574
*** EOF ***