**** 6 ****
50
13;10;1;2;296;
10;16;1;2;388;
14;11;1;2;241;
15;12;1;2;68;
16;15;1;2;71;
16;10;1;2;327;
12;12;1;2;129;
10;13;1;2;185;
10;13;1;2;81;
16;15;1;2;31;
15;15;1;2;75;
10;12;1;2;150;
10;10;1;2;132;
16;15;1;2;125;
10;15;1;2;184;
14;13;1;2;107;
16;12;1;2;216;
13;14;1;2;321;
16;12;1;2;196;
14;14;1;2;198;
11;11;1;2;164;
10;15;1;2;45;
13;14;1;2;381;
16;16;1;2;395;
14;13;1;2;165;
12;16;1;2;187;
11;12;1;2;106;
15;11;1;2;192;
12;11;1;2;214;
15;16;1;2;184;
15;15;1;2;378;
13;12;1;2;290;
12;14;1;2;373;
13;11;1;2;118;
13;12;1;2;288;
14;15;1;2;166;
13;12;1;2;94;
14;12;1;2;338;
14;13;1;2;139;
16;14;1;2;357;
14;15;1;2;296;
13;10;1;2;146;
15;10;1;2;164;
16;16;1;2;91;
14;10;1;2;20;
13;11;1;2;53;
16;15;1;2;140;
13;14;1;2;327;
12;11;1;2;94;
15;12;1;2;272;
1;1;4;601
2;1;17;707
3;1;4;351
4;1;20;440
5;1;18;484
6;1;14;739
7;1;10;664
8;1;7;36
9;1;11;331
10;1;6;376
11;1;6;508
12;1;3;263
13;1;5;634
*** EOF ***