**** 8 ****
50
14;12;1;2;268;
13;12;1;2;71;
12;14;1;2;41;
14;14;1;2;244;
10;11;1;2;321;
14;14;1;2;54;
14;11;1;2;27;
10;13;1;2;12;
12;10;1;2;11;
11;13;1;2;201;
10;14;1;2;137;
11;11;1;2;126;
10;13;1;2;232;
11;13;1;2;92;
11;11;1;2;172;
14;11;1;2;305;
12;11;1;2;289;
11;13;1;2;131;
14;11;1;2;306;
12;10;1;2;193;
12;14;1;2;188;
10;14;1;2;348;
12;14;1;2;108;
10;14;1;2;73;
14;10;1;2;5;
10;13;1;2;97;
12;11;1;2;284;
12;11;1;2;296;
14;13;1;2;110;
13;11;1;2;171;
10;11;1;2;150;
10;13;1;2;344;
13;13;1;2;179;
14;13;1;2;117;
13;12;1;2;155;
14;11;1;2;194;
10;14;1;2;270;
10;12;1;2;41;
12;11;1;2;24;
13;12;1;2;19;
11;10;1;2;37;
14;14;1;2;10;
14;10;1;2;3;
12;13;1;2;79;
13;14;1;2;163;
12;12;1;2;264;
12;12;1;2;357;
14;11;1;2;291;
11;14;1;2;190;
12;11;1;2;310;
1;1;11;361
2;1;2;601
3;1;17;133
4;1;2;564
5;1;15;258
6;1;19;481
7;1;7;309
8;1;2;330
9;1;7;733
10;1;16;657
11;1;9;232
12;1;4;570
13;1;20;502
*** EOF ***