**** 7 ****
50
15;18;1;2;147;
23;14;1;2;108;
18;23;1;2;462;
21;18;1;2;292;
13;15;1;2;368;
15;23;1;2;233;
20;12;1;2;461;
15;15;1;2;446;
10;12;1;2;204;
15;12;1;2;32;
13;22;1;2;398;
17;15;1;2;222;
16;12;1;2;400;
23;13;1;2;435;
14;10;1;2;396;
20;13;1;2;16;
22;24;1;2;219;
14;14;1;2;314;
18;14;1;2;166;
24;11;1;2;258;
23;24;1;2;369;
11;22;1;2;173;
16;13;1;2;35;
14;11;1;2;130;
14;23;1;2;467;
11;14;1;2;194;
11;21;1;2;386;
20;13;1;2;370;
16;14;1;2;387;
10;12;1;2;34;
12;10;1;2;135;
11;17;1;2;109;
15;19;1;2;147;
11;20;1;2;272;
15;10;1;2;167;
21;11;1;2;372;
13;14;1;2;222;
13;20;1;2;350;
15;15;1;2;464;
22;21;1;2;37;
11;24;1;2;190;
18;14;1;2;176;
23;11;1;2;281;
13;19;1;2;226;
23;21;1;2;402;
15;10;1;2;444;
17;15;1;2;318;
23;23;1;2;470;
18;12;1;2;163;
16;10;1;2;297;
1;1;15;102
2;1;5;173
3;1;1;318
4;1;20;387
5;1;18;537
6;1;2;338
7;1;18;591
8;1;17;489
9;1;8;241
10;1;7;689
11;1;11;776
12;1;14;301
13;1;1;356
*** EOF ***