**** 5 ****
50
19;37;1;2;255;
38;25;1;2;57;
36;20;1;2;612;
25;18;1;2;111;
16;29;1;2;70;
34;24;1;2;407;
19;36;1;2;614;
27;34;1;2;593;
13;16;1;2;25;
23;25;1;2;174;
24;10;1;2;205;
31;14;1;2;497;
20;27;1;2;256;
37;16;1;2;279;
16;35;1;2;535;
21;20;1;2;430;
12;23;1;2;224;
14;12;1;2;330;
14;16;1;2;278;
14;21;1;2;313;
18;34;1;2;186;
14;10;1;2;234;
28;24;1;2;622;
18;18;1;2;434;
35;28;1;2;525;
14;23;1;2;259;
12;17;1;2;580;
19;22;1;2;268;
34;28;1;2;54;
37;17;1;2;553;
36;38;1;2;391;
16;22;1;2;616;
38;16;1;2;401;
23;12;1;2;604;
24;15;1;2;240;
36;17;1;2;547;
20;26;1;2;120;
30;34;1;2;247;
12;25;1;2;597;
22;36;1;2;278;
28;14;1;2;341;
31;36;1;2;374;
15;37;1;2;224;
29;29;1;2;535;
14;34;1;2;338;
26;21;1;2;419;
28;27;1;2;510;
30;16;1;2;214;
33;38;1;2;489;
21;13;1;2;397;
1;1;3;235
2;1;12;135
3;1;19;301
4;1;18;946
5;1;11;1271
6;1;8;1079
7;1;4;661
8;1;17;28
9;1;2;1296
10;1;8;725
11;1;18;882
12;1;12;742
13;1;5;934
*** EOF ***