**** 9 ****
50
29;38;1;2;392;
21;14;1;2;116;
36;37;1;2;562;
30;29;1;2;515;
20;18;1;2;90;
22;33;1;2;304;
29;22;1;2;608;
10;37;1;2;343;
25;20;1;2;594;
14;21;1;2;629;
13;17;1;2;174;
22;28;1;2;269;
16;22;1;2;46;
16;28;1;2;621;
32;26;1;2;137;
14;38;1;2;472;
37;25;1;2;542;
29;15;1;2;272;
31;30;1;2;210;
27;16;1;2;504;
32;19;1;2;84;
15;27;1;2;93;
35;38;1;2;5;
14;29;1;2;102;
10;34;1;2;410;
21;36;1;2;369;
18;13;1;2;612;
34;36;1;2;388;
14;22;1;2;155;
19;13;1;2;365;
14;11;1;2;493;
19;37;1;2;394;
13;10;1;2;518;
31;10;1;2;601;
26;13;1;2;523;
17;36;1;2;528;
28;23;1;2;32;
16;37;1;2;368;
12;34;1;2;492;
21;15;1;2;583;
37;33;1;2;418;
26;35;1;2;610;
32;37;1;2;433;
38;13;1;2;178;
37;11;1;2;401;
12;27;1;2;293;
21;28;1;2;350;
24;10;1;2;433;
24;29;1;2;209;
15;15;1;2;453;
1;1;13;1114
2;1;13;69
3;1;4;1109
4;1;4;52
5;1;3;778
6;1;2;705
7;1;15;1151
8;1;7;787
9;1;20;658
10;1;7;962
11;1;16;1258
12;1;19;33
13;1;19;1168
*** EOF ***