**** 4 ****
50
36;19;1;2;488;
25;22;1;2;373;
12;34;1;2;577;
31;12;1;2;406;
27;27;1;2;540;
34;13;1;2;42;
34;14;1;2;355;
36;25;1;2;406;
10;22;1;2;341;
36;16;1;2;110;
15;13;1;2;631;
17;28;1;2;431;
15;36;1;2;177;
24;15;1;2;15;
23;26;1;2;281;
23;31;1;2;54;
10;20;1;2;637;
30;32;1;2;316;
36;27;1;2;132;
33;20;1;2;145;
10;11;1;2;124;
10;31;1;2;571;
13;22;1;2;317;
20;33;1;2;574;
32;24;1;2;606;
32;36;1;2;428;
19;27;1;2;66;
27;33;1;2;263;
34;28;1;2;495;
18;23;1;2;258;
25;21;1;2;84;
24;26;1;2;55;
36;30;1;2;11;
13;25;1;2;272;
17;27;1;2;192;
13;19;1;2;413;
10;19;1;2;400;
26;14;1;2;604;
12;11;1;2;453;
19;24;1;2;437;
29;35;1;2;275;
22;11;1;2;56;
33;10;1;2;256;
20;32;1;2;74;
10;20;1;2;433;
12;12;1;2;461;
10;24;1;2;249;
15;14;1;2;289;
23;26;1;2;182;
26;31;1;2;518;
1;1;14;127
2;1;16;900
3;1;6;1006
4;1;16;1102
5;1;9;363
6;1;13;523
7;1;19;205
8;1;14;1228
9;1;17;1198
10;1;13;556
11;1;15;1060
12;1;5;484
13;1;4;1120
*** EOF ***