**** 14 ****
50
10;20;1;2;160;
24;29;1;2;158;
19;12;1;2;308;
17;26;1;2;425;
25;19;1;2;271;
32;19;1;2;49;
22;27;1;2;583;
10;24;1;2;465;
25;32;1;2;254;
26;14;1;2;572;
28;24;1;2;17;
30;15;1;2;212;
11;26;1;2;491;
31;27;1;2;412;
20;17;1;2;139;
17;19;1;2;418;
20;21;1;2;389;
23;13;1;2;510;
23;29;1;2;363;
16;11;1;2;56;
13;20;1;2;113;
22;14;1;2;385;
30;12;1;2;580;
11;14;1;2;195;
23;25;1;2;425;
25;23;1;2;229;
24;19;1;2;397;
13;14;1;2;396;
13;20;1;2;417;
18;16;1;2;418;
32;11;1;2;371;
29;28;1;2;412;
17;26;1;2;272;
19;27;1;2;550;
28;25;1;2;39;
16;14;1;2;306;
31;25;1;2;417;
13;30;1;2;74;
30;29;1;2;328;
28;14;1;2;341;
23;31;1;2;382;
16;15;1;2;454;
20;11;1;2;275;
22;12;1;2;253;
29;18;1;2;151;
11;22;1;2;498;
15;28;1;2;274;
27;29;1;2;393;
15;29;1;2;358;
23;28;1;2;128;
1;1;1;1064
2;1;4;1151
3;1;3;1157
4;1;5;874
5;1;12;1132
6;1;16;959
7;1;16;919
8;1;8;336
9;1;13;673
10;1;18;34
11;1;3;840
12;1;4;901
13;1;17;1168
*** EOF ***