**** 10 ****
50
12;13;1;2;414;
34;20;1;2;267;
30;29;1;2;401;
36;17;1;2;394;
35;32;1;2;20;
32;36;1;2;296;
10;16;1;2;81;
17;12;1;2;592;
33;22;1;2;496;
32;21;1;2;160;
29;10;1;2;299;
10;15;1;2;347;
18;36;1;2;75;
21;31;1;2;104;
19;27;1;2;308;
34;14;1;2;470;
19;35;1;2;598;
32;23;1;2;498;
11;14;1;2;295;
27;23;1;2;2;
34;34;1;2;325;
34;15;1;2;118;
30;19;1;2;667;
15;33;1;2;568;
34;10;1;2;355;
28;29;1;2;243;
24;34;1;2;586;
25;22;1;2;221;
15;24;1;2;319;
36;29;1;2;188;
24;12;1;2;233;
14;27;1;2;34;
33;18;1;2;699;
20;28;1;2;145;
36;29;1;2;665;
28;21;1;2;682;
29;20;1;2;443;
22;34;1;2;171;
30;32;1;2;288;
33;25;1;2;233;
30;11;1;2;81;
27;30;1;2;32;
30;15;1;2;663;
21;13;1;2;45;
33;17;1;2;60;
24;12;1;2;343;
11;34;1;2;631;
34;17;1;2;92;
31;35;1;2;429;
17;33;1;2;43;
1;1;19;354
2;1;9;276
3;1;11;222
4;1;13;1213
5;1;2;660
6;1;15;476
7;1;5;1300
8;1;4;643
9;1;14;1011
10;1;9;530
11;1;1;1231
12;1;14;327
13;1;8;499
*** EOF ***