**** 18 ****
50
11;26;1;2;15;
16;14;1;2;190;
10;10;1;2;23;
24;16;1;2;63;
21;29;1;2;367;
28;11;1;2;59;
13;27;1;2;345;
11;15;1;2;359;
11;17;1;2;313;
31;12;1;2;206;
16;11;1;2;525;
19;22;1;2;444;
14;20;1;2;146;
13;20;1;2;170;
24;24;1;2;510;
12;31;1;2;296;
24;29;1;2;362;
13;22;1;2;311;
32;15;1;2;166;
28;32;1;2;256;
17;27;1;2;60;
26;18;1;2;505;
17;31;1;2;95;
17;18;1;2;169;
27;21;1;2;80;
29;13;1;2;32;
20;11;1;2;199;
11;19;1;2;24;
25;30;1;2;537;
12;20;1;2;307;
22;18;1;2;363;
11;13;1;2;310;
29;31;1;2;202;
28;30;1;2;61;
11;29;1;2;355;
30;13;1;2;136;
11;26;1;2;49;
16;19;1;2;568;
14;18;1;2;485;
27;18;1;2;50;
11;32;1;2;230;
18;31;1;2;179;
24;11;1;2;97;
21;29;1;2;134;
26;27;1;2;338;
32;11;1;2;190;
24;13;1;2;118;
13;26;1;2;537;
27;13;1;2;330;
29;27;1;2;249;
1;1;13;273
2;1;14;313
3;1;6;787
4;1;3;189
5;1;14;51
6;1;11;675
7;1;14;1100
8;1;17;483
9;1;19;118
10;1;16;1119
11;1;10;720
12;1;5;233
13;1;3;1089
*** EOF ***