**** 5 ****
50
16;14;1;2;105;
26;18;1;2;439;
16;14;1;2;511;
20;22;1;2;187;
10;17;1;2;83;
16;24;1;2;303;
24;21;1;2;149;
20;24;1;2;367;
18;26;1;2;441;
15;14;1;2;508;
19;11;1;2;8;
19;25;1;2;50;
15;14;1;2;1;
10;11;1;2;418;
20;26;1;2;247;
21;20;1;2;266;
19;21;1;2;37;
19;19;1;2;452;
13;18;1;2;354;
26;23;1;2;437;
24;24;1;2;442;
16;12;1;2;320;
18;18;1;2;257;
17;20;1;2;126;
19;24;1;2;398;
22;19;1;2;27;
26;16;1;2;400;
14;13;1;2;26;
13;12;1;2;175;
16;19;1;2;361;
11;15;1;2;313;
19;17;1;2;369;
25;17;1;2;339;
26;23;1;2;139;
16;25;1;2;466;
13;15;1;2;237;
23;25;1;2;429;
18;18;1;2;247;
13;17;1;2;467;
14;20;1;2;211;
14;13;1;2;473;
14;22;1;2;334;
22;16;1;2;335;
17;16;1;2;264;
24;14;1;2;10;
10;15;1;2;291;
25;22;1;2;140;
13;15;1;2;122;
23;15;1;2;440;
23;25;1;2;298;
1;1;5;537
2;1;20;117
3;1;8;61
4;1;10;72
5;1;20;390
6;1;11;40
7;1;10;988
8;1;17;701
9;1;14;819
10;1;3;801
11;1;1;325
12;1;3;814
13;1;11;425
*** EOF ***