**** 11 ****
50
23;35;1;2;73;
34;10;1;2;379;
35;22;1;2;110;
29;24;1;2;223;
33;24;1;2;298;
17;17;1;2;114;
23;34;1;2;599;
19;29;1;2;549;
11;19;1;2;156;
17;10;1;2;42;
23;21;1;2;589;
24;32;1;2;437;
32;13;1;2;511;
25;34;1;2;67;
12;36;1;2;386;
35;17;1;2;213;
22;21;1;2;268;
13;19;1;2;341;
34;21;1;2;555;
34;14;1;2;1;
19;27;1;2;423;
16;30;1;2;560;
22;28;1;2;412;
28;37;1;2;342;
20;22;1;2;159;
33;10;1;2;366;
23;36;1;2;649;
36;11;1;2;364;
26;24;1;2;162;
16;23;1;2;23;
28;38;1;2;598;
25;32;1;2;442;
14;16;1;2;6;
26;23;1;2;536;
35;21;1;2;2;
27;31;1;2;28;
12;12;1;2;564;
11;17;1;2;666;
32;22;1;2;247;
34;31;1;2;330;
31;21;1;2;437;
12;33;1;2;135;
20;22;1;2;268;
29;21;1;2;488;
37;22;1;2;486;
22;20;1;2;306;
22;13;1;2;366;
22;27;1;2;673;
12;12;1;2;540;
22;16;1;2;439;
1;1;13;715
2;1;10;1317
3;1;15;927
4;1;9;268
5;1;3;549
6;1;19;356
7;1;15;1094
8;1;14;984
9;1;12;441
10;1;6;610
11;1;16;289
12;1;15;1171
13;1;18;486
*** EOF ***