**** 5 ****
50
27;23;1;2;477;
26;15;1;2;235;
24;22;1;2;93;
30;27;1;2;251;
30;19;1;2;570;
24;34;1;2;401;
30;17;1;2;494;
34;26;1;2;301;
27;12;1;2;645;
17;20;1;2;659;
15;10;1;2;137;
17;17;1;2;392;
32;14;1;2;218;
10;15;1;2;286;
23;11;1;2;179;
34;20;1;2;635;
31;29;1;2;491;
27;28;1;2;301;
23;25;1;2;348;
29;14;1;2;611;
26;21;1;2;357;
28;33;1;2;221;
21;23;1;2;602;
15;17;1;2;347;
34;28;1;2;35;
29;26;1;2;554;
31;10;1;2;113;
15;24;1;2;355;
10;29;1;2;360;
34;16;1;2;495;
22;18;1;2;495;
11;25;1;2;471;
19;27;1;2;319;
31;27;1;2;538;
25;21;1;2;596;
31;16;1;2;556;
31;16;1;2;104;
31;19;1;2;434;
33;12;1;2;242;
27;12;1;2;317;
30;21;1;2;614;
21;15;1;2;34;
11;19;1;2;648;
25;22;1;2;373;
27;13;1;2;156;
31;18;1;2;14;
19;29;1;2;489;
24;20;1;2;422;
19;18;1;2;118;
24;10;1;2;157;
1;1;4;912
2;1;5;990
3;1;19;967
4;1;7;415
5;1;12;1174
6;1;4;1005
7;1;15;1134
8;1;2;896
9;1;16;857
10;1;2;254
11;1;8;566
12;1;17;638
13;1;6;955
*** EOF ***