**** 18 ****
50
13;24;1;2;298;
27;17;1;2;302;
29;34;1;2;649;
32;16;1;2;219;
11;27;1;2;594;
24;23;1;2;14;
25;26;1;2;504;
32;20;1;2;298;
23;24;1;2;301;
16;20;1;2;362;
23;30;1;2;669;
19;16;1;2;156;
27;29;1;2;264;
18;24;1;2;628;
17;20;1;2;371;
25;17;1;2;648;
10;14;1;2;490;
23;29;1;2;30;
29;29;1;2;678;
29;13;1;2;54;
12;31;1;2;546;
29;34;1;2;129;
16;11;1;2;692;
19;21;1;2;177;
33;32;1;2;172;
11;17;1;2;609;
33;20;1;2;214;
27;30;1;2;570;
12;23;1;2;210;
29;20;1;2;204;
33;19;1;2;552;
32;28;1;2;517;
11;26;1;2;558;
32;34;1;2;551;
25;22;1;2;308;
32;34;1;2;141;
27;23;1;2;507;
18;34;1;2;605;
19;23;1;2;262;
32;18;1;2;208;
27;21;1;2;342;
34;17;1;2;289;
24;21;1;2;42;
23;10;1;2;139;
30;17;1;2;646;
28;22;1;2;614;
23;34;1;2;645;
27;33;1;2;468;
31;31;1;2;483;
32;11;1;2;671;
1;1;15;208
2;1;17;1378
3;1;19;1159
4;1;8;1264
5;1;19;959
6;1;9;1008
7;1;18;367
8;1;8;819
9;1;17;582
10;1;1;1032
11;1;13;168
12;1;12;513
13;1;18;101
*** EOF ***