**** 6 ****
50
29;28;1;2;59;
16;32;1;2;555;
38;22;1;2;192;
19;15;1;2;595;
23;11;1;2;317;
38;17;1;2;115;
11;24;1;2;497;
10;24;1;2;507;
26;30;1;2;250;
15;35;1;2;564;
34;23;1;2;352;
23;34;1;2;117;
33;17;1;2;497;
32;20;1;2;669;
18;32;1;2;184;
20;18;1;2;621;
11;38;1;2;145;
24;37;1;2;507;
22;38;1;2;424;
25;28;1;2;423;
23;38;1;2;189;
26;24;1;2;367;
32;35;1;2;507;
33;29;1;2;505;
12;16;1;2;654;
29;32;1;2;244;
24;35;1;2;613;
15;19;1;2;546;
16;26;1;2;218;
31;15;1;2;142;
19;11;1;2;7;
34;29;1;2;498;
36;21;1;2;120;
33;29;1;2;599;
17;32;1;2;173;
12;24;1;2;144;
24;10;1;2;60;
21;35;1;2;319;
27;26;1;2;158;
24;34;1;2;327;
35;35;1;2;579;
19;17;1;2;104;
30;26;1;2;428;
33;33;1;2;270;
19;31;1;2;476;
20;25;1;2;479;
34;38;1;2;165;
11;19;1;2;112;
19;24;1;2;318;
32;13;1;2;490;
1;1;18;834
2;1;18;515
3;1;3;155
4;1;12;984
5;1;3;87
6;1;13;1306
7;1;6;733
8;1;10;64
9;1;6;1175
10;1;5;1266
11;1;16;430
12;1;10;249
13;1;12;1284
*** EOF ***