**** 10 ****
50
24;25;1;2;138;
18;18;1;2;252;
27;17;1;2;317;
23;13;1;2;293;
18;20;1;2;84;
18;17;1;2;225;
10;28;1;2;488;
21;21;1;2;419;
28;19;1;2;280;
26;13;1;2;6;
13;12;1;2;386;
23;16;1;2;470;
10;17;1;2;483;
22;22;1;2;185;
10;10;1;2;60;
23;10;1;2;451;
26;13;1;2;96;
17;27;1;2;184;
23;20;1;2;556;
28;17;1;2;160;
20;12;1;2;353;
21;17;1;2;437;
26;21;1;2;487;
22;25;1;2;282;
21;25;1;2;374;
15;25;1;2;334;
23;14;1;2;272;
17;27;1;2;367;
22;17;1;2;296;
11;26;1;2;225;
28;19;1;2;205;
11;11;1;2;143;
11;21;1;2;206;
24;14;1;2;16;
13;19;1;2;96;
23;18;1;2;102;
11;27;1;2;294;
12;13;1;2;31;
19;28;1;2;420;
25;18;1;2;386;
12;14;1;2;540;
18;23;1;2;142;
16;21;1;2;515;
19;22;1;2;427;
20;15;1;2;123;
10;28;1;2;204;
26;28;1;2;333;
14;14;1;2;119;
21;12;1;2;173;
26;28;1;2;249;
1;1;2;382
2;1;8;119
3;1;12;556
4;1;8;897
5;1;14;913
6;1;20;399
7;1;17;362
8;1;18;202
9;1;17;820
10;1;3;672
11;1;15;646
12;1;6;987
13;1;7;942
*** EOF ***