**** 18 ****
50
22;20;1;2;505;
32;16;1;2;216;
19;32;1;2;41;
20;23;1;2;108;
20;12;1;2;141;
17;18;1;2;526;
36;24;1;2;643;
29;31;1;2;439;
25;34;1;2;271;
11;13;1;2;412;
32;34;1;2;245;
23;12;1;2;412;
15;36;1;2;332;
14;31;1;2;496;
35;28;1;2;581;
21;26;1;2;172;
19;27;1;2;518;
17;21;1;2;642;
23;33;1;2;584;
34;27;1;2;341;
36;36;1;2;12;
36;18;1;2;67;
13;20;1;2;557;
12;27;1;2;218;
21;30;1;2;23;
34;19;1;2;217;
30;20;1;2;583;
21;15;1;2;597;
25;19;1;2;334;
28;22;1;2;318;
21;17;1;2;128;
29;11;1;2;124;
28;10;1;2;474;
29;30;1;2;449;
10;14;1;2;517;
24;17;1;2;33;
34;36;1;2;220;
19;19;1;2;446;
12;19;1;2;588;
18;12;1;2;104;
32;26;1;2;603;
21;25;1;2;314;
12;10;1;2;405;
14;14;1;2;397;
16;22;1;2;318;
31;35;1;2;455;
26;27;1;2;131;
28;14;1;2;384;
15;19;1;2;239;
15;34;1;2;381;
1;1;17;726
2;1;7;1154
3;1;1;1208
4;1;3;838
5;1;19;702
6;1;1;1130
7;1;17;290
8;1;6;460
9;1;14;1280
10;1;20;354
11;1;10;549
12;1;17;930
13;1;7;639
*** EOF ***