**** 0 ****
50
18;10;1;2;250;
12;17;1;2;150;
11;16;1;2;215;
15;16;1;2;332;
13;15;1;2;104;
13;17;1;2;352;
13;16;1;2;2;
11;18;1;2;170;
14;17;1;2;403;
17;15;1;2;402;
14;17;1;2;111;
17;13;1;2;88;
17;11;1;2;201;
15;14;1;2;134;
15;12;1;2;219;
11;13;1;2;183;
14;16;1;2;181;
16;17;1;2;232;
10;13;1;2;52;
14;17;1;2;404;
13;10;1;2;117;
14;15;1;2;385;
16;13;1;2;310;
17;13;1;2;215;
11;15;1;2;201;
18;15;1;2;165;
14;18;1;2;139;
10;11;1;2;101;
13;18;1;2;180;
13;12;1;2;348;
15;15;1;2;161;
17;17;1;2;378;
10;12;1;2;158;
12;13;1;2;286;
14;15;1;2;247;
16;14;1;2;408;
15;10;1;2;189;
12;13;1;2;66;
14;15;1;2;4;
17;11;1;2;382;
14;17;1;2;258;
17;17;1;2;276;
17;17;1;2;267;
15;17;1;2;140;
15;17;1;2;137;
11;10;1;2;191;
13;12;1;2;395;
15;11;1;2;207;
14;10;1;2;405;
17;14;1;2;144;
1;1;13;493
2;1;2;107
3;1;3;153
4;1;9;813
5;1;7;388
6;1;1;446
7;1;12;663
8;1;13;88
9;1;1;191
10;1;18;618
11;1;3;163
12;1;19;368
13;1;13;138
*** EOF ***