**** 6 ****
50
22;19;1;2;57;
14;16;1;2;404;
23;24;1;2;133;
16;13;1;2;498;
11;18;1;2;28;
14;20;1;2;228;
24;20;1;2;124;
24;14;1;2;298;
20;20;1;2;253;
21;15;1;2;161;
11;17;1;2;207;
18;18;1;2;69;
17;14;1;2;220;
23;13;1;2;17;
15;12;1;2;92;
14;12;1;2;373;
10;16;1;2;278;
19;15;1;2;312;
24;18;1;2;34;
20;15;1;2;488;
23;22;1;2;214;
24;14;1;2;251;
10;16;1;2;130;
19;17;1;2;244;
12;11;1;2;174;
19;11;1;2;402;
14;20;1;2;354;
10;24;1;2;286;
16;12;1;2;379;
13;13;1;2;130;
19;19;1;2;218;
14;24;1;2;267;
24;17;1;2;20;
16;18;1;2;424;
14;16;1;2;132;
15;20;1;2;464;
17;24;1;2;228;
16;12;1;2;304;
13;17;1;2;320;
12;17;1;2;402;
11;12;1;2;463;
22;15;1;2;285;
22;22;1;2;415;
17;10;1;2;270;
14;12;1;2;153;
15;11;1;2;403;
24;19;1;2;265;
19;20;1;2;490;
23;12;1;2;391;
13;18;1;2;184;
1;1;7;322
2;1;1;980
3;1;13;696
4;1;10;733
5;1;17;479
6;1;17;429
7;1;12;569
8;1;10;35
9;1;15;861
10;1;19;808
11;1;1;662
12;1;2;944
13;1;15;244
*** EOF ***