**** 8 ****
50
10;16;1;2;183;
12;14;1;2;393;
15;14;1;2;122;
16;14;1;2;126;
15;10;1;2;280;
16;10;1;2;365;
13;12;1;2;3;
11;14;1;2;320;
11;16;1;2;334;
11;10;1;2;202;
12;16;1;2;368;
15;15;1;2;87;
16;10;1;2;189;
15;11;1;2;45;
10;14;1;2;51;
12;10;1;2;319;
12;10;1;2;150;
14;11;1;2;179;
11;10;1;2;327;
12;10;1;2;142;
15;14;1;2;393;
10;10;1;2;214;
13;14;1;2;173;
14;15;1;2;269;
15;16;1;2;83;
12;16;1;2;39;
11;13;1;2;195;
16;11;1;2;380;
13;11;1;2;48;
16;12;1;2;202;
16;11;1;2;25;
14;10;1;2;273;
15;13;1;2;278;
12;12;1;2;213;
13;10;1;2;150;
10;16;1;2;294;
15;13;1;2;175;
13;10;1;2;185;
16;13;1;2;239;
12;15;1;2;23;
11;16;1;2;119;
10;13;1;2;310;
11;13;1;2;160;
16;16;1;2;75;
13;12;1;2;6;
13;12;1;2;204;
12;13;1;2;287;
16;11;1;2;70;
14;16;1;2;313;
16;13;1;2;376;
1;1;6;743
2;1;13;586
3;1;4;422
4;1;5;548
5;1;11;277
6;1;20;185
7;1;14;304
8;1;12;796
9;1;6;10
10;1;18;258
11;1;3;787
12;1;19;498
13;1;10;237
*** EOF ***