**** 12 ****
50
20;19;1;2;189;
16;20;1;2;62;
19;26;1;2;246;
25;22;1;2;15;
22;27;1;2;133;
22;14;1;2;51;
23;23;1;2;228;
26;13;1;2;205;
29;14;1;2;359;
10;11;1;2;333;
17;22;1;2;294;
24;22;1;2;387;
23;12;1;2;405;
24;19;1;2;191;
20;28;1;2;32;
11;28;1;2;505;
18;20;1;2;474;
20;11;1;2;135;
27;19;1;2;158;
21;19;1;2;253;
23;29;1;2;512;
30;16;1;2;419;
23;23;1;2;403;
18;20;1;2;276;
30;31;1;2;301;
32;19;1;2;602;
26;20;1;2;171;
17;18;1;2;176;
13;27;1;2;495;
24;26;1;2;204;
27;23;1;2;309;
22;25;1;2;296;
22;14;1;2;62;
27;11;1;2;414;
15;32;1;2;300;
21;12;1;2;298;
12;27;1;2;445;
12;17;1;2;295;
26;15;1;2;486;
19;24;1;2;165;
28;12;1;2;80;
26;20;1;2;601;
26;31;1;2;331;
32;17;1;2;384;
27;14;1;2;310;
31;12;1;2;467;
29;32;1;2;118;
18;11;1;2;123;
23;25;1;2;579;
24;19;1;2;126;
1;1;7;956
2;1;14;632
3;1;13;206
4;1;8;1028
5;1;3;349
6;1;9;493
7;1;9;527
8;1;3;242
9;1;4;105
10;1;8;50
11;1;17;396
12;1;9;582
13;1;4;1187
*** EOF ***