**** 1 ****
50
16;16;1;2;313;
11;13;1;2;7;
15;18;1;2;41;
14;11;1;2;424;
18;14;1;2;287;
15;12;1;2;36;
14;14;1;2;282;
11;18;1;2;363;
12;17;1;2;419;
11;16;1;2;286;
11;16;1;2;290;
18;14;1;2;104;
16;10;1;2;101;
11;13;1;2;306;
10;17;1;2;371;
10;10;1;2;328;
18;18;1;2;28;
10;15;1;2;168;
14;10;1;2;384;
10;15;1;2;246;
12;10;1;2;190;
17;14;1;2;160;
10;18;1;2;314;
17;16;1;2;161;
15;17;1;2;60;
17;10;1;2;135;
16;15;1;2;26;
14;11;1;2;62;
18;18;1;2;157;
12;17;1;2;284;
14;16;1;2;31;
16;11;1;2;43;
18;14;1;2;188;
14;10;1;2;381;
12;17;1;2;384;
17;10;1;2;214;
13;16;1;2;129;
13;14;1;2;322;
12;13;1;2;134;
13;10;1;2;13;
10;18;1;2;332;
10;18;1;2;329;
12;11;1;2;312;
16;18;1;2;273;
11;17;1;2;299;
18;17;1;2;220;
18;12;1;2;195;
14;17;1;2;403;
10;13;1;2;320;
14;16;1;2;124;
1;1;16;486
2;1;5;536
3;1;15;216
4;1;19;193
5;1;14;503
6;1;10;104
7;1;12;288
8;1;16;784
9;1;4;828
10;1;19;361
11;1;16;518
12;1;6;460
13;1;14;655
*** EOF ***