**** 16 ****
50
13;10;1;2;70;
11;15;1;2;401;
19;12;1;2;369;
19;14;1;2;130;
18;12;1;2;302;
19;20;1;2;60;
17;12;1;2;89;
19;18;1;2;443;
14;12;1;2;410;
14;13;1;2;203;
10;10;1;2;228;
17;19;1;2;313;
18;11;1;2;34;
17;14;1;2;155;
11;20;1;2;218;
17;11;1;2;16;
11;17;1;2;369;
10;10;1;2;110;
13;19;1;2;365;
17;10;1;2;445;
19;12;1;2;187;
14;13;1;2;16;
20;12;1;2;347;
13;18;1;2;371;
14;10;1;2;373;
11;14;1;2;280;
14;14;1;2;361;
18;14;1;2;229;
11;18;1;2;283;
13;11;1;2;409;
13;20;1;2;136;
11;15;1;2;172;
13;20;1;2;43;
11;14;1;2;320;
14;10;1;2;213;
16;13;1;2;8;
16;15;1;2;79;
13;18;1;2;80;
11;19;1;2;198;
19;17;1;2;290;
11;14;1;2;354;
15;16;1;2;238;
17;10;1;2;368;
18;17;1;2;325;
11;18;1;2;426;
11;18;1;2;14;
20;18;1;2;42;
14;17;1;2;352;
16;17;1;2;175;
19;18;1;2;442;
1;1;4;714
2;1;20;583
3;1;17;782
4;1;9;107
5;1;16;647
6;1;17;555
7;1;20;267
8;1;10;328
9;1;3;759
10;1;6;303
11;1;7;839
12;1;7;687
13;1;16;481
*** EOF ***