**** 17 ****
50
12;10;1;2;27;
10;10;1;2;188;
12;14;1;2;197;
10;13;1;2;358;
13;12;1;2;326;
11;11;1;2;268;
10;12;1;2;52;
10;14;1;2;56;
14;14;1;2;316;
10;12;1;2;7;
13;11;1;2;182;
13;13;1;2;297;
10;10;1;2;208;
11;14;1;2;86;
12;12;1;2;184;
13;11;1;2;130;
10;12;1;2;234;
10;14;1;2;60;
14;11;1;2;119;
14;12;1;2;267;
11;10;1;2;291;
10;13;1;2;118;
10;12;1;2;233;
14;14;1;2;142;
12;10;1;2;184;
14;12;1;2;104;
14;11;1;2;264;
11;13;1;2;98;
14;11;1;2;268;
13;12;1;2;16;
10;12;1;2;127;
13;10;1;2;176;
11;10;1;2;216;
12;12;1;2;345;
13;12;1;2;172;
12;11;1;2;313;
13;12;1;2;221;
13;14;1;2;184;
12;10;1;2;149;
11;13;1;2;330;
13;12;1;2;153;
10;14;1;2;247;
10;13;1;2;335;
14;11;1;2;214;
13;10;1;2;13;
11;14;1;2;206;
14;10;1;2;122;
10;14;1;2;132;
10;11;1;2;271;
14;14;1;2;348;
1;1;7;166
2;1;1;305
3;1;7;89
4;1;5;228
5;1;10;463
6;1;10;569
7;1;16;133
8;1;16;681
9;1;15;19
10;1;2;34
11;1;9;494
12;1;10;326
13;1;14;252
*** EOF ***