**** 17 ****
50
24;30;1;2;14;
20;26;1;2;10;
29;11;1;2;427;
25;12;1;2;339;
12;12;1;2;65;
14;11;1;2;410;
11;24;1;2;442;
16;19;1;2;311;
24;29;1;2;86;
15;15;1;2;531;
28;17;1;2;281;
20;19;1;2;36;
11;21;1;2;413;
23;24;1;2;529;
27;26;1;2;70;
10;27;1;2;163;
25;17;1;2;538;
15;11;1;2;100;
18;21;1;2;495;
28;19;1;2;117;
15;23;1;2;498;
19;28;1;2;219;
12;11;1;2;396;
28;23;1;2;403;
29;20;1;2;393;
12;22;1;2;119;
20;26;1;2;25;
19;13;1;2;453;
21;17;1;2;510;
14;19;1;2;417;
13;12;1;2;503;
13;19;1;2;518;
24;21;1;2;534;
19;28;1;2;415;
15;16;1;2;46;
22;19;1;2;237;
23;16;1;2;449;
10;29;1;2;247;
17;19;1;2;426;
26;13;1;2;294;
26;19;1;2;24;
18;27;1;2;224;
12;15;1;2;94;
20;10;1;2;208;
28;27;1;2;279;
23;20;1;2;194;
26;18;1;2;11;
28;17;1;2;485;
16;11;1;2;110;
19;29;1;2;358;
1;1;7;804
2;1;8;209
3;1;8;445
4;1;14;514
5;1;8;772
6;1;17;987
7;1;4;1060
8;1;8;367
9;1;8;706
10;1;5;978
11;1;19;422
12;1;3;201
13;1;6;143
*** EOF ***