**** 2 ****
50
33;10;1;2;174;
25;20;1;2;328;
16;19;1;2;95;
31;21;1;2;308;
16;15;1;2;492;
20;10;1;2;113;
27;29;1;2;12;
30;13;1;2;576;
30;16;1;2;229;
24;32;1;2;474;
16;17;1;2;566;
21;14;1;2;449;
13;26;1;2;522;
13;31;1;2;272;
28;30;1;2;100;
17;17;1;2;420;
27;17;1;2;122;
33;27;1;2;184;
15;16;1;2;546;
23;19;1;2;464;
17;30;1;2;290;
10;11;1;2;507;
20;16;1;2;543;
30;23;1;2;85;
31;18;1;2;320;
21;17;1;2;486;
20;16;1;2;555;
20;30;1;2;485;
22;34;1;2;397;
17;32;1;2;113;
32;18;1;2;132;
17;11;1;2;399;
23;13;1;2;161;
11;29;1;2;35;
32;23;1;2;124;
14;23;1;2;325;
21;27;1;2;257;
11;20;1;2;431;
16;10;1;2;521;
25;28;1;2;174;
25;20;1;2;368;
20;21;1;2;135;
17;27;1;2;513;
17;32;1;2;106;
32;12;1;2;312;
12;13;1;2;183;
21;29;1;2;474;
26;29;1;2;556;
26;34;1;2;321;
22;32;1;2;382;
1;1;8;794
2;1;4;218
3;1;8;303
4;1;15;326
5;1;10;606
6;1;9;1130
7;1;18;170
8;1;6;25
9;1;6;820
10;1;19;844
11;1;5;646
12;1;9;677
13;1;8;812
*** EOF ***