**** 19 ****
50
12;10;1;2;131;
14;11;1;2;51;
10;11;1;2;70;
16;10;1;2;106;
13;13;1;2;42;
11;15;1;2;276;
13;14;1;2;255;
12;11;1;2;224;
11;14;1;2;28;
12;10;1;2;359;
12;10;1;2;301;
15;15;1;2;35;
11;14;1;2;149;
11;11;1;2;113;
14;12;1;2;109;
14;11;1;2;221;
11;14;1;2;237;
11;11;1;2;145;
14;12;1;2;223;
11;14;1;2;348;
12;15;1;2;43;
14;13;1;2;353;
13;14;1;2;315;
12;12;1;2;197;
12;12;1;2;345;
14;12;1;2;220;
14;12;1;2;316;
15;14;1;2;256;
13;11;1;2;235;
11;11;1;2;208;
10;16;1;2;79;
15;11;1;2;165;
14;13;1;2;38;
10;16;1;2;193;
11;13;1;2;363;
15;12;1;2;348;
12;14;1;2;320;
16;13;1;2;37;
15;11;1;2;198;
15;10;1;2;295;
15;12;1;2;86;
15;12;1;2;129;
13;13;1;2;299;
16;11;1;2;314;
16;13;1;2;201;
13;12;1;2;298;
16;15;1;2;60;
14;13;1;2;352;
14;10;1;2;212;
14;10;1;2;64;
1;1;9;87
2;1;4;123
3;1;1;594
4;1;7;386
5;1;4;690
6;1;18;208
7;1;17;420
8;1;5;340
9;1;2;299
10;1;4;41
11;1;11;371
12;1;5;601
13;1;3;726
*** EOF ***