**** 7 ****
50
13;15;1;2;31;
17;18;1;2;254;
17;11;1;2;287;
18;15;1;2;144;
14;11;1;2;279;
13;16;1;2;340;
14;14;1;2;125;
14;18;1;2;256;
13;10;1;2;364;
16;18;1;2;297;
16;17;1;2;49;
17;11;1;2;148;
17;17;1;2;296;
13;10;1;2;52;
17;12;1;2;415;
10;13;1;2;157;
15;13;1;2;137;
12;14;1;2;327;
18;18;1;2;399;
17;14;1;2;316;
14;18;1;2;427;
10;15;1;2;160;
17;14;1;2;304;
11;10;1;2;322;
15;16;1;2;240;
15;16;1;2;279;
15;17;1;2;183;
16;18;1;2;394;
12;14;1;2;375;
18;17;1;2;350;
18;16;1;2;314;
12;12;1;2;412;
14;13;1;2;229;
10;13;1;2;223;
16;14;1;2;281;
16;12;1;2;401;
16;10;1;2;373;
17;10;1;2;298;
10;17;1;2;140;
16;10;1;2;395;
11;13;1;2;372;
11;16;1;2;422;
18;11;1;2;415;
17;18;1;2;352;
18;13;1;2;350;
16;18;1;2;18;
14;14;1;2;190;
14;14;1;2;405;
11;17;1;2;212;
10;11;1;2;53;
1;1;9;133
2;1;7;633
3;1;1;745
4;1;4;858
5;1;18;817
6;1;9;158
7;1;16;434
8;1;9;75
9;1;19;788
10;1;14;466
11;1;20;874
12;1;15;89
13;1;13;282
*** EOF ***