**** 10 ****
50
10;15;1;2;150;
18;13;1;2;478;
11;22;1;2;1;
10;14;1;2;41;
19;24;1;2;241;
19;21;1;2;192;
18;23;1;2;305;
10;15;1;2;315;
23;24;1;2;136;
14;10;1;2;83;
10;22;1;2;363;
15;13;1;2;165;
20;20;1;2;311;
19;23;1;2;110;
12;19;1;2;313;
24;10;1;2;327;
18;13;1;2;185;
17;20;1;2;397;
18;18;1;2;469;
22;18;1;2;296;
16;20;1;2;329;
22;23;1;2;138;
22;19;1;2;324;
13;20;1;2;326;
20;18;1;2;446;
24;15;1;2;109;
18;12;1;2;366;
14;21;1;2;113;
13;13;1;2;370;
12;10;1;2;230;
23;21;1;2;265;
21;20;1;2;209;
21;16;1;2;347;
15;16;1;2;95;
22;10;1;2;411;
22;17;1;2;237;
10;11;1;2;140;
17;15;1;2;347;
21;14;1;2;107;
13;18;1;2;60;
14;21;1;2;63;
20;23;1;2;435;
15;24;1;2;58;
13;21;1;2;86;
14;17;1;2;95;
22;16;1;2;61;
12;20;1;2;116;
12;13;1;2;173;
11;13;1;2;248;
20;13;1;2;304;
1;1;16;359
2;1;16;534
3;1;4;503
4;1;6;344
5;1;12;718
6;1;18;437
7;1;9;816
8;1;8;579
9;1;6;932
10;1;13;594
11;1;15;779
12;1;11;423
13;1;9;878
*** EOF ***