**** 2 ****
50
12;12;1;2;119;
11;11;1;2;93;
10;10;1;2;266;
12;12;1;2;232;
10;10;1;2;231;
10;11;1;2;61;
10;12;1;2;78;
11;10;1;2;44;
11;10;1;2;131;
10;12;1;2;72;
10;10;1;2;250;
10;12;1;2;315;
11;10;1;2;212;
11;11;1;2;281;
11;12;1;2;20;
12;10;1;2;140;
11;11;1;2;314;
11;11;1;2;283;
11;10;1;2;138;
11;10;1;2;145;
10;10;1;2;161;
11;12;1;2;293;
12;12;1;2;181;
10;12;1;2;325;
11;12;1;2;101;
11;11;1;2;31;
12;10;1;2;102;
11;11;1;2;120;
10;10;1;2;148;
11;11;1;2;261;
11;12;1;2;43;
12;12;1;2;4;
11;12;1;2;9;
12;10;1;2;251;
11;10;1;2;123;
12;11;1;2;312;
10;10;1;2;269;
11;12;1;2;121;
11;11;1;2;51;
10;11;1;2;209;
12;12;1;2;233;
11;10;1;2;300;
12;10;1;2;205;
12;10;1;2;225;
11;11;1;2;286;
12;11;1;2;124;
12;12;1;2;234;
12;11;1;2;221;
11;10;1;2;200;
12;12;1;2;191;
1;1;17;494
2;1;6;102
3;1;3;341
4;1;5;388
5;1;9;406
6;1;18;369
7;1;15;459
8;1;13;114
9;1;6;640
10;1;5;290
11;1;14;16
12;1;11;195
13;1;18;47
*** EOF ***