**** 3 ****
50
24;28;1;2;540;
23;32;1;2;313;
13;12;1;2;193;
31;30;1;2;456;
25;16;1;2;488;
20;31;1;2;86;
16;30;1;2;266;
25;23;1;2;258;
25;22;1;2;613;
26;20;1;2;196;
10;22;1;2;189;
23;18;1;2;286;
26;12;1;2;198;
17;13;1;2;262;
28;10;1;2;594;
31;20;1;2;403;
16;11;1;2;244;
22;12;1;2;424;
17;10;1;2;340;
31;15;1;2;70;
24;24;1;2;451;
17;29;1;2;241;
30;22;1;2;524;
26;16;1;2;434;
18;10;1;2;226;
19;27;1;2;308;
30;19;1;2;552;
23;28;1;2;12;
27;10;1;2;38;
25;26;1;2;556;
30;18;1;2;316;
22;11;1;2;114;
22;29;1;2;398;
16;24;1;2;574;
30;21;1;2;213;
18;27;1;2;216;
16;23;1;2;294;
14;16;1;2;79;
27;26;1;2;75;
24;23;1;2;549;
24;31;1;2;204;
13;18;1;2;317;
13;20;1;2;8;
22;13;1;2;557;
22;22;1;2;64;
13;26;1;2;381;
32;26;1;2;318;
12;32;1;2;53;
31;24;1;2;301;
18;17;1;2;64;
1;1;8;443
2;1;6;583
3;1;8;557
4;1;9;1153
5;1;1;812
6;1;19;832
7;1;12;184
8;1;3;318
9;1;8;644
10;1;17;1178
11;1;9;17
12;1;11;396
13;1;9;287
*** EOF ***