**** 14 ****
50
11;12;1;2;229;
11;16;1;2;52;
15;14;1;2;277;
16;10;1;2;381;
10;10;1;2;343;
14;12;1;2;239;
13;14;1;2;121;
13;10;1;2;67;
16;10;1;2;19;
12;12;1;2;222;
13;13;1;2;254;
10;11;1;2;157;
10;10;1;2;20;
12;12;1;2;387;
14;16;1;2;344;
13;16;1;2;94;
14;11;1;2;240;
16;15;1;2;111;
10;13;1;2;364;
10;10;1;2;75;
13;10;1;2;38;
11;13;1;2;88;
12;12;1;2;83;
10;12;1;2;85;
12;11;1;2;38;
15;11;1;2;236;
10;16;1;2;87;
11;15;1;2;250;
16;16;1;2;61;
14;15;1;2;354;
13;14;1;2;11;
14;16;1;2;324;
11;16;1;2;211;
14;10;1;2;323;
14;12;1;2;4;
11;14;1;2;289;
10;11;1;2;8;
15;12;1;2;185;
13;15;1;2;315;
10;11;1;2;133;
13;14;1;2;3;
12;16;1;2;185;
13;11;1;2;157;
11;11;1;2;266;
13;10;1;2;362;
14;14;1;2;301;
12;16;1;2;120;
16;13;1;2;23;
11;16;1;2;340;
10;14;1;2;189;
1;1;5;681
2;1;20;88
3;1;12;286
4;1;10;631
5;1;16;658
6;1;12;760
7;1;13;128
8;1;10;315
9;1;3;581
10;1;3;589
11;1;20;226
12;1;20;451
13;1;3;487
*** EOF ***