**** 18 ****
50
24;24;1;2;145;
11;13;1;2;233;
26;26;1;2;266;
26;21;1;2;156;
26;24;1;2;222;
21;21;1;2;12;
23;10;1;2;282;
28;13;1;2;300;
23;17;1;2;369;
17;27;1;2;185;
10;17;1;2;332;
18;30;1;2;84;
25;13;1;2;249;
29;24;1;2;455;
10;26;1;2;119;
29;14;1;2;344;
17;12;1;2;5;
18;21;1;2;373;
26;15;1;2;233;
18;21;1;2;91;
18;25;1;2;505;
24;15;1;2;8;
29;12;1;2;448;
30;22;1;2;408;
29;28;1;2;242;
24;25;1;2;98;
28;20;1;2;518;
11;14;1;2;390;
12;27;1;2;448;
17;10;1;2;128;
20;18;1;2;231;
24;17;1;2;339;
10;25;1;2;260;
12;29;1;2;173;
23;12;1;2;115;
12;20;1;2;384;
26;21;1;2;506;
12;10;1;2;279;
11;29;1;2;188;
18;30;1;2;44;
17;15;1;2;99;
19;21;1;2;318;
11;12;1;2;549;
20;24;1;2;94;
28;29;1;2;335;
30;11;1;2;105;
11;25;1;2;102;
13;12;1;2;534;
12;13;1;2;162;
10;13;1;2;416;
1;1;9;548
2;1;20;968
3;1;17;854
4;1;15;415
5;1;5;602
6;1;2;74
7;1;11;1143
8;1;19;817
9;1;14;129
10;1;13;297
11;1;3;45
12;1;13;455
13;1;17;1119
*** EOF ***