**** 6 ****
50
11;11;1;2;36;
16;11;1;2;306;
12;14;1;2;246;
14;13;1;2;170;
17;11;1;2;267;
11;13;1;2;320;
12;18;1;2;114;
13;10;1;2;298;
18;16;1;2;312;
14;18;1;2;366;
13;13;1;2;316;
17;16;1;2;352;
11;18;1;2;83;
10;15;1;2;121;
14;14;1;2;220;
13;12;1;2;104;
17;14;1;2;133;
10;17;1;2;344;
16;13;1;2;51;
13;13;1;2;170;
17;11;1;2;10;
11;15;1;2;256;
10;13;1;2;210;
12;12;1;2;258;
11;16;1;2;200;
12;17;1;2;121;
14;13;1;2;242;
14;18;1;2;218;
14;13;1;2;221;
18;11;1;2;67;
15;12;1;2;247;
12;10;1;2;341;
16;14;1;2;157;
12;11;1;2;149;
14;10;1;2;250;
10;15;1;2;73;
16;15;1;2;234;
16;14;1;2;4;
11;17;1;2;135;
12;11;1;2;202;
15;12;1;2;110;
10;12;1;2;155;
17;11;1;2;94;
16;17;1;2;256;
10;11;1;2;279;
14;12;1;2;274;
11;10;1;2;210;
12;10;1;2;75;
13;13;1;2;55;
10;18;1;2;375;
1;1;10;299
2;1;6;637
3;1;14;180
4;1;10;279
5;1;7;573
6;1;1;693
7;1;9;148
8;1;1;356
9;1;13;382
10;1;8;698
11;1;1;374
12;1;15;673
13;1;6;622
*** EOF ***