**** 1 ****
50
18;24;1;2;307;
10;23;1;2;230;
23;10;1;2;91;
22;19;1;2;490;
18;17;1;2;464;
18;18;1;2;194;
19;17;1;2;272;
10;11;1;2;388;
19;11;1;2;480;
14;15;1;2;403;
23;20;1;2;208;
19;12;1;2;320;
14;13;1;2;344;
15;23;1;2;280;
20;20;1;2;443;
11;11;1;2;104;
15;21;1;2;21;
11;23;1;2;189;
15;18;1;2;12;
13;12;1;2;45;
21;24;1;2;286;
21;13;1;2;405;
14;20;1;2;276;
10;20;1;2;363;
16;15;1;2;12;
13;21;1;2;288;
16;11;1;2;65;
14;11;1;2;366;
22;12;1;2;111;
13;18;1;2;433;
24;19;1;2;47;
22;15;1;2;252;
18;22;1;2;171;
15;16;1;2;324;
13;16;1;2;341;
24;23;1;2;237;
24;18;1;2;310;
24;12;1;2;391;
11;17;1;2;430;
15;16;1;2;105;
19;19;1;2;280;
23;19;1;2;385;
14;18;1;2;443;
17;18;1;2;261;
10;22;1;2;128;
13;21;1;2;51;
24;13;1;2;147;
13;16;1;2;323;
18;20;1;2;448;
21;14;1;2;353;
1;1;1;719
2;1;10;956
3;1;10;725
4;1;20;28
5;1;19;680
6;1;10;366
7;1;15;195
8;1;3;820
9;1;10;709
10;1;12;524
11;1;2;86
12;1;7;621
13;1;17;389
*** EOF ***