**** 7 ****
50
15;38;1;2;572;
29;36;1;2;102;
20;20;1;2;186;
23;17;1;2;293;
21;31;1;2;180;
18;28;1;2;547;
31;11;1;2;225;
21;23;1;2;16;
31;34;1;2;406;
37;30;1;2;263;
24;26;1;2;612;
32;37;1;2;261;
24;29;1;2;305;
22;37;1;2;76;
30;19;1;2;540;
35;21;1;2;22;
21;20;1;2;11;
30;35;1;2;368;
10;11;1;2;131;
17;24;1;2;396;
11;37;1;2;626;
17;38;1;2;629;
29;17;1;2;394;
12;35;1;2;551;
16;10;1;2;488;
23;28;1;2;520;
38;35;1;2;231;
25;13;1;2;133;
15;15;1;2;128;
33;10;1;2;289;
14;13;1;2;487;
18;36;1;2;656;
22;10;1;2;12;
14;13;1;2;177;
25;10;1;2;71;
29;24;1;2;561;
29;12;1;2;473;
26;30;1;2;628;
19;14;1;2;148;
21;17;1;2;446;
13;38;1;2;299;
18;15;1;2;642;
12;32;1;2;591;
31;29;1;2;350;
38;22;1;2;436;
24;22;1;2;323;
34;25;1;2;608;
37;28;1;2;326;
21;16;1;2;327;
30;30;1;2;599;
1;1;5;1011
2;1;11;808
3;1;5;349
4;1;11;990
5;1;6;1030
6;1;10;187
7;1;20;54
8;1;8;411
9;1;14;890
10;1;12;936
11;1;2;829
12;1;5;778
13;1;19;842
*** EOF ***