**** 16 ****
50
24;16;1;2;103;
16;21;1;2;16;
13;13;1;2;71;
18;12;1;2;150;
12;18;1;2;112;
17;10;1;2;462;
14;15;1;2;439;
22;11;1;2;395;
12;13;1;2;264;
11;21;1;2;177;
18;15;1;2;457;
15;13;1;2;289;
18;20;1;2;342;
12;15;1;2;45;
21;23;1;2;41;
11;18;1;2;284;
17;17;1;2;247;
15;18;1;2;272;
24;16;1;2;485;
24;19;1;2;367;
10;24;1;2;302;
10;13;1;2;444;
23;18;1;2;111;
24;18;1;2;104;
24;13;1;2;91;
22;13;1;2;354;
14;13;1;2;98;
17;10;1;2;131;
24;18;1;2;345;
15;10;1;2;140;
11;15;1;2;16;
14;24;1;2;310;
10;24;1;2;144;
14;20;1;2;124;
21;11;1;2;267;
22;16;1;2;131;
10;10;1;2;336;
12;11;1;2;5;
19;23;1;2;252;
18;24;1;2;332;
13;14;1;2;479;
13;15;1;2;400;
12;10;1;2;42;
23;12;1;2;272;
23;15;1;2;100;
20;21;1;2;142;
16;21;1;2;183;
24;12;1;2;57;
24;17;1;2;240;
10;16;1;2;212;
1;1;12;132
2;1;17;79
3;1;8;61
4;1;3;261
5;1;15;497
6;1;14;217
7;1;10;419
8;1;1;380
9;1;18;847
10;1;8;598
11;1;12;790
12;1;2;182
13;1;16;758
*** EOF ***