**** 8 ****
50
26;23;1;2;240;
11;30;1;2;194;
15;27;1;2;279;
14;11;1;2;358;
14;28;1;2;30;
19;22;1;2;533;
28;25;1;2;444;
23;17;1;2;42;
21;20;1;2;344;
17;24;1;2;490;
12;10;1;2;370;
28;10;1;2;495;
19;24;1;2;166;
20;21;1;2;165;
18;19;1;2;25;
28;25;1;2;515;
28;10;1;2;411;
21;23;1;2;464;
26;18;1;2;136;
13;14;1;2;225;
10;11;1;2;428;
16;19;1;2;113;
20;21;1;2;16;
27;20;1;2;548;
15;27;1;2;67;
16;26;1;2;10;
15;17;1;2;272;
28;18;1;2;116;
17;17;1;2;147;
25;13;1;2;400;
11;29;1;2;415;
15;28;1;2;313;
26;14;1;2;412;
16;10;1;2;211;
29;24;1;2;289;
27;29;1;2;92;
30;15;1;2;257;
23;15;1;2;331;
12;13;1;2;64;
17;10;1;2;201;
21;15;1;2;555;
13;21;1;2;488;
18;29;1;2;258;
24;23;1;2;152;
13;15;1;2;142;
14;12;1;2;225;
24;24;1;2;480;
17;30;1;2;162;
30;10;1;2;148;
26;28;1;2;45;
1;1;3;92
2;1;13;849
3;1;8;970
4;1;16;578
5;1;7;889
6;1;16;322
7;1;20;539
8;1;13;952
9;1;16;64
10;1;18;148
11;1;5;1017
12;1;9;176
13;1;3;661
*** EOF ***