**** 14 ****
50
24;27;1;2;245;
28;36;1;2;689;
33;10;1;2;57;
18;12;1;2;496;
34;29;1;2;580;
14;36;1;2;342;
33;30;1;2;16;
32;27;1;2;248;
21;16;1;2;558;
10;26;1;2;43;
11;33;1;2;151;
19;30;1;2;309;
27;20;1;2;195;
25;21;1;2;608;
31;27;1;2;128;
35;17;1;2;686;
15;18;1;2;649;
19;25;1;2;31;
31;33;1;2;462;
20;11;1;2;378;
35;30;1;2;353;
35;17;1;2;365;
30;13;1;2;643;
33;33;1;2;532;
35;10;1;2;8;
26;13;1;2;418;
22;13;1;2;193;
31;29;1;2;11;
14;30;1;2;248;
35;21;1;2;211;
17;24;1;2;375;
22;31;1;2;203;
20;17;1;2;39;
25;36;1;2;246;
12;19;1;2;29;
20;30;1;2;249;
23;21;1;2;498;
23;22;1;2;460;
26;35;1;2;570;
34;29;1;2;130;
28;30;1;2;218;
31;36;1;2;262;
12;28;1;2;262;
36;17;1;2;85;
19;32;1;2;14;
14;36;1;2;466;
30;28;1;2;147;
20;22;1;2;388;
18;20;1;2;600;
27;18;1;2;318;
1;1;4;1137
2;1;2;669
3;1;19;649
4;1;4;1185
5;1;18;791
6;1;11;542
7;1;20;941
8;1;11;338
9;1;19;447
10;1;12;874
11;1;4;1343
12;1;20;1229
13;1;1;1213
*** EOF ***