**** 5 ****
50
16;11;1;2;217;
27;17;1;2;501;
16;21;1;2;377;
11;20;1;2;294;
12;25;1;2;225;
16;15;1;2;66;
13;10;1;2;17;
19;23;1;2;106;
23;10;1;2;356;
20;14;1;2;212;
28;10;1;2;78;
24;13;1;2;87;
25;18;1;2;234;
20;22;1;2;99;
11;11;1;2;33;
27;17;1;2;84;
28;28;1;2;144;
23;27;1;2;116;
11;13;1;2;398;
12;27;1;2;273;
28;18;1;2;135;
25;28;1;2;162;
24;25;1;2;160;
15;15;1;2;379;
27;22;1;2;487;
19;16;1;2;515;
10;25;1;2;95;
13;12;1;2;223;
21;10;1;2;258;
12;15;1;2;223;
21;19;1;2;124;
25;26;1;2;444;
16;26;1;2;154;
21;22;1;2;422;
25;10;1;2;471;
14;14;1;2;260;
13;23;1;2;396;
10;25;1;2;531;
22;21;1;2;130;
21;24;1;2;209;
11;12;1;2;445;
28;13;1;2;14;
26;13;1;2;260;
11;19;1;2;130;
18;16;1;2;65;
10;24;1;2;155;
26;20;1;2;129;
13;14;1;2;399;
20;22;1;2;517;
20;16;1;2;94;
1;1;8;893
2;1;8;188
3;1;19;928
4;1;16;303
5;1;9;485
6;1;19;709
7;1;9;974
8;1;20;141
9;1;1;1092
10;1;12;622
11;1;6;387
12;1;10;469
13;1;11;409
*** EOF ***