**** 8 ****
50
14;21;1;2;315;
20;18;1;2;104;
12;15;1;2;276;
18;20;1;2;492;
14;11;1;2;444;
12;10;1;2;76;
13;21;1;2;84;
21;21;1;2;399;
19;23;1;2;262;
15;11;1;2;472;
22;17;1;2;172;
17;14;1;2;68;
23;10;1;2;192;
24;23;1;2;371;
15;21;1;2;257;
20;15;1;2;211;
17;19;1;2;385;
15;23;1;2;169;
22;17;1;2;84;
20;16;1;2;427;
10;12;1;2;234;
24;15;1;2;224;
10;16;1;2;330;
24;19;1;2;26;
23;12;1;2;208;
10;12;1;2;340;
24;15;1;2;356;
18;14;1;2;201;
23;20;1;2;49;
17;23;1;2;151;
19;14;1;2;317;
19;23;1;2;6;
12;15;1;2;223;
11;11;1;2;296;
24;22;1;2;439;
14;19;1;2;14;
13;12;1;2;354;
20;11;1;2;134;
21;22;1;2;410;
20;16;1;2;143;
18;18;1;2;26;
24;12;1;2;453;
22;15;1;2;213;
18;11;1;2;390;
12;12;1;2;299;
14;24;1;2;340;
15;13;1;2;469;
24;12;1;2;476;
12;10;1;2;420;
21;10;1;2;190;
1;1;1;582
2;1;17;977
3;1;14;749
4;1;4;731
5;1;10;559
6;1;1;334
7;1;7;690
8;1;19;423
9;1;11;231
10;1;2;315
11;1;16;920
12;1;16;191
13;1;4;124
*** EOF ***