**** 13 ****
50
24;18;1;2;541;
19;12;1;2;482;
19;23;1;2;10;
34;19;1;2;398;
32;27;1;2;456;
24;17;1;2;410;
25;30;1;2;58;
13;11;1;2;72;
16;17;1;2;616;
18;11;1;2;129;
29;31;1;2;332;
25;18;1;2;403;
25;26;1;2;157;
27;29;1;2;532;
25;21;1;2;636;
32;21;1;2;55;
24;21;1;2;363;
16;11;1;2;200;
12;21;1;2;254;
24;25;1;2;73;
17;22;1;2;240;
15;32;1;2;211;
28;21;1;2;128;
32;22;1;2;485;
25;23;1;2;439;
11;21;1;2;189;
11;23;1;2;286;
15;11;1;2;366;
28;19;1;2;327;
34;33;1;2;22;
29;34;1;2;216;
32;20;1;2;223;
27;22;1;2;367;
14;27;1;2;461;
29;17;1;2;232;
21;17;1;2;618;
33;22;1;2;355;
30;22;1;2;407;
15;15;1;2;86;
34;12;1;2;65;
12;25;1;2;575;
21;24;1;2;486;
12;12;1;2;154;
32;14;1;2;514;
27;15;1;2;344;
27;25;1;2;137;
28;21;1;2;364;
23;14;1;2;206;
16;24;1;2;603;
10;32;1;2;451;
1;1;7;1024
2;1;10;479
3;1;3;932
4;1;19;213
5;1;18;860
6;1;16;49
7;1;18;337
8;1;5;88
9;1;3;1210
10;1;15;362
11;1;17;1267
12;1;1;120
13;1;18;423
*** EOF ***