**** 7 ****
50
19;18;1;2;247;
17;20;1;2;55;
12;18;1;2;95;
17;17;1;2;204;
18;10;1;2;121;
19;19;1;2;40;
10;16;1;2;16;
20;18;1;2;59;
16;14;1;2;184;
16;17;1;2;68;
14;13;1;2;320;
12;18;1;2;157;
10;13;1;2;55;
10;13;1;2;18;
18;19;1;2;168;
17;11;1;2;407;
12;10;1;2;423;
15;20;1;2;107;
15;11;1;2;267;
11;15;1;2;251;
10;19;1;2;169;
14;17;1;2;356;
10;11;1;2;417;
16;16;1;2;220;
18;20;1;2;372;
19;18;1;2;171;
10;19;1;2;372;
15;13;1;2;213;
11;18;1;2;208;
15;10;1;2;184;
11;14;1;2;403;
14;19;1;2;382;
16;12;1;2;7;
16;17;1;2;141;
12;17;1;2;390;
17;17;1;2;252;
13;12;1;2;39;
12;17;1;2;358;
14;13;1;2;58;
11;15;1;2;380;
11;10;1;2;249;
18;18;1;2;155;
13;13;1;2;189;
15;13;1;2;142;
20;11;1;2;238;
17;20;1;2;356;
19;20;1;2;7;
16;18;1;2;345;
15;16;1;2;264;
18;16;1;2;73;
1;1;5;432
2;1;8;496
3;1;17;747
4;1;12;346
5;1;7;189
6;1;2;506
7;1;7;471
8;1;12;612
9;1;15;639
10;1;2;554
11;1;9;801
12;1;13;110
13;1;10;458
*** EOF ***