**** 4 ****
50
11;11;1;2;87;
12;12;1;2;86;
11;10;1;2;204;
11;12;1;2;45;
12;12;1;2;118;
12;12;1;2;73;
12;11;1;2;305;
12;12;1;2;166;
12;12;1;2;339;
11;10;1;2;169;
11;11;1;2;108;
10;10;1;2;26;
12;12;1;2;280;
10;10;1;2;146;
10;10;1;2;293;
10;10;1;2;51;
10;12;1;2;115;
12;10;1;2;219;
11;12;1;2;242;
11;10;1;2;143;
10;11;1;2;218;
11;11;1;2;242;
10;12;1;2;32;
10;10;1;2;195;
11;11;1;2;73;
11;10;1;2;244;
10;12;1;2;145;
12;12;1;2;182;
12;11;1;2;114;
12;12;1;2;83;
10;11;1;2;61;
11;11;1;2;61;
11;10;1;2;251;
10;10;1;2;254;
12;12;1;2;208;
11;10;1;2;291;
12;11;1;2;184;
12;10;1;2;14;
10;11;1;2;232;
10;10;1;2;102;
10;10;1;2;31;
10;12;1;2;198;
11;10;1;2;78;
11;11;1;2;313;
10;10;1;2;149;
10;10;1;2;36;
11;10;1;2;326;
11;11;1;2;310;
11;10;1;2;105;
10;12;1;2;6;
1;1;16;458
2;1;16;361
3;1;17;164
4;1;17;236
5;1;15;476
6;1;15;384
7;1;18;666
8;1;9;555
9;1;10;270
10;1;3;684
11;1;6;293
12;1;3;54
13;1;1;413
*** EOF ***