**** 14 ****
50
17;10;1;2;377;
10;23;1;2;289;
13;19;1;2;126;
20;10;1;2;30;
23;20;1;2;25;
14;14;1;2;288;
10;13;1;2;241;
19;20;1;2;428;
18;18;1;2;290;
12;22;1;2;64;
13;14;1;2;173;
13;19;1;2;164;
15;11;1;2;275;
22;19;1;2;374;
21;17;1;2;342;
22;10;1;2;99;
12;17;1;2;144;
16;10;1;2;240;
10;22;1;2;308;
18;18;1;2;119;
22;17;1;2;325;
20;23;1;2;172;
10;24;1;2;12;
11;12;1;2;145;
16;11;1;2;19;
13;13;1;2;74;
10;19;1;2;412;
15;17;1;2;237;
20;24;1;2;206;
12;20;1;2;50;
20;16;1;2;8;
18;20;1;2;389;
18;11;1;2;102;
24;24;1;2;235;
15;19;1;2;221;
11;10;1;2;439;
13;18;1;2;92;
22;20;1;2;39;
19;23;1;2;413;
21;23;1;2;220;
14;12;1;2;464;
21;17;1;2;77;
12;14;1;2;30;
15;13;1;2;314;
13;15;1;2;78;
24;23;1;2;328;
23;14;1;2;104;
23;16;1;2;330;
16;12;1;2;4;
17;12;1;2;305;
1;1;6;855
2;1;16;204
3;1;2;636
4;1;20;901
5;1;10;72
6;1;3;711
7;1;10;409
8;1;4;590
9;1;4;172
10;1;5;743
11;1;10;511
12;1;3;882
13;1;9;139
*** EOF ***