**** 15 ****
50
14;12;1;2;58;
13;12;1;2;7;
10;14;1;2;244;
11;13;1;2;266;
12;14;1;2;172;
13;13;1;2;192;
14;14;1;2;376;
14;10;1;2;262;
12;11;1;2;139;
13;13;1;2;130;
13;14;1;2;373;
14;12;1;2;223;
10;13;1;2;176;
10;13;1;2;12;
12;11;1;2;73;
12;11;1;2;155;
11;10;1;2;147;
14;11;1;2;26;
11;10;1;2;141;
14;14;1;2;262;
10;10;1;2;296;
13;11;1;2;288;
11;11;1;2;120;
13;14;1;2;240;
13;13;1;2;119;
12;12;1;2;259;
14;10;1;2;41;
13;12;1;2;167;
11;14;1;2;200;
11;11;1;2;323;
10;10;1;2;344;
11;13;1;2;344;
10;10;1;2;12;
12;10;1;2;189;
14;13;1;2;306;
10;14;1;2;236;
13;12;1;2;124;
14;14;1;2;340;
11;11;1;2;332;
10;11;1;2;156;
11;14;1;2;218;
14;12;1;2;199;
12;13;1;2;46;
13;12;1;2;265;
10;14;1;2;164;
11;10;1;2;126;
10;13;1;2;273;
12;14;1;2;56;
10;11;1;2;237;
13;14;1;2;92;
1;1;17;145
2;1;16;203
3;1;9;294
4;1;14;405
5;1;17;577
6;1;12;521
7;1;11;361
8;1;3;731
9;1;11;747
10;1;19;613
11;1;10;599
12;1;14;688
13;1;6;316
*** EOF ***