**** 2 ****
50
11;21;1;2;392;
14;19;1;2;318;
21;20;1;2;403;
21;17;1;2;501;
23;16;1;2;472;
25;20;1;2;37;
20;17;1;2;18;
24;19;1;2;70;
10;22;1;2;261;
14;16;1;2;66;
18;17;1;2;165;
21;14;1;2;462;
26;10;1;2;39;
13;25;1;2;244;
18;18;1;2;446;
22;19;1;2;29;
14;25;1;2;313;
19;12;1;2;156;
24;26;1;2;321;
21;20;1;2;13;
26;17;1;2;361;
25;20;1;2;36;
12;12;1;2;445;
19;22;1;2;47;
22;18;1;2;11;
16;13;1;2;322;
20;15;1;2;201;
13;26;1;2;202;
21;19;1;2;175;
21;26;1;2;380;
18;16;1;2;396;
11;21;1;2;42;
10;20;1;2;155;
24;16;1;2;243;
20;26;1;2;182;
11;10;1;2;45;
14;25;1;2;211;
24;25;1;2;124;
18;17;1;2;215;
25;23;1;2;93;
20;17;1;2;76;
21;26;1;2;131;
18;10;1;2;155;
25;11;1;2;500;
12;22;1;2;458;
19;12;1;2;423;
16;24;1;2;255;
23;10;1;2;141;
24;17;1;2;416;
25;17;1;2;458;
1;1;9;1022
2;1;12;275
3;1;1;778
4;1;2;658
5;1;8;315
6;1;11;529
7;1;4;765
8;1;8;174
9;1;12;134
10;1;2;823
11;1;5;463
12;1;7;890
13;1;14;633
*** EOF ***