**** 12 ****
50
13;18;1;2;325;
11;16;1;2;396;
10;16;1;2;348;
11;12;1;2;319;
15;18;1;2;243;
12;16;1;2;310;
16;14;1;2;358;
11;15;1;2;163;
11;13;1;2;396;
15;16;1;2;19;
18;15;1;2;188;
15;10;1;2;48;
13;15;1;2;160;
13;10;1;2;146;
15;18;1;2;92;
10;11;1;2;33;
11;14;1;2;117;
11;17;1;2;367;
12;11;1;2;219;
14;12;1;2;300;
11;17;1;2;50;
14;15;1;2;299;
15;18;1;2;43;
18;16;1;2;198;
16;16;1;2;273;
16;15;1;2;351;
18;18;1;2;254;
10;12;1;2;85;
15;17;1;2;193;
12;14;1;2;33;
14;11;1;2;100;
13;14;1;2;177;
16;11;1;2;395;
12;11;1;2;200;
10;18;1;2;77;
13;11;1;2;283;
10;16;1;2;37;
13;18;1;2;202;
15;18;1;2;412;
10;11;1;2;226;
11;16;1;2;117;
16;10;1;2;298;
17;14;1;2;378;
12;10;1;2;302;
17;10;1;2;6;
12;17;1;2;47;
18;12;1;2;166;
18;17;1;2;382;
18;10;1;2;371;
15;16;1;2;62;
1;1;15;175
2;1;1;779
3;1;20;813
4;1;10;515
5;1;5;313
6;1;13;582
7;1;18;35
8;1;14;565
9;1;2;649
10;1;13;793
11;1;2;153
12;1;13;330
13;1;20;236
*** EOF ***