**** 0 ****
50
27;29;1;2;232;
25;16;1;2;365;
11;10;1;2;186;
20;14;1;2;662;
34;17;1;2;41;
28;13;1;2;137;
28;29;1;2;482;
32;14;1;2;355;
26;12;1;2;494;
21;17;1;2;186;
18;34;1;2;597;
16;33;1;2;516;
11;26;1;2;546;
24;35;1;2;647;
25;18;1;2;114;
35;23;1;2;516;
10;26;1;2;581;
16;25;1;2;81;
36;10;1;2;561;
21;17;1;2;566;
29;10;1;2;66;
24;34;1;2;307;
25;20;1;2;368;
34;32;1;2;232;
33;33;1;2;183;
28;25;1;2;138;
23;24;1;2;25;
16;22;1;2;545;
36;30;1;2;635;
28;17;1;2;489;
11;35;1;2;55;
28;36;1;2;658;
35;16;1;2;100;
22;15;1;2;308;
31;17;1;2;618;
21;10;1;2;639;
33;15;1;2;162;
14;19;1;2;548;
19;14;1;2;555;
31;22;1;2;341;
35;31;1;2;435;
20;31;1;2;235;
13;19;1;2;64;
13;10;1;2;524;
27;17;1;2;31;
13;20;1;2;193;
15;15;1;2;20;
34;10;1;2;271;
19;22;1;2;129;
30;18;1;2;388;
1;1;2;1051
2;1;11;1194
3;1;14;1085
4;1;16;97
5;1;8;1142
6;1;19;366
7;1;6;992
8;1;10;725
9;1;7;696
10;1;7;77
11;1;1;973
12;1;10;585
13;1;9;452
*** EOF ***