**** 11 ****
50
12;15;1;2;51;
10;15;1;2;346;
12;14;1;2;372;
13;10;1;2;7;
11;14;1;2;10;
16;12;1;2;203;
14;12;1;2;192;
14;11;1;2;122;
13;13;1;2;37;
16;12;1;2;63;
12;12;1;2;221;
12;11;1;2;355;
15;16;1;2;28;
16;11;1;2;124;
10;10;1;2;238;
12;12;1;2;94;
15;15;1;2;337;
15;14;1;2;240;
10;10;1;2;14;
16;12;1;2;98;
10;16;1;2;174;
13;15;1;2;227;
15;11;1;2;19;
11;11;1;2;58;
12;12;1;2;373;
10;12;1;2;390;
12;13;1;2;13;
15;14;1;2;385;
15;11;1;2;114;
12;15;1;2;93;
10;16;1;2;45;
14;15;1;2;362;
14;12;1;2;251;
12;11;1;2;112;
14;12;1;2;46;
13;12;1;2;207;
15;16;1;2;222;
14;15;1;2;314;
11;12;1;2;383;
15;13;1;2;228;
12;12;1;2;338;
15;11;1;2;85;
12;10;1;2;282;
10;10;1;2;131;
16;14;1;2;221;
13;14;1;2;39;
14;13;1;2;323;
13;16;1;2;166;
16;16;1;2;178;
16;10;1;2;224;
1;1;11;355
2;1;12;12
3;1;5;315
4;1;15;94
5;1;8;381
6;1;9;647
7;1;8;153
8;1;13;171
9;1;9;729
10;1;13;760
11;1;14;715
12;1;12;121
13;1;20;197
*** EOF ***