**** 13 ****
50
11;12;1;2;331;
13;15;1;2;254;
15;12;1;2;18;
15;13;1;2;205;
13;16;1;2;271;
13;15;1;2;45;
12;14;1;2;52;
10;13;1;2;91;
15;14;1;2;308;
10;14;1;2;331;
14;14;1;2;194;
12;14;1;2;317;
15;10;1;2;20;
16;15;1;2;52;
11;10;1;2;208;
10;10;1;2;363;
16;14;1;2;173;
16;16;1;2;160;
14;10;1;2;195;
12;15;1;2;292;
10;11;1;2;102;
12;10;1;2;291;
12;15;1;2;106;
10;15;1;2;182;
11;15;1;2;294;
13;15;1;2;81;
10;16;1;2;45;
10;10;1;2;6;
15;15;1;2;354;
12;11;1;2;184;
13;15;1;2;120;
12;10;1;2;195;
12;10;1;2;10;
14;14;1;2;110;
12;14;1;2;79;
14;10;1;2;131;
11;13;1;2;221;
10;14;1;2;221;
10;16;1;2;320;
11;11;1;2;55;
12;10;1;2;359;
15;12;1;2;194;
11;10;1;2;343;
12;13;1;2;225;
10;10;1;2;151;
16;15;1;2;329;
15;15;1;2;217;
11;11;1;2;240;
13;13;1;2;65;
12;16;1;2;169;
1;1;7;150
2;1;16;302
3;1;3;546
4;1;15;246
5;1;20;506
6;1;6;426
7;1;13;362
8;1;2;621
9;1;3;25
10;1;1;65
11;1;9;388
12;1;19;590
13;1;15;347
*** EOF ***