**** 13 ****
50
35;22;1;2;391;
21;18;1;2;599;
27;14;1;2;190;
28;22;1;2;535;
16;10;1;2;355;
12;25;1;2;48;
14;28;1;2;417;
14;27;1;2;481;
26;18;1;2;339;
20;14;1;2;35;
24;13;1;2;433;
30;15;1;2;347;
19;35;1;2;176;
19;12;1;2;137;
25;15;1;2;89;
19;20;1;2;395;
34;21;1;2;579;
36;26;1;2;463;
26;35;1;2;509;
35;32;1;2;190;
30;36;1;2;315;
15;10;1;2;143;
25;33;1;2;180;
34;29;1;2;554;
21;16;1;2;529;
11;29;1;2;180;
14;13;1;2;430;
24;29;1;2;69;
14;27;1;2;53;
14;27;1;2;483;
32;21;1;2;532;
19;10;1;2;487;
30;16;1;2;104;
19;19;1;2;84;
19;34;1;2;405;
25;28;1;2;103;
10;17;1;2;454;
23;18;1;2;350;
22;34;1;2;414;
22;18;1;2;420;
23;25;1;2;531;
23;19;1;2;325;
32;22;1;2;498;
11;34;1;2;175;
33;31;1;2;155;
12;30;1;2;473;
14;17;1;2;221;
17;18;1;2;317;
34;30;1;2;471;
25;23;1;2;261;
1;1;6;399
2;1;6;1189
3;1;5;541
4;1;10;741
5;1;2;561
6;1;4;134
7;1;6;830
8;1;11;312
9;1;5;879
10;1;13;976
11;1;19;648
12;1;17;216
13;1;9;771
*** EOF ***