**** 3 ****
50
14;10;1;2;149;
13;12;1;2;12;
12;15;1;2;322;
11;17;1;2;90;
13;13;1;2;254;
17;14;1;2;413;
16;15;1;2;28;
16;16;1;2;291;
17;12;1;2;157;
12;10;1;2;157;
18;13;1;2;397;
18;16;1;2;214;
14;10;1;2;368;
17;14;1;2;170;
10;14;1;2;221;
11;17;1;2;426;
11;12;1;2;335;
14;14;1;2;200;
10;11;1;2;260;
12;17;1;2;256;
17;12;1;2;150;
17;12;1;2;235;
16;11;1;2;127;
16;13;1;2;76;
17;15;1;2;325;
18;14;1;2;224;
12;13;1;2;24;
15;11;1;2;8;
12;13;1;2;14;
16;18;1;2;242;
14;14;1;2;36;
16;16;1;2;99;
10;18;1;2;3;
14;17;1;2;109;
14;17;1;2;427;
14;16;1;2;8;
18;12;1;2;93;
14;15;1;2;161;
11;12;1;2;406;
16;15;1;2;346;
16;18;1;2;208;
18;10;1;2;253;
10;18;1;2;364;
14;17;1;2;260;
12;12;1;2;77;
17;10;1;2;34;
18;12;1;2;249;
14;11;1;2;22;
17;13;1;2;164;
12;18;1;2;313;
1;1;8;477
2;1;3;378
3;1;3;593
4;1;18;717
5;1;5;419
6;1;15;522
7;1;1;644
8;1;14;291
9;1;18;97
10;1;11;147
11;1;12;262
12;1;8;708
13;1;17;437
*** EOF ***