**** 11 ****
50
18;27;1;2;217;
24;17;1;2;196;
11;16;1;2;247;
26;20;1;2;481;
13;26;1;2;64;
16;30;1;2;152;
16;27;1;2;405;
18;13;1;2;91;
10;18;1;2;432;
21;10;1;2;512;
19;25;1;2;452;
30;23;1;2;207;
21;20;1;2;494;
15;21;1;2;37;
23;24;1;2;150;
28;28;1;2;414;
29;10;1;2;375;
21;22;1;2;110;
27;12;1;2;465;
11;13;1;2;455;
10;22;1;2;301;
20;10;1;2;127;
13;16;1;2;490;
20;18;1;2;352;
29;10;1;2;71;
12;19;1;2;154;
19;18;1;2;434;
13;26;1;2;254;
21;12;1;2;385;
27;30;1;2;68;
24;26;1;2;262;
17;19;1;2;491;
24;21;1;2;522;
14;26;1;2;171;
13;18;1;2;393;
26;17;1;2;34;
11;23;1;2;144;
19;15;1;2;393;
15;28;1;2;54;
14;27;1;2;174;
20;29;1;2;21;
11;14;1;2;56;
19;21;1;2;75;
15;24;1;2;11;
20;27;1;2;312;
26;30;1;2;483;
26;19;1;2;461;
23;13;1;2;427;
21;22;1;2;24;
21;12;1;2;427;
1;1;14;714
2;1;7;878
3;1;11;668
4;1;8;864
5;1;14;82
6;1;9;702
7;1;17;563
8;1;4;244
9;1;5;928
10;1;6;790
11;1;9;348
12;1;20;293
13;1;13;966
*** EOF ***