**** 1 ****
50
22;11;1;2;251;
19;19;1;2;345;
10;20;1;2;119;
13;14;1;2;255;
15;19;1;2;404;
14;19;1;2;251;
14;20;1;2;249;
20;15;1;2;411;
17;20;1;2;244;
10;14;1;2;171;
22;20;1;2;298;
11;18;1;2;45;
17;18;1;2;213;
22;12;1;2;172;
20;11;1;2;141;
12;21;1;2;109;
10;11;1;2;180;
17;17;1;2;247;
22;11;1;2;75;
10;20;1;2;133;
14;17;1;2;436;
10;18;1;2;358;
22;18;1;2;30;
12;14;1;2;84;
18;16;1;2;179;
19;19;1;2;322;
22;13;1;2;358;
19;21;1;2;119;
11;19;1;2;230;
13;20;1;2;442;
15;12;1;2;82;
14;20;1;2;80;
10;18;1;2;50;
11;11;1;2;213;
19;10;1;2;190;
10;20;1;2;382;
13;19;1;2;382;
19;22;1;2;367;
15;19;1;2;435;
11;11;1;2;82;
11;10;1;2;177;
11;20;1;2;361;
19;12;1;2;158;
17;21;1;2;311;
15;15;1;2;289;
19;21;1;2;356;
21;18;1;2;252;
17;14;1;2;10;
16;13;1;2;213;
10;11;1;2;392;
1;1;8;795
2;1;18;337
3;1;5;23
4;1;1;72
5;1;9;426
6;1;15;899
7;1;16;472
8;1;9;589
9;1;13;839
10;1;9;599
11;1;7;74
12;1;10;553
13;1;12;719
*** EOF ***