**** 0 ****
50
10;11;1;2;86;
15;15;1;2;59;
15;15;1;2;290;
12;11;1;2;229;
13;13;1;2;322;
11;10;1;2;180;
11;12;1;2;48;
15;10;1;2;284;
12;15;1;2;316;
15;14;1;2;337;
14;11;1;2;117;
10;12;1;2;300;
11;16;1;2;16;
15;13;1;2;247;
12;15;1;2;390;
11;16;1;2;39;
16;14;1;2;111;
16;15;1;2;20;
14;15;1;2;34;
15;13;1;2;335;
11;14;1;2;155;
15;12;1;2;165;
16;11;1;2;341;
12;10;1;2;82;
12;11;1;2;95;
10;10;1;2;259;
12;10;1;2;145;
16;13;1;2;297;
10;16;1;2;80;
10;16;1;2;245;
12;16;1;2;97;
10;15;1;2;204;
14;16;1;2;209;
16;16;1;2;15;
11;12;1;2;280;
14;15;1;2;154;
12;16;1;2;6;
13;12;1;2;95;
14;11;1;2;43;
11;12;1;2;184;
12;10;1;2;154;
10;11;1;2;347;
16;16;1;2;86;
13;16;1;2;304;
16;12;1;2;229;
11;10;1;2;384;
11;13;1;2;27;
14;16;1;2;327;
15;13;1;2;97;
13;14;1;2;345;
1;1;14;333
2;1;14;619
3;1;12;261
4;1;7;764
5;1;16;186
6;1;5;663
7;1;15;213
8;1;4;22
9;1;1;568
10;1;16;108
11;1;6;235
12;1;10;86
13;1;15;675
*** EOF ***