**** 6 ****
50
20;11;1;2;169;
11;12;1;2;170;
15;13;1;2;359;
13;17;1;2;66;
10;20;1;2;249;
11;15;1;2;39;
19;13;1;2;381;
15;17;1;2;420;
13;17;1;2;294;
15;15;1;2;163;
14;14;1;2;329;
11;15;1;2;389;
16;12;1;2;269;
12;10;1;2;2;
18;16;1;2;443;
20;19;1;2;13;
18;12;1;2;308;
19;20;1;2;341;
15;20;1;2;428;
19;11;1;2;37;
12;12;1;2;14;
19;16;1;2;163;
16;15;1;2;350;
15;18;1;2;84;
20;12;1;2;110;
14;13;1;2;231;
14;19;1;2;324;
20;13;1;2;174;
11;18;1;2;170;
13;18;1;2;361;
15;11;1;2;251;
13;16;1;2;219;
17;16;1;2;326;
12;17;1;2;412;
13;20;1;2;382;
19;14;1;2;346;
10;15;1;2;428;
19;17;1;2;186;
12;16;1;2;301;
16;13;1;2;281;
10;20;1;2;428;
11;17;1;2;373;
14;11;1;2;383;
10;14;1;2;46;
15;18;1;2;295;
13;19;1;2;17;
18;19;1;2;207;
17;15;1;2;410;
13;12;1;2;46;
17;13;1;2;250;
1;1;16;300
2;1;11;333
3;1;2;773
4;1;12;519
5;1;12;385
6;1;7;573
7;1;13;402
8;1;20;538
9;1;9;716
10;1;8;667
11;1;19;28
12;1;12;247
13;1;8;456
*** EOF ***