**** 18 ****
50
11;16;1;2;19;
16;12;1;2;88;
22;10;1;2;384;
11;15;1;2;13;
19;11;1;2;208;
17;14;1;2;288;
13;11;1;2;271;
20;12;1;2;265;
12;11;1;2;167;
16;12;1;2;12;
17;19;1;2;30;
17;15;1;2;111;
18;21;1;2;286;
13;11;1;2;79;
16;20;1;2;141;
20;14;1;2;451;
19;20;1;2;408;
19;17;1;2;76;
14;14;1;2;157;
22;16;1;2;369;
11;20;1;2;335;
15;13;1;2;318;
13;20;1;2;72;
19;14;1;2;197;
10;21;1;2;402;
22;16;1;2;75;
13;20;1;2;63;
19;17;1;2;101;
13;16;1;2;403;
10;16;1;2;342;
21;16;1;2;43;
11;22;1;2;89;
16;18;1;2;5;
18;20;1;2;150;
12;16;1;2;186;
19;22;1;2;185;
14;11;1;2;422;
19;22;1;2;309;
20;18;1;2;358;
16;19;1;2;90;
15;18;1;2;63;
14;11;1;2;403;
17;11;1;2;294;
13;20;1;2;169;
19;11;1;2;245;
18;13;1;2;234;
13;12;1;2;347;
17;21;1;2;296;
15;14;1;2;433;
10;18;1;2;28;
1;1;2;435
2;1;5;417
3;1;4;841
4;1;15;694
5;1;18;818
6;1;1;776
7;1;5;107
8;1;14;318
9;1;6;303
10;1;6;133
11;1;13;561
12;1;6;667
13;1;18;216
*** EOF ***