**** 0 ****
50
13;18;1;2;92;
12;20;1;2;38;
11;18;1;2;217;
10;15;1;2;73;
10;10;1;2;194;
13;16;1;2;249;
11;12;1;2;276;
17;11;1;2;369;
15;16;1;2;311;
19;16;1;2;268;
11;17;1;2;398;
10;11;1;2;16;
10;20;1;2;189;
10;12;1;2;85;
10;16;1;2;360;
11;11;1;2;56;
13;11;1;2;227;
13;15;1;2;310;
20;15;1;2;235;
19;10;1;2;198;
10;10;1;2;52;
18;15;1;2;72;
17;18;1;2;42;
10;12;1;2;113;
15;11;1;2;367;
13;10;1;2;23;
19;19;1;2;91;
10;19;1;2;124;
16;13;1;2;357;
17;19;1;2;329;
12;17;1;2;261;
13;11;1;2;360;
17;10;1;2;237;
12;11;1;2;166;
19;14;1;2;392;
11;13;1;2;253;
16;19;1;2;157;
11;17;1;2;277;
13;15;1;2;224;
18;17;1;2;260;
11;10;1;2;297;
20;17;1;2;85;
12;20;1;2;399;
16;16;1;2;259;
11;17;1;2;385;
12;18;1;2;189;
13;15;1;2;182;
15;11;1;2;368;
18;10;1;2;288;
20;15;1;2;216;
1;1;10;793
2;1;13;40
3;1;10;774
4;1;17;353
5;1;15;721
6;1;9;671
7;1;2;196
8;1;4;102
9;1;2;149
10;1;16;108
11;1;19;412
12;1;4;29
13;1;2;498
*** EOF ***