**** 4 ****
50
23;11;1;2;659;
22;35;1;2;489;
27;22;1;2;192;
37;14;1;2;48;
19;15;1;2;441;
38;30;1;2;37;
31;10;1;2;52;
29;31;1;2;308;
31;19;1;2;234;
17;34;1;2;112;
15;30;1;2;442;
22;35;1;2;234;
13;16;1;2;145;
32;15;1;2;551;
11;22;1;2;285;
22;22;1;2;442;
11;16;1;2;143;
19;38;1;2;640;
22;24;1;2;49;
33;21;1;2;386;
15;13;1;2;519;
36;19;1;2;369;
11;38;1;2;158;
24;15;1;2;352;
36;32;1;2;508;
26;19;1;2;647;
18;26;1;2;404;
33;11;1;2;648;
15;17;1;2;192;
19;22;1;2;570;
16;35;1;2;36;
19;10;1;2;609;
30;34;1;2;158;
38;16;1;2;631;
35;34;1;2;636;
26;29;1;2;498;
15;18;1;2;427;
17;33;1;2;374;
34;14;1;2;479;
16;21;1;2;27;
29;34;1;2;574;
24;30;1;2;595;
10;17;1;2;664;
21;18;1;2;114;
35;17;1;2;563;
17;16;1;2;247;
31;13;1;2;300;
11;12;1;2;257;
33;12;1;2;473;
33;34;1;2;498;
1;1;18;773
2;1;14;110
3;1;1;422
4;1;14;828
5;1;19;375
6;1;18;1024
7;1;6;264
8;1;2;1269
9;1;18;673
10;1;2;222
11;1;13;187
12;1;15;1312
13;1;11;891
*** EOF ***