**** 10 ****
50
26;20;1;2;359;
21;12;1;2;223;
17;15;1;2;531;
22;14;1;2;357;
24;24;1;2;480;
30;29;1;2;478;
30;13;1;2;437;
28;28;1;2;75;
23;24;1;2;153;
10;15;1;2;451;
11;21;1;2;278;
23;11;1;2;559;
19;30;1;2;552;
16;22;1;2;309;
12;22;1;2;96;
27;18;1;2;294;
30;30;1;2;552;
18;16;1;2;152;
20;16;1;2;164;
11;28;1;2;246;
12;16;1;2;233;
25;11;1;2;557;
21;30;1;2;116;
25;18;1;2;163;
28;14;1;2;182;
17;20;1;2;468;
24;27;1;2;501;
12;15;1;2;56;
12;10;1;2;200;
18;14;1;2;328;
29;25;1;2;521;
30;25;1;2;220;
11;30;1;2;558;
23;18;1;2;92;
16;13;1;2;444;
13;16;1;2;229;
15;20;1;2;393;
11;14;1;2;314;
19;13;1;2;252;
22;19;1;2;547;
27;24;1;2;467;
28;15;1;2;239;
22;18;1;2;222;
23;19;1;2;41;
17;12;1;2;228;
15;20;1;2;456;
28;17;1;2;398;
12;30;1;2;424;
27;25;1;2;155;
22;28;1;2;428;
1;1;10;432
2;1;8;225
3;1;6;258
4;1;20;402
5;1;2;209
6;1;12;130
7;1;16;998
8;1;11;861
9;1;1;187
10;1;8;658
11;1;18;681
12;1;4;640
13;1;4;1060
*** EOF ***