**** 5 ****
50
13;14;1;2;345;
10;11;1;2;206;
13;10;1;2;9;
12;14;1;2;189;
14;12;1;2;61;
14;11;1;2;52;
14;13;1;2;336;
14;10;1;2;85;
13;10;1;2;322;
12;12;1;2;289;
13;11;1;2;86;
10;11;1;2;320;
12;13;1;2;24;
10;12;1;2;13;
12;13;1;2;232;
13;11;1;2;365;
14;13;1;2;346;
11;13;1;2;209;
10;12;1;2;102;
13;12;1;2;338;
14;10;1;2;338;
11;11;1;2;40;
14;11;1;2;168;
13;14;1;2;59;
11;11;1;2;147;
12;11;1;2;115;
12;11;1;2;139;
14;14;1;2;20;
13;13;1;2;179;
10;14;1;2;367;
14;14;1;2;180;
10;12;1;2;30;
11;12;1;2;291;
14;11;1;2;298;
12;14;1;2;114;
11;14;1;2;327;
13;13;1;2;300;
12;14;1;2;214;
14;11;1;2;92;
10;14;1;2;281;
14;13;1;2;320;
14;13;1;2;249;
12;10;1;2;299;
13;13;1;2;3;
10;14;1;2;129;
14;11;1;2;55;
13;11;1;2;188;
11;12;1;2;266;
12;11;1;2;226;
11;10;1;2;160;
1;1;3;684
2;1;15;300
3;1;9;354
4;1;5;69
5;1;2;403
6;1;18;693
7;1;13;224
8;1;15;596
9;1;7;275
10;1;4;441
11;1;2;392
12;1;19;36
13;1;15;167
*** EOF ***