**** 0 ****
50
12;17;1;2;66;
29;23;1;2;336;
25;27;1;2;494;
21;16;1;2;62;
24;25;1;2;547;
29;14;1;2;155;
22;23;1;2;443;
26;24;1;2;175;
27;25;1;2;395;
12;26;1;2;239;
23;25;1;2;547;
20;30;1;2;381;
27;16;1;2;423;
14;24;1;2;527;
13;28;1;2;482;
25;25;1;2;484;
15;22;1;2;265;
16;21;1;2;330;
16;18;1;2;40;
30;17;1;2;412;
12;20;1;2;367;
17;13;1;2;325;
26;14;1;2;69;
14;20;1;2;116;
17;26;1;2;465;
10;28;1;2;234;
12;19;1;2;382;
15;28;1;2;411;
15;16;1;2;135;
21;29;1;2;342;
30;17;1;2;423;
27;26;1;2;38;
27;30;1;2;365;
15;23;1;2;323;
28;13;1;2;190;
23;18;1;2;7;
10;17;1;2;371;
14;12;1;2;166;
18;29;1;2;36;
23;29;1;2;432;
18;17;1;2;458;
22;15;1;2;9;
25;21;1;2;485;
20;26;1;2;245;
10;15;1;2;554;
28;29;1;2;442;
18;15;1;2;561;
29;16;1;2;230;
19;24;1;2;85;
11;25;1;2;284;
1;1;10;237
2;1;19;993
3;1;2;538
4;1;5;408
5;1;14;570
6;1;9;707
7;1;17;135
8;1;1;948
9;1;20;617
10;1;11;494
11;1;4;1068
12;1;7;957
13;1;16;1013
*** EOF ***