**** 12 ****
50
11;12;1;2;119;
12;12;1;2;291;
10;12;1;2;302;
11;10;1;2;245;
12;11;1;2;357;
12;11;1;2;329;
12;12;1;2;134;
12;12;1;2;124;
12;11;1;2;28;
11;12;1;2;295;
12;10;1;2;37;
10;11;1;2;264;
11;10;1;2;93;
12;12;1;2;89;
10;12;1;2;344;
12;12;1;2;341;
11;10;1;2;352;
10;12;1;2;250;
11;11;1;2;360;
12;11;1;2;319;
10;11;1;2;331;
10;10;1;2;276;
12;11;1;2;352;
12;12;1;2;293;
10;12;1;2;320;
12;10;1;2;19;
11;10;1;2;270;
10;10;1;2;218;
12;12;1;2;169;
12;10;1;2;233;
11;10;1;2;211;
12;11;1;2;330;
12;11;1;2;259;
11;10;1;2;205;
10;10;1;2;290;
10;10;1;2;352;
11;12;1;2;215;
10;10;1;2;254;
10;12;1;2;36;
11;11;1;2;128;
11;12;1;2;268;
12;10;1;2;269;
10;11;1;2;75;
11;11;1;2;11;
10;12;1;2;255;
12;11;1;2;42;
11;11;1;2;304;
11;10;1;2;137;
10;10;1;2;277;
12;11;1;2;218;
1;1;18;571
2;1;15;700
3;1;17;518
4;1;4;265
5;1;13;682
6;1;7;188
7;1;18;284
8;1;17;483
9;1;8;378
10;1;14;15
11;1;3;352
12;1;19;64
13;1;14;211
*** EOF ***