**** 15 ****
50
37;17;1;2;187;
22;20;1;2;106;
33;13;1;2;23;
30;17;1;2;29;
27;11;1;2;261;
30;20;1;2;379;
33;26;1;2;129;
24;29;1;2;634;
29;26;1;2;213;
30;30;1;2;194;
21;22;1;2;574;
18;15;1;2;55;
20;24;1;2;406;
30;25;1;2;304;
17;35;1;2;321;
27;13;1;2;654;
31;16;1;2;458;
22;22;1;2;448;
36;11;1;2;487;
37;11;1;2;609;
10;38;1;2;411;
32;33;1;2;680;
24;12;1;2;353;
27;37;1;2;218;
33;18;1;2;555;
18;31;1;2;439;
29;38;1;2;486;
17;32;1;2;510;
33;23;1;2;476;
20;18;1;2;346;
23;13;1;2;518;
26;19;1;2;617;
13;32;1;2;283;
18;31;1;2;461;
31;13;1;2;20;
26;30;1;2;654;
21;29;1;2;710;
24;27;1;2;48;
20;33;1;2;299;
26;19;1;2;38;
29;28;1;2;59;
29;21;1;2;351;
25;17;1;2;372;
28;13;1;2;704;
37;14;1;2;344;
15;10;1;2;110;
13;32;1;2;445;
10;24;1;2;95;
34;13;1;2;332;
35;14;1;2;605;
1;1;9;246
2;1;12;1393
3;1;9;263
4;1;9;993
5;1;13;1422
6;1;19;878
7;1;15;731
8;1;14;587
9;1;13;1360
10;1;13;443
11;1;6;952
12;1;8;772
13;1;20;1175
*** EOF ***