**** 12 ****
50
14;10;1;2;234;
14;10;1;2;325;
13;13;1;2;251;
12;13;1;2;136;
11;10;1;2;362;
10;11;1;2;361;
10;12;1;2;249;
10;11;1;2;369;
10;14;1;2;285;
13;10;1;2;305;
10;10;1;2;313;
11;14;1;2;347;
12;12;1;2;252;
14;11;1;2;161;
12;10;1;2;187;
10;11;1;2;236;
12;11;1;2;309;
12;13;1;2;289;
11;13;1;2;131;
14;10;1;2;80;
12;11;1;2;69;
14;11;1;2;76;
10;13;1;2;357;
13;12;1;2;285;
12;11;1;2;110;
11;10;1;2;73;
13;12;1;2;179;
10;10;1;2;89;
14;10;1;2;129;
12;11;1;2;286;
12;13;1;2;290;
14;14;1;2;293;
13;11;1;2;302;
11;13;1;2;355;
11;14;1;2;299;
14;12;1;2;345;
14;10;1;2;133;
11;11;1;2;66;
14;12;1;2;8;
14;12;1;2;152;
10;12;1;2;60;
12;12;1;2;227;
11;10;1;2;145;
12;12;1;2;217;
10;14;1;2;207;
11;12;1;2;191;
11;10;1;2;28;
13;14;1;2;221;
11;11;1;2;40;
14;13;1;2;234;
1;1;16;615
2;1;10;172
3;1;6;707
4;1;20;496
5;1;4;335
6;1;13;522
7;1;20;134
8;1;16;288
9;1;8;207
10;1;3;646
11;1;11;569
12;1;16;595
13;1;20;410
*** EOF ***