**** 13 ****
50
12;12;1;2;58;
13;12;1;2;231;
18;14;1;2;375;
10;18;1;2;175;
12;11;1;2;55;
10;14;1;2;389;
18;15;1;2;393;
17;14;1;2;291;
16;11;1;2;347;
14;11;1;2;3;
14;16;1;2;137;
11;13;1;2;398;
14;11;1;2;216;
10;15;1;2;382;
11;11;1;2;320;
17;13;1;2;178;
13;14;1;2;92;
11;11;1;2;21;
14;13;1;2;219;
13;10;1;2;79;
15;18;1;2;404;
11;11;1;2;336;
10;16;1;2;321;
13;17;1;2;108;
11;12;1;2;136;
14;12;1;2;191;
14;16;1;2;141;
17;17;1;2;115;
12;12;1;2;375;
11;17;1;2;76;
14;14;1;2;156;
12;10;1;2;345;
15;16;1;2;23;
11;14;1;2;325;
10;17;1;2;379;
11;13;1;2;216;
13;15;1;2;357;
16;13;1;2;211;
12;13;1;2;312;
15;12;1;2;284;
14;13;1;2;295;
18;12;1;2;331;
12;11;1;2;329;
14;15;1;2;370;
11;12;1;2;29;
17;11;1;2;234;
11;11;1;2;122;
13;12;1;2;184;
10;17;1;2;140;
16;11;1;2;341;
1;1;20;471
2;1;6;735
3;1;10;554
4;1;14;97
5;1;12;28
6;1;13;316
7;1;5;264
8;1;15;340
9;1;18;422
10;1;7;188
11;1;2;592
12;1;18;60
13;1;16;245
*** EOF ***