**** 10 ****
50
20;16;1;2;231;
14;19;1;2;51;
13;13;1;2;54;
18;14;1;2;355;
15;10;1;2;265;
17;17;1;2;148;
14;22;1;2;374;
11;12;1;2;253;
20;19;1;2;406;
10;16;1;2;80;
14;15;1;2;349;
15;10;1;2;118;
14;14;1;2;168;
21;20;1;2;163;
12;19;1;2;289;
18;14;1;2;189;
14;17;1;2;126;
20;14;1;2;179;
18;16;1;2;147;
16;20;1;2;134;
22;17;1;2;440;
15;16;1;2;120;
14;21;1;2;145;
17;17;1;2;289;
19;15;1;2;349;
16;18;1;2;313;
13;10;1;2;60;
19;19;1;2;430;
14;10;1;2;35;
21;10;1;2;84;
13;20;1;2;139;
18;19;1;2;356;
13;20;1;2;265;
17;11;1;2;305;
15;17;1;2;300;
15;12;1;2;345;
13;17;1;2;49;
12;21;1;2;152;
12;14;1;2;365;
11;10;1;2;316;
22;19;1;2;131;
10;15;1;2;149;
18;15;1;2;393;
11;22;1;2;257;
16;13;1;2;215;
17;11;1;2;176;
12;14;1;2;418;
14;18;1;2;32;
12;15;1;2;406;
21;18;1;2;18;
1;1;13;651
2;1;11;324
3;1;7;176
4;1;7;759
5;1;3;363
6;1;16;49
7;1;3;741
8;1;1;127
9;1;10;583
10;1;15;548
11;1;8;76
12;1;10;777
13;1;10;797
*** EOF ***