**** 4 ****
50
14;20;1;2;27;
17;27;1;2;275;
14;18;1;2;245;
27;30;1;2;81;
13;23;1;2;258;
15;15;1;2;144;
15;26;1;2;221;
14;26;1;2;310;
23;18;1;2;149;
10;19;1;2;407;
19;32;1;2;256;
14;19;1;2;44;
27;16;1;2;144;
13;12;1;2;251;
25;30;1;2;247;
12;11;1;2;106;
25;29;1;2;331;
32;22;1;2;330;
15;26;1;2;392;
32;17;1;2;250;
31;22;1;2;225;
33;17;1;2;480;
29;27;1;2;332;
17;31;1;2;191;
17;19;1;2;187;
29;18;1;2;486;
12;26;1;2;79;
23;34;1;2;191;
26;28;1;2;55;
11;18;1;2;276;
32;16;1;2;563;
10;11;1;2;390;
31;30;1;2;506;
31;33;1;2;505;
34;28;1;2;349;
24;12;1;2;174;
23;27;1;2;486;
24;24;1;2;266;
16;27;1;2;538;
15;25;1;2;171;
26;21;1;2;124;
27;17;1;2;551;
29;25;1;2;514;
12;13;1;2;18;
18;10;1;2;298;
11;10;1;2;179;
29;11;1;2;513;
20;33;1;2;524;
21;25;1;2;242;
32;17;1;2;134;
1;1;5;782
2;1;10;417
3;1;19;813
4;1;16;540
5;1;8;484
6;1;4;370
7;1;9;1059
8;1;14;572
9;1;20;976
10;1;15;761
11;1;6;968
12;1;6;638
13;1;15;666
*** EOF ***