**** 8 ****
50
33;20;1;2;182;
21;10;1;2;581;
16;12;1;2;285;
10;30;1;2;572;
14;25;1;2;569;
13;12;1;2;598;
25;22;1;2;109;
19;20;1;2;477;
16;10;1;2;574;
33;20;1;2;416;
33;27;1;2;89;
23;30;1;2;539;
31;34;1;2;575;
24;15;1;2;499;
15;16;1;2;513;
27;23;1;2;462;
29;33;1;2;100;
12;32;1;2;213;
18;24;1;2;130;
29;25;1;2;457;
30;17;1;2;333;
34;28;1;2;42;
13;15;1;2;457;
31;29;1;2;94;
14;13;1;2;517;
19;33;1;2;27;
10;29;1;2;6;
24;16;1;2;134;
34;26;1;2;332;
13;15;1;2;88;
26;11;1;2;368;
16;26;1;2;377;
33;16;1;2;79;
11;34;1;2;294;
30;32;1;2;20;
11;16;1;2;146;
14;12;1;2;452;
14;16;1;2;587;
16;12;1;2;206;
14;28;1;2;123;
33;21;1;2;591;
12;28;1;2;382;
11;34;1;2;125;
27;21;1;2;24;
20;26;1;2;225;
29;23;1;2;183;
34;28;1;2;185;
21;22;1;2;459;
22;16;1;2;512;
20;27;1;2;194;
1;1;8;721
2;1;20;618
3;1;19;429
4;1;9;29
5;1;5;55
6;1;10;1119
7;1;3;393
8;1;16;591
9;1;9;521
10;1;5;11
11;1;15;804
12;1;5;1090
13;1;6;756
*** EOF ***