**** 18 ****
50
19;17;1;2;414;
15;20;1;2;84;
17;13;1;2;220;
11;15;1;2;100;
13;16;1;2;31;
18;10;1;2;416;
12;13;1;2;421;
18;13;1;2;17;
20;14;1;2;398;
10;17;1;2;225;
17;14;1;2;3;
11;15;1;2;136;
12;17;1;2;116;
14;20;1;2;1;
11;16;1;2;54;
16;15;1;2;5;
13;11;1;2;120;
15;20;1;2;332;
18;11;1;2;90;
10;11;1;2;185;
12;17;1;2;61;
19;17;1;2;264;
12;17;1;2;77;
16;16;1;2;257;
19;13;1;2;81;
16;15;1;2;112;
11;14;1;2;328;
19;12;1;2;183;
17;18;1;2;284;
15;18;1;2;28;
18;13;1;2;87;
16;16;1;2;386;
16;19;1;2;102;
10;15;1;2;123;
13;15;1;2;275;
14;15;1;2;87;
19;13;1;2;139;
19;18;1;2;136;
18;19;1;2;97;
11;14;1;2;361;
13;10;1;2;150;
14;17;1;2;19;
15;15;1;2;158;
18;13;1;2;322;
10;16;1;2;399;
13;14;1;2;220;
11;17;1;2;273;
12;11;1;2;272;
20;12;1;2;170;
11;11;1;2;368;
1;1;2;630
2;1;4;849
3;1;1;12
4;1;12;501
5;1;5;445
6;1;12;93
7;1;19;152
8;1;16;263
9;1;9;25
10;1;4;651
11;1;2;591
12;1;16;796
13;1;16;465
*** EOF ***