**** 18 ****
50
28;25;1;2;371;
22;16;1;2;427;
10;15;1;2;263;
15;13;1;2;256;
27;18;1;2;173;
16;18;1;2;554;
26;25;1;2;52;
18;24;1;2;237;
19;17;1;2;204;
11;12;1;2;373;
10;15;1;2;361;
15;23;1;2;353;
17;17;1;2;325;
20;16;1;2;323;
19;26;1;2;393;
27;18;1;2;124;
25;12;1;2;385;
19;22;1;2;508;
15;23;1;2;306;
23;18;1;2;409;
18;28;1;2;513;
26;18;1;2;7;
14;15;1;2;559;
20;13;1;2;261;
14;26;1;2;254;
28;14;1;2;221;
18;24;1;2;451;
22;17;1;2;39;
28;22;1;2;310;
25;25;1;2;171;
22;19;1;2;100;
24;28;1;2;107;
18;25;1;2;473;
26;23;1;2;385;
22;18;1;2;472;
25;27;1;2;211;
24;24;1;2;382;
25;23;1;2;254;
12;14;1;2;73;
15;19;1;2;317;
22;12;1;2;359;
26;21;1;2;156;
10;16;1;2;317;
16;25;1;2;79;
21;19;1;2;252;
25;21;1;2;37;
18;20;1;2;477;
12;15;1;2;61;
10;20;1;2;35;
28;10;1;2;176;
1;1;16;1104
2;1;17;764
3;1;5;206
4;1;14;960
5;1;4;552
6;1;1;1017
7;1;4;371
8;1;5;101
9;1;7;136
10;1;16;511
11;1;15;18
12;1;20;711
13;1;4;940
*** EOF ***