**** 8 ****
50
35;29;1;2;99;
32;18;1;2;304;
24;22;1;2;84;
18;17;1;2;30;
31;15;1;2;43;
24;38;1;2;276;
27;32;1;2;594;
30;34;1;2;487;
26;29;1;2;423;
19;29;1;2;230;
13;12;1;2;340;
20;10;1;2;305;
24;31;1;2;306;
13;28;1;2;13;
34;34;1;2;283;
34;23;1;2;171;
29;27;1;2;303;
20;11;1;2;455;
11;30;1;2;392;
30;14;1;2;664;
20;23;1;2;189;
32;30;1;2;30;
11;26;1;2;548;
29;26;1;2;428;
24;13;1;2;68;
20;30;1;2;85;
25;26;1;2;10;
28;30;1;2;410;
35;20;1;2;282;
32;34;1;2;52;
27;23;1;2;485;
10;36;1;2;138;
30;20;1;2;512;
11;10;1;2;279;
32;38;1;2;669;
37;32;1;2;515;
26;13;1;2;74;
20;33;1;2;417;
36;16;1;2;404;
32;29;1;2;341;
24;34;1;2;687;
12;37;1;2;672;
35;24;1;2;195;
32;27;1;2;253;
24;32;1;2;270;
11;15;1;2;566;
17;15;1;2;475;
24;31;1;2;601;
11;18;1;2;233;
20;32;1;2;653;
1;1;13;792
2;1;15;1204
3;1;19;514
4;1;10;1044
5;1;14;382
6;1;18;699
7;1;14;1259
8;1;20;840
9;1;4;13
10;1;19;243
11;1;12;498
12;1;10;1220
13;1;18;953
*** EOF ***