**** 8 ****
50
26;21;1;2;106;
14;18;1;2;152;
21;18;1;2;186;
20;24;1;2;119;
12;11;1;2;428;
13;20;1;2;431;
11;25;1;2;45;
17;30;1;2;470;
28;18;1;2;182;
11;16;1;2;104;
20;25;1;2;307;
10;26;1;2;399;
15;26;1;2;160;
10;29;1;2;366;
11;11;1;2;244;
14;24;1;2;405;
26;31;1;2;331;
10;31;1;2;386;
26;32;1;2;457;
25;28;1;2;224;
10;26;1;2;430;
21;31;1;2;49;
19;15;1;2;276;
27;31;1;2;83;
15;29;1;2;453;
10;14;1;2;153;
26;12;1;2;380;
13;20;1;2;155;
19;28;1;2;411;
12;13;1;2;114;
11;19;1;2;58;
14;24;1;2;171;
16;24;1;2;203;
28;31;1;2;371;
23;23;1;2;499;
10;20;1;2;327;
31;26;1;2;312;
25;18;1;2;118;
16;26;1;2;412;
17;31;1;2;500;
11;28;1;2;254;
14;29;1;2;489;
24;22;1;2;65;
23;22;1;2;476;
24;16;1;2;205;
29;30;1;2;505;
17;28;1;2;100;
22;20;1;2;266;
15;13;1;2;284;
10;25;1;2;457;
1;1;16;512
2;1;6;261
3;1;4;38
4;1;18;542
5;1;4;254
6;1;3;529
7;1;19;669
8;1;9;947
9;1;19;474
10;1;11;233
11;1;7;961
12;1;1;805
13;1;19;570
*** EOF ***