**** 0 ****
50
17;13;1;2;50;
24;16;1;2;495;
10;14;1;2;202;
17;18;1;2;331;
18;22;1;2;371;
15;18;1;2;112;
22;24;1;2;49;
11;18;1;2;81;
14;19;1;2;132;
20;10;1;2;99;
19;25;1;2;311;
18;26;1;2;81;
16;19;1;2;123;
15;20;1;2;280;
16;24;1;2;448;
23;20;1;2;499;
22;25;1;2;318;
17;20;1;2;229;
11;22;1;2;173;
17;20;1;2;370;
11;18;1;2;207;
14;20;1;2;456;
12;21;1;2;59;
24;24;1;2;453;
26;17;1;2;36;
17;23;1;2;133;
23;19;1;2;151;
19;19;1;2;215;
10;18;1;2;332;
22;25;1;2;2;
13;23;1;2;236;
10;14;1;2;359;
16;18;1;2;94;
20;15;1;2;381;
19;20;1;2;239;
17;12;1;2;115;
16;22;1;2;368;
23;16;1;2;324;
16;14;1;2;206;
17;24;1;2;341;
13;25;1;2;223;
18;10;1;2;326;
14;24;1;2;84;
20;17;1;2;463;
23;21;1;2;27;
16;26;1;2;283;
22;26;1;2;105;
19;19;1;2;58;
14;10;1;2;329;
23;17;1;2;60;
1;1;12;337
2;1;20;987
3;1;20;301
4;1;18;828
5;1;4;691
6;1;17;473
7;1;3;77
8;1;8;124
9;1;7;761
10;1;1;733
11;1;14;953
12;1;10;81
13;1;2;493
*** EOF ***