**** 0 ****
50
11;13;1;2;219;
11;12;1;2;91;
13;14;1;2;292;
10;10;1;2;16;
10;13;1;2;193;
12;12;1;2;105;
11;14;1;2;363;
11;14;1;2;68;
12;10;1;2;246;
13;13;1;2;230;
11;11;1;2;83;
12;10;1;2;26;
13;10;1;2;178;
10;12;1;2;221;
13;11;1;2;304;
13;11;1;2;301;
14;11;1;2;321;
14;10;1;2;299;
12;14;1;2;8;
11;14;1;2;17;
13;14;1;2;205;
11;13;1;2;164;
13;11;1;2;162;
13;10;1;2;328;
14;11;1;2;21;
14;14;1;2;185;
14;10;1;2;40;
13;10;1;2;22;
11;14;1;2;309;
10;10;1;2;132;
14;14;1;2;128;
12;13;1;2;240;
14;10;1;2;165;
12;10;1;2;277;
13;10;1;2;225;
11;14;1;2;347;
12;14;1;2;64;
13;14;1;2;222;
12;14;1;2;13;
14;10;1;2;97;
11;11;1;2;309;
10;10;1;2;269;
12;14;1;2;108;
12;13;1;2;224;
11;14;1;2;218;
11;11;1;2;156;
13;11;1;2;38;
10;13;1;2;105;
11;12;1;2;210;
11;10;1;2;343;
1;1;5;326
2;1;10;625
3;1;9;93
4;1;10;235
5;1;16;525
6;1;3;156
7;1;3;635
8;1;19;657
9;1;5;419
10;1;1;30
11;1;15;483
12;1;17;594
13;1;18;444
*** EOF ***