**** 7 ****
50
13;29;1;2;348;
30;20;1;2;491;
20;29;1;2;267;
25;15;1;2;493;
13;17;1;2;36;
21;20;1;2;34;
21;24;1;2;243;
11;18;1;2;423;
16;24;1;2;25;
27;17;1;2;300;
30;16;1;2;358;
16;24;1;2;27;
13;13;1;2;447;
14;14;1;2;526;
10;23;1;2;141;
22;13;1;2;352;
14;18;1;2;98;
28;18;1;2;21;
21;17;1;2;471;
27;21;1;2;436;
17;11;1;2;206;
12;13;1;2;227;
19;26;1;2;432;
13;11;1;2;212;
14;11;1;2;319;
18;27;1;2;463;
28;28;1;2;206;
10;23;1;2;140;
23;14;1;2;295;
10;14;1;2;174;
16;28;1;2;52;
15;30;1;2;67;
19;14;1;2;360;
29;28;1;2;532;
11;10;1;2;3;
20;17;1;2;117;
21;12;1;2;232;
17;19;1;2;117;
16;17;1;2;422;
12;11;1;2;299;
19;28;1;2;57;
19;29;1;2;339;
16;24;1;2;295;
30;19;1;2;493;
14;18;1;2;288;
22;15;1;2;240;
30;30;1;2;194;
15;18;1;2;200;
22;10;1;2;454;
25;11;1;2;140;
1;1;14;188
2;1;9;621
3;1;14;1015
4;1;13;1053
5;1;13;828
6;1;2;421
7;1;12;695
8;1;9;277
9;1;11;765
10;1;5;70
11;1;3;375
12;1;19;537
13;1;11;814
*** EOF ***