**** 14 ****
50
23;32;1;2;588;
23;35;1;2;533;
33;16;1;2;599;
16;22;1;2;79;
17;27;1;2;532;
32;20;1;2;489;
37;36;1;2;316;
28;34;1;2;608;
35;15;1;2;279;
23;37;1;2;491;
12;17;1;2;602;
16;24;1;2;41;
27;17;1;2;499;
30;15;1;2;182;
18;36;1;2;3;
23;36;1;2;579;
16;15;1;2;161;
23;33;1;2;81;
36;31;1;2;541;
16;24;1;2;73;
15;36;1;2;152;
11;18;1;2;340;
24;26;1;2;411;
13;30;1;2;336;
17;27;1;2;409;
15;15;1;2;398;
34;18;1;2;543;
30;34;1;2;524;
13;22;1;2;583;
14;32;1;2;8;
22;11;1;2;356;
19;17;1;2;10;
25;23;1;2;280;
34;23;1;2;216;
29;11;1;2;501;
11;15;1;2;525;
14;31;1;2;159;
13;37;1;2;170;
27;30;1;2;520;
30;32;1;2;293;
33;30;1;2;134;
15;34;1;2;480;
17;36;1;2;603;
23;37;1;2;253;
21;20;1;2;88;
22;22;1;2;157;
24;20;1;2;594;
13;12;1;2;412;
30;32;1;2;105;
18;38;1;2;78;
1;1;9;698
2;1;15;985
3;1;11;766
4;1;13;119
5;1;8;603
6;1;4;520
7;1;3;1195
8;1;7;721
9;1;11;555
10;1;1;1065
11;1;8;1156
12;1;2;588
13;1;15;655
*** EOF ***