**** 3 ****
50
14;18;1;2;576;
35;17;1;2;490;
27;12;1;2;43;
13;24;1;2;380;
24;29;1;2;240;
36;27;1;2;318;
12;12;1;2;77;
28;17;1;2;230;
16;11;1;2;406;
26;19;1;2;184;
29;32;1;2;158;
19;29;1;2;23;
34;20;1;2;20;
11;16;1;2;364;
30;12;1;2;55;
14;24;1;2;554;
21;33;1;2;499;
18;36;1;2;229;
17;33;1;2;378;
36;10;1;2;74;
17;24;1;2;296;
11;20;1;2;57;
13;21;1;2;240;
21;11;1;2;164;
11;21;1;2;292;
36;34;1;2;272;
13;32;1;2;190;
23;28;1;2;77;
24;11;1;2;565;
25;31;1;2;528;
27;21;1;2;444;
36;17;1;2;447;
13;33;1;2;136;
31;13;1;2;226;
12;21;1;2;57;
19;26;1;2;515;
11;16;1;2;569;
30;21;1;2;557;
30;13;1;2;320;
13;31;1;2;65;
13;18;1;2;229;
14;32;1;2;222;
11;22;1;2;470;
24;32;1;2;535;
10;10;1;2;358;
20;22;1;2;228;
33;21;1;2;191;
15;10;1;2;165;
11;35;1;2;105;
16;22;1;2;61;
1;1;10;49
2;1;14;1099
3;1;14;1167
4;1;15;541
5;1;4;102
6;1;14;1010
7;1;5;1035
8;1;10;501
9;1;2;834
10;1;19;629
11;1;14;219
12;1;18;585
13;1;13;780
*** EOF ***