**** 5 ****
50
15;11;1;2;281;
15;12;1;2;225;
12;17;1;2;388;
18;11;1;2;49;
18;18;1;2;278;
10;16;1;2;113;
13;17;1;2;51;
13;14;1;2;213;
14;14;1;2;389;
10;18;1;2;317;
16;13;1;2;214;
14;13;1;2;126;
12;13;1;2;167;
11;10;1;2;30;
13;10;1;2;252;
10;13;1;2;393;
17;12;1;2;198;
13;17;1;2;143;
13;13;1;2;163;
15;17;1;2;43;
10;15;1;2;314;
13;12;1;2;105;
11;13;1;2;321;
12;11;1;2;161;
13;16;1;2;260;
15;18;1;2;21;
10;15;1;2;242;
15;12;1;2;62;
18;15;1;2;151;
11;11;1;2;137;
17;12;1;2;372;
10;10;1;2;202;
10;10;1;2;127;
14;13;1;2;269;
12;10;1;2;149;
13;11;1;2;42;
14;18;1;2;381;
16;10;1;2;241;
12;15;1;2;274;
13;11;1;2;378;
17;13;1;2;85;
13;15;1;2;152;
10;13;1;2;3;
15;11;1;2;395;
17;16;1;2;149;
15;17;1;2;338;
13;14;1;2;274;
16;18;1;2;374;
16;15;1;2;12;
11;10;1;2;98;
1;1;9;558
2;1;4;243
3;1;1;67
4;1;10;137
5;1;12;47
6;1;17;158
7;1;16;357
8;1;5;570
9;1;1;75
10;1;20;781
11;1;1;459
12;1;16;376
13;1;14;766
*** EOF ***