**** 13 ****
50
26;17;1;2;269;
12;16;1;2;587;
21;16;1;2;542;
24;13;1;2;501;
35;35;1;2;560;
21;10;1;2;91;
23;23;1;2;255;
13;17;1;2;162;
22;28;1;2;417;
38;16;1;2;450;
18;26;1;2;149;
18;30;1;2;471;
13;17;1;2;587;
29;35;1;2;545;
10;38;1;2;56;
33;15;1;2;185;
34;34;1;2;595;
28;12;1;2;447;
33;31;1;2;240;
18;37;1;2;539;
36;20;1;2;198;
36;21;1;2;307;
17;16;1;2;640;
18;12;1;2;578;
19;33;1;2;125;
32;24;1;2;531;
20;12;1;2;238;
21;37;1;2;545;
35;38;1;2;624;
37;19;1;2;448;
12;21;1;2;378;
19;11;1;2;140;
27;29;1;2;27;
30;30;1;2;22;
26;15;1;2;80;
10;23;1;2;336;
26;26;1;2;306;
11;32;1;2;369;
29;19;1;2;618;
33;18;1;2;659;
19;37;1;2;187;
23;33;1;2;338;
30;32;1;2;350;
18;22;1;2;331;
21;31;1;2;42;
20;34;1;2;278;
28;30;1;2;640;
23;14;1;2;67;
27;14;1;2;12;
31;24;1;2;668;
1;1;1;1061
2;1;2;831
3;1;16;1115
4;1;12;562
5;1;6;510
6;1;14;377
7;1;11;760
8;1;13;274
9;1;5;201
10;1;5;1016
11;1;17;738
12;1;17;334
13;1;16;620
*** EOF ***