**** 9 ****
50
19;31;1;2;99;
16;19;1;2;372;
26;26;1;2;245;
22;10;1;2;122;
25;29;1;2;246;
28;10;1;2;61;
11;24;1;2;458;
18;34;1;2;550;
24;16;1;2;64;
25;30;1;2;146;
27;33;1;2;561;
16;16;1;2;24;
28;23;1;2;58;
14;21;1;2;570;
25;30;1;2;38;
25;11;1;2;609;
33;20;1;2;636;
31;29;1;2;305;
19;19;1;2;322;
16;11;1;2;141;
32;34;1;2;377;
18;21;1;2;535;
16;11;1;2;180;
23;29;1;2;192;
13;24;1;2;281;
20;20;1;2;626;
29;32;1;2;244;
10;17;1;2;1;
18;18;1;2;44;
21;24;1;2;3;
30;34;1;2;54;
23;25;1;2;126;
27;26;1;2;472;
30;23;1;2;551;
27;21;1;2;549;
25;17;1;2;128;
24;27;1;2;104;
18;17;1;2;273;
32;13;1;2;518;
27;27;1;2;259;
30;32;1;2;278;
32;19;1;2;513;
17;27;1;2;475;
29;16;1;2;583;
32;33;1;2;295;
24;29;1;2;628;
16;14;1;2;159;
25;25;1;2;485;
16;11;1;2;318;
34;30;1;2;374;
1;1;13;406
2;1;16;758
3;1;9;322
4;1;13;661
5;1;10;697
6;1;15;734
7;1;8;587
8;1;7;1163
9;1;16;1121
10;1;5;1196
11;1;17;344
12;1;12;826
13;1;2;1074
*** EOF ***