**** 4 ****
50
24;21;1;2;292;
10;12;1;2;46;
12;19;1;2;343;
19;25;1;2;497;
21;12;1;2;239;
21;11;1;2;334;
24;24;1;2;540;
16;25;1;2;252;
16;20;1;2;113;
28;20;1;2;276;
28;29;1;2;235;
29;13;1;2;58;
30;23;1;2;63;
11;22;1;2;576;
29;26;1;2;314;
23;29;1;2;385;
15;26;1;2;535;
27;28;1;2;318;
25;29;1;2;337;
17;12;1;2;413;
20;26;1;2;368;
16;10;1;2;179;
26;27;1;2;588;
21;15;1;2;339;
19;15;1;2;320;
22;30;1;2;192;
30;28;1;2;249;
11;10;1;2;467;
13;30;1;2;548;
26;12;1;2;21;
29;24;1;2;169;
30;11;1;2;6;
28;16;1;2;363;
15;28;1;2;132;
21;11;1;2;130;
27;13;1;2;37;
24;12;1;2;466;
23;11;1;2;134;
18;23;1;2;418;
11;24;1;2;347;
18;10;1;2;277;
17;21;1;2;221;
10;20;1;2;124;
24;20;1;2;378;
22;21;1;2;345;
10;27;1;2;41;
27;24;1;2;397;
11;11;1;2;191;
19;10;1;2;232;
15;30;1;2;459;
1;1;13;420
2;1;5;963
3;1;6;1177
4;1;20;984
5;1;1;1155
6;1;20;646
7;1;10;66
8;1;20;168
9;1;19;835
10;1;20;876
11;1;15;488
12;1;18;939
13;1;9;611
*** EOF ***