**** 18 ****
50
14;12;1;2;201;
13;16;1;2;237;
15;11;1;2;235;
12;16;1;2;232;
13;12;1;2;132;
14;12;1;2;224;
12;16;1;2;380;
14;14;1;2;293;
10;13;1;2;384;
10;14;1;2;377;
11;15;1;2;36;
15;14;1;2;207;
13;15;1;2;76;
12;15;1;2;263;
11;16;1;2;232;
13;10;1;2;174;
11;15;1;2;203;
11;12;1;2;128;
12;13;1;2;74;
14;15;1;2;148;
14;13;1;2;15;
15;14;1;2;155;
15;10;1;2;263;
10;16;1;2;290;
16;14;1;2;17;
16;12;1;2;278;
11;15;1;2;77;
12;13;1;2;119;
12;10;1;2;228;
10;16;1;2;301;
12;16;1;2;39;
16;13;1;2;274;
13;14;1;2;148;
16;15;1;2;319;
12;16;1;2;97;
10;12;1;2;150;
14;15;1;2;169;
10;15;1;2;354;
13;14;1;2;224;
11;11;1;2;262;
13;13;1;2;281;
16;13;1;2;298;
11;14;1;2;197;
16;16;1;2;125;
10;11;1;2;196;
13;15;1;2;224;
16;14;1;2;148;
14;10;1;2;195;
16;16;1;2;221;
15;10;1;2;99;
1;1;12;671
2;1;10;754
3;1;9;701
4;1;11;272
5;1;19;382
6;1;3;32
7;1;11;730
8;1;20;559
9;1;8;744
10;1;12;13
11;1;16;468
12;1;8;233
13;1;2;314
*** EOF ***