**** 11 ****
50
10;16;1;2;206;
16;10;1;2;238;
17;16;1;2;81;
11;10;1;2;327;
13;16;1;2;221;
15;12;1;2;59;
15;17;1;2;157;
10;11;1;2;109;
12;16;1;2;42;
14;17;1;2;266;
15;11;1;2;376;
13;15;1;2;5;
16;11;1;2;157;
16;14;1;2;386;
15;17;1;2;95;
13;14;1;2;50;
17;15;1;2;257;
14;11;1;2;2;
14;15;1;2;329;
11;15;1;2;296;
13;13;1;2;196;
18;16;1;2;305;
11;13;1;2;177;
18;18;1;2;286;
10;10;1;2;267;
17;10;1;2;396;
13;13;1;2;380;
16;12;1;2;353;
12;10;1;2;134;
13;15;1;2;237;
15;15;1;2;149;
16;13;1;2;213;
16;10;1;2;168;
15;15;1;2;384;
11;18;1;2;179;
15;17;1;2;342;
11;15;1;2;255;
13;12;1;2;13;
12;13;1;2;250;
15;12;1;2;276;
13;13;1;2;256;
17;12;1;2;285;
11;12;1;2;165;
12;17;1;2;373;
15;13;1;2;117;
11;18;1;2;71;
11;14;1;2;153;
14;16;1;2;361;
14;17;1;2;269;
14;12;1;2;251;
1;1;19;336
2;1;8;665
3;1;11;571
4;1;16;202
5;1;6;750
6;1;7;269
7;1;2;227
8;1;19;111
9;1;7;181
10;1;2;617
11;1;13;697
12;1;3;363
13;1;12;465
*** EOF ***