**** 17 ****
50
32;23;1;2;421;
27;24;1;2;595;
31;21;1;2;609;
12;26;1;2;558;
10;22;1;2;563;
19;22;1;2;50;
29;11;1;2;338;
10;20;1;2;334;
18;18;1;2;430;
25;30;1;2;465;
10;10;1;2;97;
12;23;1;2;449;
28;20;1;2;448;
10;31;1;2;386;
19;10;1;2;581;
34;31;1;2;321;
19;20;1;2;435;
15;32;1;2;99;
15;23;1;2;283;
13;29;1;2;597;
11;25;1;2;437;
17;29;1;2;41;
27;22;1;2;581;
21;29;1;2;190;
23;34;1;2;478;
23;20;1;2;353;
26;31;1;2;385;
28;29;1;2;249;
13;29;1;2;232;
18;12;1;2;385;
20;30;1;2;213;
28;32;1;2;355;
26;23;1;2;448;
28;34;1;2;67;
31;19;1;2;354;
28;17;1;2;341;
20;24;1;2;185;
33;21;1;2;545;
28;27;1;2;420;
30;15;1;2;505;
27;26;1;2;208;
22;12;1;2;88;
10;25;1;2;371;
27;23;1;2;353;
23;27;1;2;60;
11;22;1;2;286;
21;26;1;2;584;
31;19;1;2;425;
28;19;1;2;206;
19;18;1;2;296;
1;1;11;1076
2;1;5;336
3;1;8;829
4;1;8;1233
5;1;17;495
6;1;10;780
7;1;16;633
8;1;19;1211
9;1;19;693
10;1;2;515
11;1;7;300
12;1;16;1001
13;1;18;793
*** EOF ***