**** 8 ****
50
13;15;1;2;165;
25;15;1;2;255;
22;12;1;2;202;
19;10;1;2;255;
13;19;1;2;5;
11;16;1;2;147;
12;22;1;2;236;
20;22;1;2;450;
24;12;1;2;472;
11;10;1;2;233;
18;19;1;2;416;
23;26;1;2;428;
25;11;1;2;232;
22;22;1;2;216;
23;17;1;2;56;
12;10;1;2;221;
12;11;1;2;173;
12;11;1;2;268;
26;22;1;2;466;
26;18;1;2;352;
18;14;1;2;234;
12;25;1;2;368;
15;15;1;2;441;
14;20;1;2;5;
23;16;1;2;307;
13;16;1;2;83;
12;23;1;2;138;
13;13;1;2;47;
14;17;1;2;397;
14;25;1;2;243;
21;25;1;2;16;
17;18;1;2;211;
22;26;1;2;37;
15;25;1;2;380;
17;21;1;2;274;
23;16;1;2;176;
19;13;1;2;214;
12;17;1;2;274;
22;17;1;2;481;
20;22;1;2;292;
10;23;1;2;120;
11;22;1;2;188;
13;14;1;2;16;
10;11;1;2;313;
14;11;1;2;478;
18;10;1;2;85;
23;14;1;2;175;
14;26;1;2;226;
25;22;1;2;285;
22;15;1;2;203;
1;1;7;850
2;1;19;59
3;1;7;897
4;1;4;238
5;1;17;420
6;1;5;687
7;1;20;140
8;1;14;616
9;1;12;326
10;1;11;45
11;1;10;343
12;1;19;591
13;1;14;484
*** EOF ***