**** 10 ****
50
13;15;1;2;137;
12;17;1;2;345;
16;13;1;2;80;
14;11;1;2;396;
15;13;1;2;151;
12;12;1;2;269;
17;16;1;2;227;
12;12;1;2;144;
14;15;1;2;210;
18;11;1;2;74;
12;14;1;2;93;
10;16;1;2;103;
14;14;1;2;371;
15;13;1;2;35;
11;16;1;2;318;
14;12;1;2;201;
15;16;1;2;290;
14;10;1;2;29;
16;10;1;2;116;
10;14;1;2;39;
17;16;1;2;2;
17;15;1;2;159;
10;17;1;2;43;
13;13;1;2;259;
11;16;1;2;185;
14;15;1;2;2;
13;13;1;2;108;
15;10;1;2;272;
14;16;1;2;368;
10;16;1;2;338;
10;12;1;2;349;
15;17;1;2;119;
10;13;1;2;370;
13;13;1;2;222;
10;13;1;2;141;
13;14;1;2;353;
14;17;1;2;199;
12;16;1;2;102;
18;16;1;2;288;
16;16;1;2;265;
13;10;1;2;319;
16;15;1;2;138;
18;11;1;2;47;
11;12;1;2;44;
16;11;1;2;112;
17;12;1;2;271;
12;17;1;2;178;
18;14;1;2;355;
17;10;1;2;18;
12;10;1;2;377;
1;1;2;14
2;1;13;749
3;1;7;770
4;1;11;95
5;1;1;558
6;1;18;197
7;1;11;429
8;1;15;649
9;1;6;7
10;1;4;633
11;1;11;500
12;1;11;282
13;1;2;418
*** EOF ***