**** 4 ****
50
19;17;1;2;384;
15;20;1;2;305;
13;10;1;2;152;
17;10;1;2;8;
12;10;1;2;244;
20;14;1;2;427;
22;10;1;2;130;
22;16;1;2;444;
20;15;1;2;94;
18;19;1;2;178;
22;14;1;2;252;
11;19;1;2;416;
12;20;1;2;431;
19;16;1;2;469;
18;22;1;2;164;
22;14;1;2;82;
22;22;1;2;320;
20;10;1;2;74;
19;12;1;2;209;
18;19;1;2;429;
10;10;1;2;257;
16;20;1;2;441;
18;10;1;2;250;
18;12;1;2;213;
14;15;1;2;454;
14;12;1;2;442;
20;19;1;2;271;
21;20;1;2;72;
15;18;1;2;55;
15;17;1;2;324;
12;21;1;2;478;
20;19;1;2;8;
16;17;1;2;458;
12;11;1;2;17;
11;20;1;2;170;
11;18;1;2;386;
16;16;1;2;450;
17;14;1;2;404;
22;20;1;2;394;
16;18;1;2;237;
12;13;1;2;99;
14;13;1;2;240;
22;20;1;2;248;
20;17;1;2;339;
15;10;1;2;268;
22;14;1;2;167;
17;17;1;2;116;
17;12;1;2;162;
11;17;1;2;140;
21;22;1;2;23;
1;1;2;478
2;1;6;959
3;1;13;496
4;1;11;253
5;1;7;239
6;1;3;302
7;1;9;525
8;1;17;188
9;1;7;676
10;1;20;932
11;1;9;105
12;1;18;754
13;1;4;221
*** EOF ***