**** 12 ****
50
12;11;1;2;331;
11;10;1;2;52;
14;13;1;2;144;
15;12;1;2;120;
12;14;1;2;349;
15;13;1;2;151;
12;14;1;2;29;
13;11;1;2;240;
15;15;1;2;173;
13;12;1;2;356;
14;13;1;2;196;
14;12;1;2;70;
12;12;1;2;134;
12;16;1;2;91;
16;10;1;2;94;
11;13;1;2;18;
16;12;1;2;370;
12;13;1;2;2;
11;15;1;2;31;
12;11;1;2;223;
11;14;1;2;114;
11;12;1;2;232;
13;12;1;2;257;
14;11;1;2;61;
15;13;1;2;367;
12;10;1;2;108;
11;14;1;2;69;
11;15;1;2;254;
12;14;1;2;326;
11;12;1;2;347;
11;11;1;2;381;
14;12;1;2;53;
15;15;1;2;230;
10;11;1;2;337;
12;13;1;2;195;
10;10;1;2;116;
15;12;1;2;230;
15;13;1;2;110;
13;13;1;2;273;
16;11;1;2;331;
16;11;1;2;261;
12;13;1;2;51;
10;12;1;2;309;
12;12;1;2;180;
10;14;1;2;137;
13;16;1;2;187;
14;10;1;2;142;
12;16;1;2;32;
16;13;1;2;172;
13;13;1;2;321;
1;1;11;329
2;1;5;704
3;1;2;435
4;1;10;301
5;1;9;132
6;1;17;346
7;1;10;606
8;1;15;577
9;1;9;738
10;1;19;666
11;1;18;41
12;1;1;322
13;1;14;486
*** EOF ***