**** 18 ****
50
10;10;1;2;120;
17;10;1;2;396;
16;13;1;2;313;
17;18;1;2;196;
17;11;1;2;262;
16;18;1;2;107;
11;11;1;2;227;
14;18;1;2;172;
11;17;1;2;332;
15;16;1;2;309;
13;18;1;2;50;
17;17;1;2;362;
17;10;1;2;311;
14;18;1;2;179;
18;14;1;2;97;
16;11;1;2;4;
16;10;1;2;349;
16;16;1;2;157;
17;13;1;2;359;
15;12;1;2;108;
18;13;1;2;380;
10;17;1;2;312;
17;16;1;2;390;
16;11;1;2;115;
12;12;1;2;346;
13;15;1;2;154;
16;17;1;2;274;
14;13;1;2;1;
16;15;1;2;210;
15;18;1;2;324;
10;12;1;2;359;
15;16;1;2;378;
12;16;1;2;285;
13;13;1;2;63;
10;10;1;2;235;
12;18;1;2;274;
10;17;1;2;60;
18;11;1;2;266;
18;17;1;2;195;
10;18;1;2;298;
16;15;1;2;162;
14;14;1;2;419;
17;17;1;2;238;
18;11;1;2;283;
18;10;1;2;393;
11;12;1;2;359;
18;18;1;2;355;
16;15;1;2;18;
10;11;1;2;145;
11;13;1;2;192;
1;1;20;248
2;1;4;481
3;1;14;194
4;1;2;152
5;1;14;794
6;1;12;374
7;1;11;91
8;1;17;699
9;1;20;109
10;1;12;307
11;1;3;325
12;1;6;53
13;1;19;586
*** EOF ***