**** 6 ****
50
33;27;1;2;263;
17;26;1;2;197;
17;19;1;2;384;
20;32;1;2;153;
29;13;1;2;152;
31;17;1;2;560;
12;16;1;2;32;
17;23;1;2;205;
25;32;1;2;72;
18;13;1;2;253;
23;24;1;2;58;
28;22;1;2;616;
32;27;1;2;196;
27;26;1;2;192;
12;30;1;2;303;
10;29;1;2;392;
17;18;1;2;172;
27;25;1;2;341;
13;17;1;2;112;
16;14;1;2;280;
29;13;1;2;393;
20;16;1;2;76;
10;22;1;2;397;
29;30;1;2;621;
13;15;1;2;124;
26;15;1;2;145;
21;10;1;2;234;
31;12;1;2;563;
15;29;1;2;624;
18;33;1;2;614;
27;13;1;2;260;
16;12;1;2;263;
22;10;1;2;310;
34;18;1;2;273;
12;19;1;2;259;
34;25;1;2;333;
25;18;1;2;575;
25;24;1;2;304;
27;27;1;2;554;
13;28;1;2;327;
24;20;1;2;326;
24;15;1;2;414;
30;26;1;2;550;
24;24;1;2;4;
13;34;1;2;251;
16;34;1;2;488;
17;30;1;2;291;
10;23;1;2;176;
33;17;1;2;431;
27;18;1;2;482;
1;1;18;564
2;1;20;1148
3;1;14;755
4;1;13;967
5;1;16;353
6;1;13;1176
7;1;16;37
8;1;3;281
9;1;11;695
10;1;20;1122
11;1;18;503
12;1;17;141
13;1;2;1225
*** EOF ***