**** 1 ****
50
15;20;1;2;91;
11;15;1;2;448;
15;17;1;2;150;
14;15;1;2;195;
16;20;1;2;189;
20;17;1;2;237;
18;19;1;2;61;
20;12;1;2;85;
17;16;1;2;375;
16;13;1;2;80;
17;10;1;2;97;
20;20;1;2;83;
18;20;1;2;221;
15;16;1;2;296;
17;15;1;2;194;
15;17;1;2;71;
17;18;1;2;402;
14;16;1;2;466;
11;13;1;2;99;
12;19;1;2;188;
19;20;1;2;266;
19;13;1;2;319;
18;12;1;2;415;
19;14;1;2;213;
18;17;1;2;426;
17;18;1;2;2;
17;13;1;2;213;
18;10;1;2;304;
20;17;1;2;302;
13;19;1;2;89;
14;10;1;2;398;
11;16;1;2;297;
18;19;1;2;416;
19;14;1;2;224;
11;12;1;2;14;
14;15;1;2;467;
10;18;1;2;210;
10;14;1;2;47;
14;12;1;2;369;
17;16;1;2;132;
13;18;1;2;96;
14;19;1;2;74;
14;20;1;2;181;
17;17;1;2;420;
18;18;1;2;375;
19;13;1;2;184;
19;15;1;2;202;
16;19;1;2;15;
20;18;1;2;158;
10;10;1;2;261;
1;1;13;848
2;1;15;680
3;1;13;823
4;1;1;23
5;1;13;273
6;1;15;427
7;1;4;36
8;1;6;699
9;1;9;554
10;1;18;298
11;1;9;182
12;1;10;518
13;1;19;475
*** EOF ***