**** 9 ****
50
11;26;1;2;261;
26;20;1;2;195;
10;24;1;2;75;
18;20;1;2;13;
19;11;1;2;2;
16;17;1;2;15;
22;10;1;2;13;
10;16;1;2;494;
24;14;1;2;425;
21;13;1;2;333;
14;13;1;2;220;
19;25;1;2;174;
25;16;1;2;421;
16;19;1;2;80;
22;22;1;2;471;
26;13;1;2;364;
20;14;1;2;427;
20;13;1;2;278;
18;14;1;2;182;
21;17;1;2;407;
22;22;1;2;190;
13;14;1;2;333;
21;12;1;2;162;
18;18;1;2;6;
12;19;1;2;162;
19;21;1;2;310;
10;20;1;2;264;
23;24;1;2;490;
26;24;1;2;418;
15;25;1;2;334;
10;16;1;2;63;
11;26;1;2;276;
11;24;1;2;302;
23;15;1;2;258;
16;23;1;2;395;
10;13;1;2;359;
19;23;1;2;340;
16;25;1;2;56;
22;21;1;2;450;
17;26;1;2;168;
26;10;1;2;58;
23;10;1;2;210;
13;17;1;2;285;
11;24;1;2;4;
10;16;1;2;167;
10;24;1;2;280;
26;26;1;2;28;
12;17;1;2;223;
24;16;1;2;252;
11;19;1;2;372;
1;1;20;823
2;1;17;510
3;1;15;95
4;1;15;173
5;1;20;304
6;1;2;222
7;1;5;633
8;1;18;254
9;1;4;424
10;1;3;117
11;1;6;110
12;1;1;709
13;1;6;791
*** EOF ***