**** 3 ****
50
21;25;1;2;360;
16;23;1;2;466;
23;15;1;2;423;
24;19;1;2;523;
13;27;1;2;589;
15;24;1;2;244;
21;24;1;2;474;
27;28;1;2;581;
23;24;1;2;595;
17;29;1;2;520;
12;30;1;2;497;
18;18;1;2;103;
25;22;1;2;307;
26;11;1;2;317;
29;29;1;2;306;
27;29;1;2;252;
28;21;1;2;189;
29;22;1;2;118;
28;11;1;2;452;
23;25;1;2;360;
20;17;1;2;593;
13;16;1;2;588;
18;23;1;2;351;
20;29;1;2;519;
25;21;1;2;64;
15;27;1;2;81;
25;23;1;2;428;
16;29;1;2;436;
26;26;1;2;142;
28;21;1;2;200;
14;10;1;2;158;
25;24;1;2;358;
24;27;1;2;76;
18;27;1;2;266;
16;20;1;2;382;
21;26;1;2;39;
15;26;1;2;296;
17;13;1;2;72;
28;30;1;2;586;
29;23;1;2;279;
12;15;1;2;307;
30;22;1;2;356;
26;27;1;2;422;
26;10;1;2;257;
23;28;1;2;543;
22;28;1;2;26;
13;25;1;2;424;
12;21;1;2;574;
24;22;1;2;227;
19;16;1;2;295;
1;1;4;393
2;1;12;635
3;1;18;1092
4;1;20;1036
5;1;2;684
6;1;17;974
7;1;10;200
8;1;7;1176
9;1;4;896
10;1;19;920
11;1;20;867
12;1;7;423
13;1;5;353
*** EOF ***