**** 19 ****
50
12;14;1;2;30;
14;10;1;2;239;
11;14;1;2;309;
11;11;1;2;163;
10;13;1;2;39;
12;11;1;2;85;
10;11;1;2;252;
14;14;1;2;72;
12;12;1;2;239;
10;13;1;2;37;
12;12;1;2;24;
10;12;1;2;186;
12;10;1;2;230;
10;13;1;2;126;
13;14;1;2;269;
13;14;1;2;121;
12;12;1;2;207;
12;10;1;2;182;
14;13;1;2;114;
10;10;1;2;259;
13;13;1;2;105;
10;10;1;2;133;
13;14;1;2;264;
11;11;1;2;158;
13;11;1;2;306;
10;14;1;2;334;
11;12;1;2;8;
12;12;1;2;144;
13;10;1;2;237;
10;14;1;2;210;
10;12;1;2;293;
10;13;1;2;146;
14;13;1;2;258;
14;14;1;2;344;
12;12;1;2;314;
13;11;1;2;210;
11;13;1;2;73;
13;10;1;2;243;
14;13;1;2;109;
14;12;1;2;52;
10;11;1;2;179;
10;11;1;2;66;
13;14;1;2;212;
11;13;1;2;177;
10;11;1;2;120;
11;14;1;2;141;
10;12;1;2;179;
14;13;1;2;55;
10;11;1;2;269;
10;14;1;2;206;
1;1;10;282
2;1;12;590
3;1;7;176
4;1;1;233
5;1;6;296
6;1;9;515
7;1;10;407
8;1;4;530
9;1;11;186
10;1;2;562
11;1;17;31
12;1;13;141
13;1;3;57
*** EOF ***