**** 8 ****
50
15;12;1;2;276;
22;17;1;2;93;
24;27;1;2;125;
28;20;1;2;527;
27;17;1;2;410;
28;17;1;2;308;
18;21;1;2;475;
22;27;1;2;166;
23;22;1;2;192;
25;23;1;2;269;
12;28;1;2;397;
25;20;1;2;464;
23;21;1;2;77;
16;14;1;2;211;
22;26;1;2;389;
28;11;1;2;14;
28;21;1;2;514;
11;11;1;2;404;
15;28;1;2;530;
19;22;1;2;220;
15;20;1;2;102;
14;22;1;2;265;
21;12;1;2;534;
27;25;1;2;477;
27;18;1;2;29;
12;24;1;2;184;
11;10;1;2;314;
11;27;1;2;357;
19;15;1;2;17;
26;25;1;2;161;
20;11;1;2;54;
17;21;1;2;128;
24;12;1;2;297;
24;18;1;2;496;
21;14;1;2;452;
28;15;1;2;70;
24;23;1;2;323;
25;21;1;2;250;
20;20;1;2;511;
22;21;1;2;136;
13;20;1;2;493;
14;19;1;2;142;
15;15;1;2;567;
18;26;1;2;430;
23;15;1;2;396;
14;12;1;2;490;
21;21;1;2;172;
11;16;1;2;208;
10;12;1;2;29;
19;16;1;2;15;
1;1;14;462
2;1;11;565
3;1;17;174
4;1;16;410
5;1;9;998
6;1;4;145
7;1;19;1016
8;1;20;919
9;1;16;86
10;1;13;632
11;1;7;536
12;1;1;300
13;1;9;723
*** EOF ***