**** 14 ****
50
20;18;1;2;97;
20;10;1;2;220;
20;20;1;2;379;
10;15;1;2;280;
15;11;1;2;163;
19;18;1;2;10;
11;18;1;2;358;
14;11;1;2;61;
14;14;1;2;244;
10;11;1;2;101;
11;16;1;2;32;
11;12;1;2;374;
18;16;1;2;327;
11;12;1;2;91;
20;11;1;2;367;
10;20;1;2;385;
12;20;1;2;413;
10;12;1;2;81;
16;10;1;2;157;
11;15;1;2;107;
12;16;1;2;252;
18;18;1;2;210;
14;10;1;2;194;
11;18;1;2;209;
18;11;1;2;91;
14;16;1;2;144;
12;19;1;2;45;
15;13;1;2;197;
20;12;1;2;4;
14;12;1;2;396;
17;15;1;2;322;
18;13;1;2;30;
13;18;1;2;56;
19;12;1;2;200;
18;19;1;2;186;
12;18;1;2;359;
17;14;1;2;217;
18;19;1;2;258;
17;19;1;2;378;
13;17;1;2;430;
10;18;1;2;63;
14;15;1;2;212;
16;11;1;2;318;
16;10;1;2;62;
12;15;1;2;106;
20;20;1;2;381;
13;13;1;2;182;
10;17;1;2;108;
19;16;1;2;161;
13;15;1;2;170;
1;1;9;298
2;1;18;67
3;1;8;738
4;1;4;693
5;1;1;394
6;1;11;325
7;1;18;363
8;1;14;617
9;1;5;347
10;1;13;406
11;1;17;180
12;1;3;593
13;1;8;229
*** EOF ***