**** 3 ****
50
10;12;1;2;189;
10;10;1;2;276;
12;10;1;2;183;
12;12;1;2;110;
12;10;1;2;265;
11;12;1;2;226;
11;10;1;2;289;
11;10;1;2;230;
11;12;1;2;275;
10;12;1;2;116;
11;11;1;2;331;
10;11;1;2;276;
10;12;1;2;167;
12;11;1;2;27;
11;12;1;2;218;
11;10;1;2;253;
10;12;1;2;314;
11;11;1;2;280;
12;11;1;2;197;
10;11;1;2;117;
12;11;1;2;207;
10;11;1;2;288;
10;12;1;2;47;
10;11;1;2;265;
11;10;1;2;225;
12;10;1;2;215;
12;12;1;2;182;
12;11;1;2;224;
12;10;1;2;279;
10;12;1;2;25;
11;12;1;2;59;
12;12;1;2;231;
12;11;1;2;82;
11;12;1;2;320;
11;11;1;2;127;
10;11;1;2;76;
11;11;1;2;67;
12;12;1;2;318;
10;11;1;2;43;
11;10;1;2;115;
12;10;1;2;102;
11;12;1;2;255;
12;12;1;2;236;
12;12;1;2;242;
11;11;1;2;193;
10;10;1;2;305;
12;11;1;2;327;
10;12;1;2;294;
12;10;1;2;265;
10;10;1;2;152;
1;1;2;465
2;1;13;363
3;1;1;605
4;1;10;92
5;1;19;424
6;1;10;444
7;1;3;134
8;1;20;288
9;1;17;556
10;1;15;656
11;1;11;482
12;1;10;58
13;1;5;354
*** EOF ***