**** 11 ****
50
13;11;1;2;399;
16;10;1;2;430;
16;18;1;2;456;
18;17;1;2;344;
14;10;1;2;276;
14;19;1;2;387;
22;22;1;2;132;
14;16;1;2;175;
17;21;1;2;344;
21;14;1;2;446;
19;13;1;2;459;
21;10;1;2;423;
15;21;1;2;358;
15;18;1;2;438;
17;21;1;2;206;
19;12;1;2;454;
20;13;1;2;294;
18;17;1;2;371;
19;20;1;2;12;
17;19;1;2;463;
19;16;1;2;451;
13;21;1;2;150;
19;18;1;2;112;
10;21;1;2;214;
14;18;1;2;20;
16;14;1;2;106;
15;17;1;2;178;
16;14;1;2;191;
12;14;1;2;353;
14;13;1;2;134;
19;22;1;2;446;
11;15;1;2;477;
10;18;1;2;153;
15;14;1;2;70;
11;15;1;2;70;
17;16;1;2;467;
12;12;1;2;420;
22;21;1;2;262;
22;22;1;2;410;
16;17;1;2;25;
20;15;1;2;367;
16;18;1;2;157;
18;22;1;2;210;
22;11;1;2;275;
17;20;1;2;324;
13;10;1;2;436;
11;14;1;2;7;
21;17;1;2;196;
20;18;1;2;417;
19;19;1;2;339;
1;1;9;201
2;1;1;524
3;1;18;358
4;1;8;727
5;1;15;438
6;1;14;95
7;1;4;49
8;1;6;9
9;1;18;753
10;1;3;624
11;1;2;583
12;1;15;458
13;1;16;886
*** EOF ***