**** 8 ****
50
10;16;1;2;372;
15;13;1;2;436;
14;10;1;2;391;
10;11;1;2;63;
18;16;1;2;422;
19;22;1;2;207;
21;13;1;2;174;
12;15;1;2;193;
13;15;1;2;345;
18;12;1;2;42;
17;10;1;2;144;
12;15;1;2;388;
18;19;1;2;370;
21;13;1;2;253;
10;19;1;2;282;
12;16;1;2;379;
10;15;1;2;432;
12;20;1;2;117;
15;17;1;2;42;
12;16;1;2;439;
19;20;1;2;17;
17;19;1;2;137;
22;20;1;2;200;
15;17;1;2;337;
20;16;1;2;372;
13;14;1;2;334;
17;22;1;2;311;
10;18;1;2;112;
13;12;1;2;43;
14;11;1;2;232;
22;12;1;2;151;
16;10;1;2;395;
16;14;1;2;380;
19;17;1;2;353;
10;22;1;2;407;
21;12;1;2;195;
16;15;1;2;61;
12;14;1;2;74;
17;21;1;2;13;
13;17;1;2;314;
11;10;1;2;77;
11;17;1;2;391;
19;13;1;2;316;
16;21;1;2;295;
11;14;1;2;192;
22;16;1;2;6;
21;16;1;2;212;
19;18;1;2;38;
10;20;1;2;433;
18;18;1;2;332;
1;1;15;867
2;1;9;348
3;1;2;602
4;1;9;729
5;1;4;212
6;1;5;763
7;1;7;459
8;1;8;650
9;1;15;66
10;1;15;195
11;1;2;174
12;1;12;820
13;1;9;631
*** EOF ***