**** 15 ****
50
11;15;1;2;117;
15;11;1;2;88;
13;18;1;2;70;
15;11;1;2;236;
13;15;1;2;39;
10;15;1;2;253;
17;11;1;2;402;
13;12;1;2;344;
16;14;1;2;133;
16;10;1;2;41;
16;11;1;2;114;
18;16;1;2;166;
16;15;1;2;138;
13;15;1;2;203;
11;13;1;2;270;
14;15;1;2;204;
18;18;1;2;117;
15;16;1;2;230;
16;14;1;2;266;
15;18;1;2;171;
17;16;1;2;23;
15;12;1;2;82;
12;15;1;2;389;
14;10;1;2;216;
11;17;1;2;88;
11;18;1;2;83;
14;18;1;2;26;
15;14;1;2;70;
16;14;1;2;318;
10;18;1;2;295;
10;15;1;2;339;
16;17;1;2;256;
10;14;1;2;312;
14;14;1;2;265;
15;14;1;2;88;
17;18;1;2;275;
14;12;1;2;277;
16;13;1;2;245;
10;15;1;2;237;
10;10;1;2;12;
16;16;1;2;130;
14;10;1;2;372;
16;15;1;2;192;
12;14;1;2;273;
14;18;1;2;118;
13;10;1;2;112;
15;10;1;2;426;
12;12;1;2;238;
14;16;1;2;182;
14;13;1;2;368;
1;1;12;160
2;1;20;662
3;1;15;30
4;1;18;752
5;1;8;374
6;1;13;139
7;1;3;252
8;1;6;652
9;1;17;387
10;1;1;510
11;1;17;470
12;1;13;791
13;1;18;105
*** EOF ***