**** 0 ****
80
13;18;1;2;247;
13;12;1;2;329;
5;6;1;2;115;
7;2;1;2;237;
19;10;1;2;250;
10;13;1;2;98;
3;6;1;2;110;
1;9;1;2;152;
1;19;1;2;289;
5;19;1;2;272;
4;14;1;2;276;
19;1;1;2;226;
14;20;1;2;260;
13;6;1;2;261;
11;10;1;2;240;
10;10;1;2;285;
4;18;1;2;340;
16;10;1;2;291;
17;10;1;2;286;
15;3;1;2;8;
2;10;1;2;365;
17;8;1;2;144;
3;2;1;2;292;
18;17;1;2;349;
1;20;1;2;46;
4;13;1;2;342;
6;10;1;2;133;
5;5;1;2;320;
19;14;1;2;93;
2;2;1;2;325;
11;17;1;2;74;
3;12;1;2;366;
10;3;1;2;120;
3;19;1;2;13;
6;6;1;2;242;
12;11;1;2;288;
12;5;1;2;41;
9;4;1;2;266;
10;6;1;2;313;
14;7;1;2;204;
8;14;1;2;232;
7;4;1;2;280;
12;17;1;2;90;
3;14;1;2;141;
3;8;1;2;304;
19;19;1;2;296;
8;16;1;2;256;
4;19;1;2;73;
4;14;1;2;198;
20;17;1;2;4;
2;20;1;2;335;
3;1;1;2;301;
7;5;1;2;258;
3;4;1;2;252;
4;17;1;2;174;
12;5;1;2;66;
7;16;1;2;63;
7;18;1;2;293;
6;14;1;2;165;
9;20;1;2;263;
8;14;1;2;289;
19;1;1;2;93;
11;19;1;2;13;
6;9;1;2;324;
4;19;1;2;19;
1;18;1;2;72;
14;5;1;2;100;
2;8;1;2;192;
16;6;1;2;177;
2;10;1;2;85;
19;6;1;2;285;
11;15;1;2;205;
12;9;1;2;74;
19;9;1;2;289;
20;4;1;2;326;
17;6;1;2;30;
10;18;1;2;133;
5;7;1;2;258;
13;3;1;2;319;
8;3;1;2;307;
1;1;10;712
2;1;11;527
3;1;19;97
4;1;1;520
5;1;5;42
6;1;11;683
7;1;20;730
8;1;3;270
9;1;16;652
10;1;19;375
11;1;8;23
12;1;14;210
13;1;2;499
14;1;17;135
15;1;19;589
16;1;15;431
17;1;19;304
18;1;13;360
19;1;13;564
20;1;13;505
*** EOF ***