**** 2 ****
30
18;24;1;2;116;
14;24;1;2;23;
19;15;1;2;158;
18;15;1;2;274;
19;14;1;2;5;
23;12;1;2;259;
14;21;1;2;226;
24;19;1;2;213;
20;19;1;2;97;
12;22;1;2;145;
25;27;1;2;7;
17;22;1;2;195;
15;23;1;2;260;
21;22;1;2;280;
17;17;1;2;32;
23;24;1;2;175;
12;24;1;2;102;
25;26;1;2;24;
21;24;1;2;100;
25;21;1;2;68;
18;25;1;2;175;
17;24;1;2;195;
21;19;1;2;145;
16;21;1;2;275;
18;29;1;2;240;
18;24;1;2;193;
16;21;1;2;252;
20;16;1;2;110;
20;24;1;2;55;
19;28;1;2;121;
1;1;3;433
2;1;12;46
3;1;10;172
4;1;1;455
5;1;10;18
6;1;9;139
7;1;15;437
8;1;18;502
9;1;4;40
10;1;11;116
11;1;13;365
12;1;14;525
13;1;14;466
14;1;20;78
15;1;19;299
*** EOF ***