**** 1 ****
40
12;18;1;2;258;
25;18;1;2;69;
13;22;1;2;197;
21;23;1;2;157;
18;25;1;2;229;
23;20;1;2;210;
24;24;1;2;73;
23;16;1;2;1;
19;21;1;2;327;
25;20;1;2;124;
21;17;1;2;173;
24;18;1;2;298;
24;22;1;2;231;
15;15;1;2;347;
17;18;1;2;275;
26;25;1;2;17;
21;19;1;2;348;
17;24;1;2;245;
13;13;1;2;269;
22;17;1;2;40;
19;16;1;2;272;
20;22;1;2;15;
15;21;1;2;79;
22;13;1;2;117;
17;18;1;2;87;
22;18;1;2;278;
14;27;1;2;282;
23;18;1;2;171;
33;16;1;2;9;
18;18;1;2;35;
18;22;1;2;19;
16;17;1;2;96;
24;28;1;2;214;
19;19;1;2;309;
30;14;1;2;235;
39;10;1;2;308;
20;22;1;2;225;
15;16;1;2;104;
18;22;1;2;4;
19;20;1;2;353;
1;1;18;517
2;1;15;456
3;1;10;634
4;1;5;77
5;1;7;416
6;1;17;271
7;1;19;674
8;1;7;553
9;1;6;474
10;1;17;771
11;1;20;375
12;1;18;487
13;1;5;615
14;1;15;105
15;1;1;448
16;1;9;438
17;1;7;796
18;1;2;514
19;1;6;746
20;1;10;344
*** EOF ***