**** 8 ****
40
30;21;1;2;98;
21;18;1;2;347;
13;16;1;2;172;
20;24;1;2;14;
21;19;1;2;220;
27;23;1;2;236;
23;15;1;2;400;
14;19;1;2;9;
22;12;1;2;385;
31;26;1;2;137;
20;16;1;2;320;
24;23;1;2;340;
29;12;1;2;57;
19;20;1;2;309;
17;14;1;2;324;
21;23;1;2;57;
20;28;1;2;360;
20;17;1;2;151;
18;17;1;2;51;
25;21;1;2;85;
18;18;1;2;67;
24;23;1;2;386;
24;17;1;2;298;
23;18;1;2;380;
26;16;1;2;271;
11;23;1;2;98;
12;22;1;2;319;
17;15;1;2;367;
26;24;1;2;376;
21;20;1;2;302;
14;11;1;2;309;
28;21;1;2;3;
25;22;1;2;273;
15;19;1;2;99;
19;15;1;2;262;
19;23;1;2;335;
22;20;1;2;153;
24;27;1;2;235;
25;19;1;2;56;
17;20;1;2;325;
1;1;14;227
2;1;6;582
3;1;18;435
4;1;17;486
5;1;19;193
6;1;20;528
7;1;3;72
8;1;10;823
9;1;11;368
10;1;20;157
11;1;19;692
12;1;17;336
13;1;12;657
14;1;17;255
15;1;6;572
16;1;11;401
17;1;15;286
18;1;2;774
19;1;8;102
20;1;8;593
*** EOF ***