**** 0 ****
40
19;16;1;2;77;
23;23;1;2;304;
29;18;1;2;229;
12;24;1;2;49;
21;19;1;2;145;
14;32;1;2;165;
12;25;1;2;148;
15;21;1;2;85;
22;15;1;2;127;
11;20;1;2;150;
14;26;1;2;219;
18;19;1;2;266;
24;23;1;2;347;
21;20;1;2;4;
23;20;1;2;110;
26;14;1;2;228;
15;18;1;2;213;
25;17;1;2;15;
12;19;1;2;345;
20;26;1;2;206;
14;34;1;2;350;
14;19;1;2;302;
12;13;1;2;186;
27;22;1;2;23;
18;18;1;2;197;
14;18;1;2;162;
18;22;1;2;233;
15;31;1;2;87;
20;25;1;2;48;
8;15;1;2;360;
15;22;1;2;151;
18;23;1;2;155;
11;17;1;2;312;
20;29;1;2;218;
25;25;1;2;129;
23;22;1;2;24;
20;19;1;2;227;
22;28;1;2;218;
20;19;1;2;254;
22;22;1;2;136;
1;1;10;712
2;1;11;527
3;1;19;97
4;1;1;520
5;1;5;42
6;1;11;683
7;1;20;730
8;1;3;270
9;1;16;652
10;1;19;375
11;1;8;23
12;1;14;210
13;1;2;499
14;1;17;135
15;1;19;589
16;1;15;431
17;1;19;304
18;1;13;360
19;1;13;564
20;1;13;505
*** EOF ***