**** 9 ****
80
7;15;1;2;408;
7;11;1;2;1;
15;4;1;2;269;
11;6;1;2;74;
2;1;1;2;28;
9;3;1;2;419;
2;8;1;2;328;
11;15;1;2;10;
12;4;1;2;96;
10;18;1;2;383;
11;16;1;2;88;
10;2;1;2;277;
18;6;1;2;240;
20;8;1;2;323;
14;8;1;2;263;
15;1;1;2;113;
7;17;1;2;218;
14;9;1;2;31;
4;13;1;2;74;
11;6;1;2;393;
12;6;1;2;356;
13;12;1;2;218;
12;4;1;2;105;
17;16;1;2;66;
13;7;1;2;273;
16;13;1;2;264;
7;2;1;2;152;
12;5;1;2;350;
19;9;1;2;91;
10;13;1;2;86;
9;3;1;2;117;
12;4;1;2;38;
6;4;1;2;137;
19;9;1;2;414;
17;17;1;2;15;
19;6;1;2;373;
18;17;1;2;161;
1;6;1;2;231;
1;19;1;2;410;
5;13;1;2;31;
18;16;1;2;379;
7;12;1;2;178;
18;15;1;2;255;
11;3;1;2;94;
16;9;1;2;226;
15;2;1;2;282;
1;16;1;2;316;
10;1;1;2;82;
11;17;1;2;297;
16;2;1;2;405;
19;6;1;2;202;
13;13;1;2;385;
18;3;1;2;111;
2;12;1;2;90;
20;17;1;2;406;
14;1;1;2;40;
18;15;1;2;82;
15;13;1;2;285;
15;2;1;2;257;
17;2;1;2;129;
6;4;1;2;208;
3;4;1;2;185;
3;1;1;2;412;
7;18;1;2;452;
1;18;1;2;199;
19;9;1;2;386;
20;12;1;2;167;
9;1;1;2;74;
17;18;1;2;302;
10;7;1;2;379;
4;7;1;2;90;
14;5;1;2;257;
12;8;1;2;144;
20;11;1;2;293;
14;12;1;2;187;
6;2;1;2;19;
13;9;1;2;117;
7;16;1;2;11;
4;15;1;2;394;
8;17;1;2;387;
1;1;13;918
2;1;17;59
3;1;18;586
4;1;4;885
5;1;4;283
6;1;9;269
7;1;17;186
8;1;16;454
9;1;20;532
10;1;11;690
11;1;10;562
12;1;3;392
13;1;2;17
14;1;12;765
15;1;8;436
16;1;20;623
17;1;15;494
18;1;19;801
19;1;18;217
20;1;19;362
*** EOF ***