**** 1 ****
60
8;5;1;2;329;
12;18;1;2;110;
3;17;1;2;246;
10;4;1;2;187;
17;4;1;2;313;
16;11;1;2;13;
17;3;1;2;325;
17;8;1;2;36;
14;17;1;2;276;
3;19;1;2;58;
12;2;1;2;103;
10;10;1;2;256;
4;20;1;2;2;
10;3;1;2;192;
20;5;1;2;32;
10;10;1;2;291;
6;11;1;2;328;
18;3;1;2;188;
12;3;1;2;300;
4;1;1;2;45;
10;1;1;2;213;
12;17;1;2;157;
2;11;1;2;235;
17;6;1;2;51;
10;18;1;2;258;
10;6;1;2;313;
8;13;1;2;220;
1;2;1;2;141;
9;12;1;2;331;
20;13;1;2;134;
19;12;1;2;68;
17;14;1;2;252;
3;5;1;2;304;
5;5;1;2;107;
11;8;1;2;100;
4;11;1;2;135;
19;7;1;2;102;
5;18;1;2;151;
17;15;1;2;196;
19;4;1;2;316;
7;9;1;2;14;
6;8;1;2;267;
7;7;1;2;58;
18;10;1;2;182;
11;6;1;2;32;
7;2;1;2;290;
9;17;1;2;115;
18;17;1;2;139;
10;13;1;2;200;
20;19;1;2;113;
7;14;1;2;267;
18;20;1;2;239;
7;13;1;2;162;
6;1;1;2;93;
3;13;1;2;84;
19;6;1;2;27;
6;20;1;2;181;
13;8;1;2;114;
19;6;1;2;185;
11;3;1;2;191;
1;1;16;508
2;1;9;258
3;1;5;662
4;1;7;328
5;1;19;204
6;1;13;69
7;1;11;601
8;1;16;136
9;1;9;652
10;1;6;426
11;1;9;487
12;1;6;612
13;1;5;232
14;1;5;162
15;1;11;184
*** EOF ***