**** 7 ****
40
19;13;1;2;167;
6;3;1;2;54;
4;8;1;2;83;
10;9;1;2;47;
18;2;1;2;199;
17;13;1;2;186;
9;6;1;2;81;
20;9;1;2;149;
19;12;1;2;179;
17;18;1;2;59;
9;9;1;2;161;
6;6;1;2;214;
16;9;1;2;189;
17;20;1;2;103;
3;10;1;2;193;
8;9;1;2;58;
4;17;1;2;111;
3;9;1;2;5;
4;6;1;2;12;
17;6;1;2;203;
11;4;1;2;24;
10;3;1;2;7;
5;8;1;2;125;
8;9;1;2;209;
7;14;1;2;81;
7;2;1;2;58;
15;12;1;2;165;
12;4;1;2;92;
19;18;1;2;113;
3;11;1;2;171;
3;19;1;2;54;
8;10;1;2;92;
3;10;1;2;92;
14;12;1;2;197;
15;13;1;2;24;
6;1;1;2;22;
14;20;1;2;22;
20;13;1;2;120;
19;15;1;2;27;
9;15;1;2;57;
1;1;6;359
2;1;15;370
3;1;10;109
4;1;4;178
5;1;10;128
6;1;3;29
7;1;14;230
8;1;18;68
9;1;3;344
10;1;16;46
*** EOF ***