**** 2 ****
60
7;16;1;2;160;
16;3;1;2;152;
3;12;1;2;70;
13;12;1;2;207;
10;6;1;2;100;
9;7;1;2;281;
6;2;1;2;274;
12;8;1;2;209;
17;13;1;2;194;
12;5;1;2;253;
8;18;1;2;251;
10;9;1;2;10;
15;7;1;2;271;
11;7;1;2;226;
3;20;1;2;11;
15;7;1;2;127;
8;13;1;2;67;
2;3;1;2;64;
10;6;1;2;267;
2;13;1;2;265;
15;10;1;2;267;
2;19;1;2;217;
19;9;1;2;57;
11;9;1;2;168;
6;20;1;2;209;
9;16;1;2;251;
7;14;1;2;210;
8;5;1;2;18;
5;3;1;2;77;
5;6;1;2;105;
1;11;1;2;253;
8;2;1;2;131;
2;18;1;2;140;
20;4;1;2;28;
19;20;1;2;80;
18;8;1;2;61;
4;8;1;2;266;
8;6;1;2;34;
7;18;1;2;21;
6;13;1;2;13;
9;8;1;2;26;
5;15;1;2;204;
16;3;1;2;247;
19;2;1;2;50;
13;10;1;2;135;
5;2;1;2;270;
20;19;1;2;33;
13;20;1;2;11;
9;17;1;2;45;
7;12;1;2;137;
11;14;1;2;211;
2;5;1;2;164;
2;8;1;2;199;
19;19;1;2;242;
3;17;1;2;190;
3;7;1;2;245;
1;17;1;2;118;
12;15;1;2;169;
12;10;1;2;85;
15;20;1;2;195;
1;1;3;433
2;1;12;46
3;1;10;172
4;1;1;455
5;1;10;18
6;1;9;139
7;1;15;437
8;1;18;502
9;1;4;40
10;1;11;116
11;1;13;365
12;1;14;525
13;1;14;466
14;1;20;78
15;1;19;299
*** EOF ***