**** 3 ****
30
21;16;1;2;16;
25;24;1;2;286;
24;21;1;2;20;
22;22;1;2;19;
15;25;1;2;126;
24;19;1;2;15;
18;18;1;2;213;
17;17;1;2;236;
28;26;1;2;276;
33;16;1;2;50;
12;22;1;2;147;
26;17;1;2;127;
13;26;1;2;15;
21;20;1;2;130;
20;26;1;2;270;
21;22;1;2;246;
30;12;1;2;162;
26;23;1;2;48;
22;19;1;2;48;
17;21;1;2;171;
18;15;1;2;312;
17;17;1;2;59;
31;20;1;2;197;
16;13;1;2;73;
16;22;1;2;215;
18;14;1;2;290;
20;27;1;2;258;
27;18;1;2;238;
26;26;1;2;99;
18;15;1;2;25;
1;1;12;192
2;1;19;249
3;1;11;540
4;1;15;131
5;1;10;53
6;1;15;448
7;1;7;37
8;1;14;569
9;1;12;83
10;1;18;590
11;1;11;335
12;1;3;308
13;1;19;505
14;1;15;472
15;1;10;387
*** EOF ***