**** 5 ****
60
14;18;1;2;49;
5;10;1;2;57;
4;16;1;2;1;
10;16;1;2;188;
16;19;1;2;272;
16;8;1;2;104;
7;13;1;2;114;
11;8;1;2;32;
4;7;1;2;249;
11;1;1;2;206;
8;17;1;2;133;
7;3;1;2;13;
14;10;1;2;236;
7;17;1;2;103;
18;17;1;2;238;
9;8;1;2;10;
10;19;1;2;134;
7;5;1;2;150;
2;7;1;2;37;
12;2;1;2;112;
1;2;1;2;161;
11;18;1;2;163;
3;20;1;2;149;
5;12;1;2;188;
14;15;1;2;132;
2;8;1;2;210;
4;1;1;2;141;
8;8;1;2;218;
7;13;1;2;198;
8;10;1;2;213;
3;4;1;2;204;
5;2;1;2;192;
9;17;1;2;230;
4;12;1;2;129;
13;17;1;2;91;
14;17;1;2;152;
7;12;1;2;115;
15;5;1;2;98;
6;7;1;2;265;
17;19;1;2;33;
19;7;1;2;139;
7;8;1;2;207;
7;3;1;2;203;
8;1;1;2;198;
2;15;1;2;208;
9;2;1;2;22;
8;19;1;2;111;
19;11;1;2;87;
16;11;1;2;35;
7;17;1;2;237;
13;18;1;2;41;
14;2;1;2;225;
18;10;1;2;49;
12;7;1;2;80;
11;19;1;2;4;
2;7;1;2;240;
19;3;1;2;191;
2;10;1;2;186;
2;17;1;2;210;
1;2;1;2;17;
1;1;9;255
2;1;9;452
3;1;11;407
4;1;2;528
5;1;10;238
6;1;4;162
7;1;8;212
8;1;5;464
9;1;14;470
10;1;2;533
11;1;12;311
12;1;20;117
13;1;13;87
14;1;13;436
15;1;13;540
*** EOF ***