**** 1 ****
30
25;16;1;2;242;
22;18;1;2;13;
34;23;1;2;34;
25;16;1;2;32;
20;16;1;2;224;
25;19;1;2;13;
23;35;1;2;319;
22;25;1;2;163;
20;17;1;2;168;
16;18;1;2;235;
22;17;1;2;321;
26;11;1;2;169;
25;23;1;2;139;
23;21;1;2;242;
27;15;1;2;318;
27;28;1;2;27;
15;15;1;2;217;
20;20;1;2;12;
14;18;1;2;98;
26;17;1;2;127;
18;27;1;2;71;
15;23;1;2;191;
19;11;1;2;281;
22;26;1;2;88;
19;21;1;2;114;
25;10;1;2;39;
14;12;1;2;203;
27;23;1;2;63;
19;23;1;2;186;
28;20;1;2;234;
1;1;16;508
2;1;9;258
3;1;5;662
4;1;7;328
5;1;19;204
6;1;13;69
7;1;11;601
8;1;16;136
9;1;9;652
10;1;6;426
11;1;9;487
12;1;6;612
13;1;5;232
14;1;5;162
15;1;11;184
*** EOF ***