**** 7 ****
30
22;21;1;2;201;
14;21;1;2;158;
13;23;1;2;238;
17;24;1;2;272;
20;12;1;2;118;
18;30;1;2;59;
23;16;1;2;196;
30;19;1;2;105;
23;17;1;2;223;
24;17;1;2;123;
23;23;1;2;270;
16;14;1;2;133;
19;27;1;2;87;
21;20;1;2;156;
25;27;1;2;10;
24;22;1;2;127;
16;24;1;2;74;
23;27;1;2;276;
17;25;1;2;62;
17;22;1;2;283;
24;19;1;2;61;
22;28;1;2;39;
15;19;1;2;176;
21;17;1;2;123;
14;30;1;2;129;
24;18;1;2;39;
27;21;1;2;243;
15;16;1;2;281;
15;16;1;2;283;
16;27;1;2;158;
1;1;18;248
2;1;13;413
3;1;2;560
4;1;20;134
5;1;7;314
6;1;19;90
7;1;15;527
8;1;16;431
9;1;9;181
10;1;1;494
11;1;20;210
12;1;6;393
13;1;3;574
14;1;10;471
15;1;18;328
*** EOF ***