**** 8 ****
80
11;16;1;2;62;
2;13;1;2;26;
7;15;1;2;384;
13;3;1;2;103;
15;9;1;2;363;
4;13;1;2;412;
16;4;1;2;13;
6;9;1;2;338;
20;2;1;2;367;
9;19;1;2;116;
12;2;1;2;418;
9;10;1;2;348;
11;8;1;2;368;
10;19;1;2;225;
6;2;1;2;330;
4;8;1;2;176;
14;1;1;2;164;
12;6;1;2;80;
18;13;1;2;331;
10;19;1;2;343;
15;8;1;2;113;
11;13;1;2;24;
12;18;1;2;140;
8;13;1;2;406;
2;10;1;2;71;
14;17;1;2;245;
5;9;1;2;137;
19;11;1;2;112;
11;1;1;2;53;
19;16;1;2;87;
9;1;1;2;396;
14;3;1;2;79;
9;14;1;2;64;
13;13;1;2;388;
14;5;1;2;319;
6;18;1;2;235;
3;17;1;2;258;
10;7;1;2;329;
6;3;1;2;18;
18;19;1;2;299;
12;2;1;2;324;
6;5;1;2;415;
16;12;1;2;90;
14;3;1;2;380;
19;9;1;2;349;
3;9;1;2;242;
7;15;1;2;20;
19;8;1;2;294;
15;4;1;2;240;
13;1;1;2;422;
18;1;1;2;21;
4;13;1;2;221;
6;18;1;2;242;
5;17;1;2;220;
17;11;1;2;115;
2;13;1;2;243;
2;14;1;2;312;
5;3;1;2;230;
14;4;1;2;37;
17;6;1;2;186;
10;19;1;2;211;
3;1;1;2;243;
20;10;1;2;26;
8;12;1;2;210;
3;13;1;2;29;
15;14;1;2;173;
16;15;1;2;169;
16;12;1;2;127;
4;9;1;2;414;
1;10;1;2;107;
9;14;1;2;335;
16;6;1;2;54;
3;3;1;2;270;
20;10;1;2;24;
8;2;1;2;198;
9;13;1;2;361;
11;15;1;2;236;
14;7;1;2;167;
12;6;1;2;53;
6;11;1;2;137;
1;1;14;227
2;1;6;582
3;1;18;435
4;1;17;486
5;1;19;193
6;1;20;528
7;1;3;72
8;1;10;823
9;1;11;368
10;1;20;157
11;1;19;692
12;1;17;336
13;1;12;657
14;1;17;255
15;1;6;572
16;1;11;401
17;1;15;286
18;1;2;774
19;1;8;102
20;1;8;593
*** EOF ***