**** 8 ****
30
19;16;1;2;160;
21;18;1;2;246;
20;16;1;2;213;
19;15;1;2;152;
20;19;1;2;129;
24;11;1;2;238;
26;21;1;2;180;
17;17;1;2;254;
16;16;1;2;232;
28;19;1;2;56;
21;16;1;2;246;
16;18;1;2;7;
18;16;1;2;68;
20;25;1;2;61;
19;23;1;2;275;
24;8;1;2;155;
26;22;1;2;183;
19;14;1;2;267;
18;19;1;2;4;
19;32;1;2;179;
20;20;1;2;25;
13;22;1;2;258;
22;24;1;2;147;
25;30;1;2;121;
22;28;1;2;272;
22;13;1;2;60;
23;22;1;2;229;
20;21;1;2;223;
22;23;1;2;69;
25;15;1;2;167;
1;1;7;106
2;1;14;150
3;1;4;250
4;1;2;280
5;1;4;612
6;1;13;203
7;1;8;81
8;1;20;436
9;1;5;13
10;1;9;316
11;1;6;191
12;1;10;231
13;1;7;255
14;1;10;621
15;1;1;372
*** EOF ***