**** 9 ****
30
19;16;1;2;322;
32;17;1;2;218;
21;21;1;2;220;
22;25;1;2;214;
29;25;1;2;37;
22;19;1;2;130;
21;25;1;2;38;
19;23;1;2;301;
27;19;1;2;3;
19;22;1;2;19;
20;17;1;2;195;
25;22;1;2;27;
17;25;1;2;207;
28;25;1;2;16;
20;20;1;2;165;
13;19;1;2;249;
17;17;1;2;181;
25;17;1;2;35;
26;23;1;2;64;
20;19;1;2;72;
18;22;1;2;47;
18;20;1;2;104;
31;19;1;2;137;
17;15;1;2;260;
16;23;1;2;25;
24;23;1;2;74;
17;18;1;2;224;
30;21;1;2;45;
19;22;1;2;36;
20;27;1;2;54;
1;1;3;397
2;1;19;648
3;1;1;326
4;1;5;387
5;1;5;554
6;1;3;186
7;1;15;50
8;1;5;334
9;1;18;503
10;1;15;475
11;1;15;23
12;1;19;406
13;1;7;461
14;1;3;112
15;1;14;255
*** EOF ***