**** 9 ****
40
16;19;1;2;102;
12;3;1;2;14;
16;4;1;2;11;
2;19;1;2;78;
20;14;1;2;109;
15;15;1;2;197;
10;8;1;2;157;
8;20;1;2;119;
14;13;1;2;88;
14;18;1;2;39;
8;1;1;2;145;
9;9;1;2;42;
11;4;1;2;8;
2;17;1;2;141;
1;5;1;2;47;
17;5;1;2;86;
20;2;1;2;165;
16;3;1;2;36;
10;15;1;2;122;
3;18;1;2;160;
6;12;1;2;124;
13;9;1;2;135;
7;10;1;2;133;
6;15;1;2;91;
20;20;1;2;173;
16;20;1;2;132;
9;15;1;2;18;
2;14;1;2;85;
13;19;1;2;107;
18;1;1;2;195;
1;6;1;2;158;
8;15;1;2;87;
18;11;1;2;107;
8;11;1;2;174;
5;10;1;2;193;
5;8;1;2;45;
8;13;1;2;167;
5;11;1;2;94;
15;11;1;2;94;
3;6;1;2;56;
1;1;1;121
2;1;4;340
3;1;20;77
4;1;4;405
5;1;19;206
6;1;8;22
7;1;11;376
8;1;10;45
9;1;12;359
10;1;1;126
*** EOF ***