**** 3 ****
40
23;22;1;2;321;
21;26;1;2;48;
22;20;1;2;320;
21;25;1;2;206;
25;23;1;2;57;
19;16;1;2;382;
20;21;1;2;435;
18;24;1;2;212;
17;28;1;2;23;
23;16;1;2;345;
17;24;1;2;402;
31;28;1;2;71;
26;23;1;2;233;
14;15;1;2;388;
27;18;1;2;190;
23;19;1;2;32;
33;17;1;2;421;
17;30;1;2;95;
13;17;1;2;141;
15;25;1;2;279;
27;25;1;2;75;
15;28;1;2;409;
23;23;1;2;401;
25;13;1;2;26;
25;22;1;2;74;
18;20;1;2;329;
27;24;1;2;215;
18;12;1;2;320;
17;21;1;2;399;
30;24;1;2;113;
28;17;1;2;415;
25;35;1;2;25;
19;15;1;2;210;
29;19;1;2;230;
19;22;1;2;374;
15;16;1;2;128;
21;26;1;2;239;
27;24;1;2;13;
28;20;1;2;266;
21;24;1;2;241;
1;1;3;876
2;1;10;175
3;1;15;591
4;1;8;246
5;1;19;326
6;1;15;309
7;1;17;447
8;1;1;141
9;1;7;423
10;1;11;626
11;1;8;88
12;1;7;60
13;1;12;738
14;1;3;574
15;1;9;40
16;1;12;291
17;1;3;790
18;1;10;518
19;1;20;538
20;1;11;370
*** EOF ***