**** 0 ****
40
11;16;1;2;147;
2;10;1;2;178;
9;2;1;2;65;
14;18;1;2;146;
2;5;1;2;69;
6;7;1;2;84;
17;1;1;2;2;
1;7;1;2;140;
2;11;1;2;100;
2;7;1;2;148;
7;11;1;2;182;
8;4;1;2;65;
16;2;1;2;60;
16;16;1;2;102;
14;18;1;2;42;
14;16;1;2;169;
5;4;1;2;157;
17;2;1;2;140;
18;2;1;2;118;
19;16;1;2;21;
9;14;1;2;37;
3;19;1;2;109;
2;17;1;2;92;
7;12;1;2;40;
19;3;1;2;93;
12;6;1;2;155;
2;18;1;2;61;
8;5;1;2;12;
5;20;1;2;132;
9;9;1;2;126;
19;13;1;2;80;
9;8;1;2;159;
3;1;1;2;126;
13;10;1;2;7;
18;6;1;2;129;
11;6;1;2;77;
18;15;1;2;181;
6;10;1;2;114;
19;17;1;2;76;
12;6;1;2;8;
1;1;18;332
2;1;5;144
3;1;13;158
4;1;8;172
5;1;2;13
6;1;11;261
7;1;11;80
8;1;10;218
9;1;16;100
10;1;12;203
*** EOF ***