**** 7 ****
40
22;20;1;2;343;
22;26;1;2;193;
21;24;1;2;72;
23;18;1;2;11;
22;17;1;2;50;
25;32;1;2;172;
19;12;1;2;376;
29;18;1;2;48;
22;19;1;2;306;
14;16;1;2;341;
25;10;1;2;324;
20;22;1;2;187;
25;22;1;2;347;
17;15;1;2;317;
20;17;1;2;180;
16;21;1;2;18;
21;23;1;2;268;
15;28;1;2;266;
17;18;1;2;264;
23;24;1;2;43;
17;31;1;2;138;
33;32;1;2;356;
22;24;1;2;298;
27;23;1;2;46;
17;19;1;2;279;
14;19;1;2;178;
22;25;1;2;183;
30;23;1;2;370;
19;17;1;2;205;
15;28;1;2;196;
19;24;1;2;100;
20;30;1;2;388;
20;26;1;2;362;
27;23;1;2;185;
25;22;1;2;113;
15;21;1;2;24;
24;19;1;2;339;
27;18;1;2;348;
21;18;1;2;109;
23;17;1;2;227;
1;1;12;507
2;1;18;627
3;1;7;67
4;1;8;713
5;1;12;401
6;1;7;697
7;1;9;791
8;1;13;388
9;1;10;75
10;1;9;87
11;1;9;345
12;1;5;453
13;1;8;172
14;1;10;57
15;1;6;427
16;1;3;414
17;1;13;307
18;1;6;739
19;1;10;668
20;1;13;143
*** EOF ***