**** 4 ****
60
8;3;1;2;320;
15;13;1;2;76;
16;19;1;2;91;
8;1;1;2;122;
7;2;1;2;152;
1;4;1;2;165;
18;14;1;2;40;
17;18;1;2;109;
17;11;1;2;1;
14;11;1;2;203;
19;6;1;2;249;
4;7;1;2;216;
16;14;1;2;83;
6;2;1;2;98;
2;20;1;2;166;
3;1;1;2;189;
3;20;1;2;200;
2;9;1;2;70;
14;12;1;2;71;
2;2;1;2;212;
19;17;1;2;87;
10;18;1;2;299;
11;3;1;2;105;
16;16;1;2;240;
1;10;1;2;271;
19;13;1;2;315;
20;1;1;2;322;
15;17;1;2;12;
6;6;1;2;313;
20;17;1;2;293;
17;1;1;2;152;
10;16;1;2;188;
19;12;1;2;224;
16;5;1;2;202;
7;3;1;2;99;
11;18;1;2;32;
12;17;1;2;213;
4;18;1;2;176;
20;14;1;2;200;
13;17;1;2;243;
19;20;1;2;247;
13;6;1;2;61;
1;1;1;2;315;
3;16;1;2;252;
14;3;1;2;104;
6;9;1;2;72;
17;11;1;2;129;
11;11;1;2;290;
10;14;1;2;186;
12;1;1;2;89;
3;8;1;2;174;
12;8;1;2;290;
6;6;1;2;104;
12;15;1;2;300;
15;1;1;2;218;
6;18;1;2;228;
15;11;1;2;10;
16;5;1;2;24;
3;4;1;2;291;
18;6;1;2;130;
1;1;4;589
2;1;19;35
3;1;15;223
4;1;12;261
5;1;3;557
6;1;15;360
7;1;13;88
8;1;18;286
9;1;10;484
10;1;5;101
11;1;7;534
12;1;15;506
13;1;2;250
14;1;11;571
15;1;8;398
*** EOF ***