**** 3 ****
40
14;12;1;2;77;
14;18;1;2;169;
16;12;1;2;130;
11;14;1;2;123;
18;5;1;2;197;
3;15;1;2;126;
5;7;1;2;85;
1;8;1;2;82;
19;13;1;2;186;
20;1;1;2;1;
18;9;1;2;163;
17;10;1;2;203;
7;9;1;2;120;
8;10;1;2;54;
15;1;1;2;75;
5;15;1;2;229;
12;9;1;2;58;
15;19;1;2;61;
7;13;1;2;111;
18;19;1;2;162;
2;9;1;2;113;
17;20;1;2;9;
2;6;1;2;94;
20;17;1;2;52;
15;16;1;2;95;
6;10;1;2;120;
17;10;1;2;51;
14;3;1;2;179;
8;5;1;2;4;
8;3;1;2;59;
12;6;1;2;32;
4;20;1;2;69;
15;16;1;2;63;
9;17;1;2;33;
20;5;1;2;190;
8;14;1;2;149;
15;6;1;2;76;
19;6;1;2;46;
1;4;1;2;101;
11;3;1;2;18;
1;1;3;441
2;1;20;44
3;1;18;352
4;1;1;181
5;1;4;199
6;1;12;183
7;1;14;144
8;1;9;235
9;1;3;121
10;1;3;227
*** EOF ***