**** 1 ****
40
15;16;1;2;101;
15;7;1;2;13;
17;1;1;2;113;
11;13;1;2;40;
13;3;1;2;26;
14;15;1;2;107;
16;17;1;2;186;
1;11;1;2;67;
17;2;1;2;150;
17;16;1;2;98;
19;14;1;2;72;
7;6;1;2;65;
13;4;1;2;56;
1;16;1;2;113;
6;17;1;2;94;
6;9;1;2;42;
2;12;1;2;145;
6;18;1;2;65;
7;6;1;2;14;
3;8;1;2;43;
7;18;1;2;25;
14;14;1;2;43;
16;13;1;2;180;
16;20;1;2;54;
7;14;1;2;9;
13;5;1;2;34;
10;13;1;2;115;
7;9;1;2;79;
17;2;1;2;63;
1;18;1;2;173;
13;16;1;2;56;
9;3;1;2;21;
5;12;1;2;130;
15;4;1;2;201;
1;16;1;2;27;
10;6;1;2;174;
7;20;1;2;178;
6;3;1;2;37;
16;20;1;2;159;
10;19;1;2;163;
1;1;4;404
2;1;13;362
3;1;14;310
4;1;1;191
5;1;19;21
6;1;11;178
7;1;18;205
8;1;12;297
9;1;20;267
10;1;17;65
*** EOF ***