**** 4 ****
30
22;16;1;2;329;
23;19;1;2;232;
26;16;1;2;247;
25;19;1;2;199;
16;16;1;2;263;
24;20;1;2;224;
21;22;1;2;43;
21;20;1;2;113;
25;24;1;2;21;
35;30;1;2;220;
15;22;1;2;121;
18;17;1;2;83;
23;14;1;2;168;
14;22;1;2;260;
17;21;1;2;165;
22;23;1;2;170;
27;24;1;2;41;
18;25;1;2;244;
27;16;1;2;62;
17;21;1;2;118;
36;31;1;2;80;
27;14;1;2;130;
17;18;1;2;302;
21;20;1;2;31;
25;20;1;2;274;
21;19;1;2;98;
22;19;1;2;249;
21;19;1;2;103;
19;18;1;2;102;
25;17;1;2;163;
1;1;4;589
2;1;19;35
3;1;15;223
4;1;12;261
5;1;3;557
6;1;15;360
7;1;13;88
8;1;18;286
9;1;10;484
10;1;5;101
11;1;7;534
12;1;15;506
13;1;2;250
14;1;11;571
15;1;8;398
*** EOF ***