**** 2 ****
80
16;14;1;2;73;
2;6;1;2;117;
8;3;1;2;259;
1;2;1;2;319;
12;5;1;2;385;
2;1;1;2;36;
7;17;1;2;42;
6;6;1;2;61;
15;2;1;2;323;
16;3;1;2;388;
13;1;1;2;28;
2;18;1;2;20;
17;20;1;2;300;
11;9;1;2;350;
18;18;1;2;70;
8;8;1;2;352;
5;17;1;2;154;
3;10;1;2;15;
7;15;1;2;117;
3;16;1;2;375;
1;20;1;2;19;
8;10;1;2;174;
18;19;1;2;261;
13;20;1;2;117;
8;3;1;2;372;
10;18;1;2;345;
17;9;1;2;389;
19;5;1;2;313;
1;7;1;2;118;
9;6;1;2;149;
2;10;1;2;23;
7;12;1;2;19;
8;10;1;2;176;
5;13;1;2;94;
12;9;1;2;35;
17;5;1;2;106;
3;2;1;2;245;
12;15;1;2;128;
15;9;1;2;226;
16;16;1;2;338;
19;20;1;2;287;
18;16;1;2;36;
19;16;1;2;236;
20;11;1;2;351;
10;2;1;2;380;
19;9;1;2;181;
7;14;1;2;353;
5;13;1;2;186;
7;12;1;2;350;
10;16;1;2;310;
8;1;1;2;14;
6;12;1;2;130;
10;10;1;2;88;
5;10;1;2;208;
14;1;1;2;106;
20;9;1;2;183;
18;1;1;2;49;
14;1;1;2;101;
13;16;1;2;306;
12;15;1;2;324;
11;12;1;2;29;
2;15;1;2;205;
2;14;1;2;315;
12;8;1;2;43;
20;9;1;2;333;
5;2;1;2;203;
5;3;1;2;180;
15;20;1;2;305;
2;11;1;2;62;
10;14;1;2;301;
6;11;1;2;9;
14;20;1;2;172;
13;20;1;2;118;
1;19;1;2;392;
7;14;1;2;41;
10;6;1;2;187;
5;12;1;2;318;
7;3;1;2;136;
12;12;1;2;227;
9;16;1;2;42;
1;1;2;121
2;1;6;316
3;1;8;126
4;1;4;135
5;1;13;73
6;1;16;777
7;1;16;141
8;1;6;408
9;1;1;690
10;1;17;54
11;1;11;209
12;1;5;348
13;1;1;415
14;1;7;503
15;1;20;575
16;1;20;529
17;1;20;722
18;1;4;645
19;1;11;334
20;1;2;87
*** EOF ***