**** 5 ****
40
19;24;1;2;282;
28;21;1;2;89;
31;27;1;2;429;
14;24;1;2;306;
22;14;1;2;287;
22;18;1;2;412;
31;17;1;2;315;
23;18;1;2;378;
17;17;1;2;236;
23;18;1;2;312;
22;29;1;2;95;
18;27;1;2;113;
23;25;1;2;80;
20;19;1;2;359;
24;22;1;2;57;
20;25;1;2;187;
20;24;1;2;390;
24;23;1;2;267;
19;20;1;2;31;
20;20;1;2;231;
21;22;1;2;339;
26;17;1;2;85;
23;27;1;2;246;
19;26;1;2;408;
19;19;1;2;288;
14;20;1;2;239;
17;21;1;2;331;
28;24;1;2;358;
21;23;1;2;384;
12;20;1;2;197;
24;14;1;2;117;
19;31;1;2;23;
29;19;1;2;144;
20;14;1;2;323;
23;20;1;2;208;
30;17;1;2;380;
23;16;1;2;304;
18;17;1;2;67;
20;27;1;2;434;
23;18;1;2;414;
1;1;12;167
2;1;2;351
3;1;11;526
4;1;6;750
5;1;11;95
6;1;4;258
7;1;9;264
8;1;14;707
9;1;15;46
10;1;6;666
11;1;11;462
12;1;9;812
13;1;1;454
14;1;10;209
15;1;11;772
16;1;17;624
17;1;7;397
18;1;8;867
19;1;11;544
20;1;11;498
*** EOF ***