**** 4 ****
40
18;17;1;2;145;
9;5;1;2;37;
10;19;1;2;47;
16;7;1;2;99;
7;11;1;2;67;
9;2;1;2;156;
9;8;1;2;190;
16;9;1;2;43;
16;12;1;2;77;
19;12;1;2;120;
5;8;1;2;81;
16;14;1;2;58;
4;19;1;2;198;
7;3;1;2;191;
5;10;1;2;147;
11;12;1;2;97;
15;13;1;2;36;
17;7;1;2;203;
8;6;1;2;204;
2;14;1;2;70;
20;12;1;2;57;
3;18;1;2;211;
15;1;1;2;153;
14;3;1;2;85;
13;20;1;2;174;
4;16;1;2;39;
18;14;1;2;20;
12;3;1;2;8;
11;5;1;2;52;
4;6;1;2;91;
9;8;1;2;197;
18;9;1;2;23;
16;9;1;2;208;
1;7;1;2;122;
18;18;1;2;115;
10;6;1;2;3;
15;1;1;2;195;
1;13;1;2;42;
1;4;1;2;151;
12;15;1;2;70;
1;1;9;349
2;1;5;257
3;1;3;363
4;1;17;81
5;1;19;26
6;1;18;124
7;1;1;296
8;1;8;115
9;1;17;223
10;1;15;314
*** EOF ***