**** 4 ****
40
20;21;1;2;170;
21;18;1;2;63;
20;19;1;2;411;
25;16;1;2;391;
19;21;1;2;1;
19;17;1;2;111;
22;20;1;2;286;
28;26;1;2;384;
29;15;1;2;68;
15;18;1;2;243;
11;24;1;2;355;
21;15;1;2;127;
19;22;1;2;228;
14;28;1;2;384;
16;17;1;2;319;
26;18;1;2;27;
22;26;1;2;89;
22;17;1;2;150;
16;16;1;2;155;
28;30;1;2;333;
17;12;1;2;300;
21;21;1;2;306;
22;28;1;2;169;
23;22;1;2;174;
23;19;1;2;363;
26;21;1;2;3;
19;29;1;2;201;
18;26;1;2;332;
19;21;1;2;173;
15;20;1;2;47;
17;20;1;2;209;
24;28;1;2;43;
26;15;1;2;402;
7;23;1;2;138;
20;18;1;2;408;
25;24;1;2;308;
21;25;1;2;137;
17;23;1;2;230;
27;23;1;2;380;
24;14;1;2;130;
1;1;3;76
2;1;17;373
3;1;13;341
4;1;6;762
5;1;9;9
6;1;9;651
7;1;5;722
8;1;14;420
9;1;3;795
10;1;13;296
11;1;4;91
12;1;7;690
13;1;3;368
14;1;9;323
15;1;13;608
16;1;10;732
17;1;17;215
18;1;5;526
19;1;14;127
20;1;11;166
*** EOF ***