**** 1 ****
80
17;5;1;2;358;
15;12;1;2;402;
11;9;1;2;24;
2;6;1;2;180;
1;7;1;2;215;
13;17;1;2;292;
7;8;1;2;387;
5;15;1;2;311;
13;18;1;2;10;
1;3;1;2;137;
15;14;1;2;178;
8;11;1;2;111;
20;6;1;2;1;
13;12;1;2;44;
18;11;1;2;269;
1;19;1;2;81;
5;6;1;2;126;
10;19;1;2;276;
4;8;1;2;365;
16;5;1;2;83;
1;1;1;2;123;
17;4;1;2;319;
13;11;1;2;159;
20;8;1;2;59;
14;12;1;2;139;
10;5;1;2;273;
9;17;1;2;129;
7;7;1;2;52;
1;16;1;2;120;
6;20;1;2;277;
20;2;1;2;378;
2;5;1;2;86;
12;7;1;2;271;
14;17;1;2;56;
19;12;1;2;357;
13;3;1;2;170;
5;20;1;2;354;
13;2;1;2;190;
4;7;1;2;157;
3;4;1;2;185;
2;13;1;2;63;
14;1;1;2;113;
7;4;1;2;99;
13;15;1;2;295;
7;11;1;2;409;
3;4;1;2;79;
11;17;1;2;45;
15;13;1;2;263;
11;16;1;2;31;
13;10;1;2;306;
2;9;1;2;307;
17;4;1;2;376;
11;15;1;2;345;
10;20;1;2;409;
4;1;1;2;211;
6;2;1;2;358;
3;1;1;2;2;
13;6;1;2;339;
10;2;1;2;215;
1;12;1;2;46;
2;17;1;2;76;
16;9;1;2;2;
15;1;1;2;41;
15;15;1;2;24;
17;10;1;2;388;
15;8;1;2;250;
8;6;1;2;62;
8;1;1;2;16;
17;7;1;2;63;
18;18;1;2;82;
11;17;1;2;334;
7;17;1;2;395;
19;13;1;2;243;
18;8;1;2;33;
10;14;1;2;27;
15;5;1;2;333;
2;5;1;2;360;
12;19;1;2;7;
9;1;1;2;398;
19;14;1;2;131;
1;1;18;517
2;1;15;456
3;1;10;634
4;1;5;77
5;1;7;416
6;1;17;271
7;1;19;674
8;1;7;553
9;1;6;474
10;1;17;771
11;1;20;375
12;1;18;487
13;1;5;615
14;1;15;105
15;1;1;448
16;1;9;438
17;1;7;796
18;1;2;514
19;1;6;746
20;1;10;344
*** EOF ***