**** 7 ****
80
9;11;1;2;43;
15;1;1;2;53;
16;3;1;2;311;
2;11;1;2;7;
17;19;1;2;425;
18;1;1;2;242;
8;20;1;2;217;
18;13;1;2;292;
13;4;1;2;417;
3;18;1;2;13;
13;14;1;2;199;
18;1;1;2;338;
13;6;1;2;170;
7;14;1;2;255;
17;7;1;2;406;
19;5;1;2;105;
12;7;1;2;360;
12;5;1;2;123;
17;15;1;2;111;
3;2;1;2;381;
10;11;1;2;156;
11;10;1;2;165;
18;10;1;2;165;
5;13;1;2;87;
8;19;1;2;390;
3;9;1;2;163;
16;12;1;2;140;
14;18;1;2;192;
5;19;1;2;386;
4;18;1;2;135;
5;1;1;2;392;
4;16;1;2;105;
12;3;1;2;280;
7;5;1;2;375;
2;18;1;2;328;
4;14;1;2;325;
6;11;1;2;153;
2;4;1;2;270;
9;19;1;2;424;
17;6;1;2;256;
14;7;1;2;210;
15;17;1;2;116;
8;3;1;2;30;
7;17;1;2;361;
15;13;1;2;82;
1;13;1;2;217;
14;2;1;2;56;
10;16;1;2;371;
3;4;1;2;47;
12;5;1;2;223;
4;12;1;2;398;
10;3;1;2;41;
8;4;1;2;250;
2;14;1;2;398;
8;4;1;2;132;
3;11;1;2;247;
10;19;1;2;192;
16;19;1;2;49;
7;8;1;2;290;
9;16;1;2;118;
10;14;1;2;69;
17;19;1;2;345;
15;5;1;2;286;
19;18;1;2;1;
15;20;1;2;422;
15;1;1;2;107;
7;17;1;2;408;
10;20;1;2;160;
11;11;1;2;382;
16;11;1;2;357;
19;10;1;2;360;
15;14;1;2;48;
19;4;1;2;289;
13;19;1;2;274;
13;8;1;2;263;
19;4;1;2;62;
4;11;1;2;175;
5;8;1;2;79;
19;8;1;2;300;
6;19;1;2;282;
1;1;12;507
2;1;18;627
3;1;7;67
4;1;8;713
5;1;12;401
6;1;7;697
7;1;9;791
8;1;13;388
9;1;10;75
10;1;9;87
11;1;9;345
12;1;5;453
13;1;8;172
14;1;10;57
15;1;6;427
16;1;3;414
17;1;13;307
18;1;6;739
19;1;10;668
20;1;13;143
*** EOF ***