**** 8 ****
50
7;24;1;2;134;
18;9;1;2;317;
23;10;1;2;42;
25;4;1;2;402;
30;21;1;2;430;
6;11;1;2;155;
30;14;1;2;215;
19;23;1;2;331;
31;3;1;2;398;
9;18;1;2;214;
12;25;1;2;474;
14;8;1;2;419;
4;26;1;2;301;
3;15;1;2;72;
23;25;1;2;296;
15;22;1;2;76;
25;23;1;2;223;
17;29;1;2;179;
19;28;1;2;417;
23;25;1;2;242;
4;7;1;2;56;
12;30;1;2;206;
4;30;1;2;325;
12;11;1;2;371;
31;12;1;2;129;
11;20;1;2;347;
5;4;1;2;389;
13;27;1;2;316;
31;17;1;2;436;
7;23;1;2;325;
29;28;1;2;16;
18;29;1;2;389;
6;12;1;2;344;
17;6;1;2;17;
15;13;1;2;86;
5;14;1;2;221;
14;21;1;2;198;
3;6;1;2;36;
10;21;1;2;345;
9;22;1;2;329;
17;13;1;2;474;
28;18;1;2;12;
16;6;1;2;459;
5;26;1;2;264;
21;17;1;2;98;
20;3;1;2;445;
20;5;1;2;102;
30;29;1;2;229;
20;17;1;2;56;
28;29;1;2;409;
1;1;19;802
2;1;14;834
3;1;11;179
4;1;2;219
5;1;3;878
6;1;14;884
7;1;1;246
8;1;14;712
9;1;11;730
10;1;3;82
11;1;12;607
12;1;12;751
13;1;19;764
*** EOF ***