**** 3 ****
50
28;8;1;2;284;
25;21;1;2;371;
31;16;1;2;303;
30;6;1;2;495;
23;19;1;2;190;
16;17;1;2;208;
19;31;1;2;374;
29;5;1;2;531;
19;16;1;2;321;
23;29;1;2;194;
25;3;1;2;372;
23;22;1;2;271;
5;25;1;2;52;
4;18;1;2;389;
30;13;1;2;70;
27;16;1;2;298;
19;19;1;2;362;
4;26;1;2;301;
26;26;1;2;106;
27;14;1;2;387;
16;31;1;2;466;
20;29;1;2;28;
29;14;1;2;97;
17;5;1;2;153;
28;14;1;2;327;
28;23;1;2;53;
20;25;1;2;509;
4;29;1;2;359;
8;21;1;2;283;
8;9;1;2;120;
18;24;1;2;468;
16;29;1;2;502;
31;24;1;2;71;
21;29;1;2;287;
14;23;1;2;198;
20;29;1;2;22;
22;25;1;2;363;
20;12;1;2;17;
25;6;1;2;226;
23;11;1;2;485;
24;5;1;2;33;
8;21;1;2;503;
16;4;1;2;303;
3;17;1;2;94;
3;21;1;2;9;
9;27;1;2;162;
4;7;1;2;217;
8;22;1;2;449;
28;7;1;2;266;
4;31;1;2;293;
1;1;15;1053
2;1;8;842
3;1;8;34
4;1;4;969
5;1;9;83
6;1;11;919
7;1;16;394
8;1;11;587
9;1;7;709
10;1;15;817
11;1;7;338
12;1;19;248
13;1;9;327
*** EOF ***