**** 6 ****
50
26;15;1;2;365;
8;12;1;2;498;
25;27;1;2;396;
12;8;1;2;303;
26;14;1;2;56;
12;22;1;2;44;
22;21;1;2;190;
24;21;1;2;364;
22;8;1;2;292;
21;21;1;2;148;
26;15;1;2;25;
19;10;1;2;282;
22;24;1;2;260;
8;14;1;2;113;
7;24;1;2;111;
27;20;1;2;492;
19;27;1;2;176;
25;21;1;2;314;
9;27;1;2;335;
13;24;1;2;375;
14;18;1;2;232;
17;12;1;2;79;
19;25;1;2;52;
18;22;1;2;299;
8;13;1;2;181;
21;11;1;2;144;
21;21;1;2;47;
9;17;1;2;219;
9;13;1;2;243;
7;21;1;2;84;
18;27;1;2;256;
11;18;1;2;159;
16;20;1;2;54;
12;12;1;2;337;
27;22;1;2;404;
20;11;1;2;462;
14;7;1;2;311;
19;21;1;2;497;
17;24;1;2;64;
9;12;1;2;319;
21;13;1;2;2;
10;16;1;2;503;
18;13;1;2;66;
15;20;1;2;233;
11;13;1;2;125;
20;21;1;2;413;
10;7;1;2;63;
27;24;1;2;224;
24;7;1;2;202;
12;14;1;2;283;
1;1;10;820
2;1;20;477
3;1;15;456
4;1;3;396
5;1;19;855
6;1;19;1016
7;1;18;209
8;1;13;959
9;1;13;693
10;1;20;606
11;1;4;788
12;1;14;82
13;1;12;441
*** EOF ***