**** 10 ****
50
16;13;1;2;29;
14;21;1;2;278;
24;16;1;2;539;
24;17;1;2;131;
18;17;1;2;87;
24;24;1;2;389;
14;14;1;2;267;
10;22;1;2;301;
23;21;1;2;534;
15;18;1;2;336;
23;17;1;2;404;
24;11;1;2;32;
24;21;1;2;361;
22;15;1;2;429;
24;22;1;2;333;
22;12;1;2;376;
23;13;1;2;520;
14;11;1;2;324;
18;13;1;2;1;
18;11;1;2;42;
21;22;1;2;133;
15;10;1;2;40;
17;17;1;2;142;
15;11;1;2;471;
17;20;1;2;474;
19;10;1;2;169;
16;19;1;2;39;
21;13;1;2;522;
20;22;1;2;289;
13;18;1;2;501;
17;10;1;2;525;
23;15;1;2;502;
11;23;1;2;520;
19;16;1;2;37;
22;12;1;2;349;
18;17;1;2;436;
18;19;1;2;27;
21;17;1;2;460;
13;21;1;2;401;
14;24;1;2;368;
13;15;1;2;242;
11;24;1;2;70;
16;22;1;2;62;
24;22;1;2;453;
15;12;1;2;42;
24;20;1;2;340;
24;16;1;2;78;
14;13;1;2;198;
11;10;1;2;503;
19;10;1;2;480;
1;1;9;1047
2;1;18;877
3;1;12;589
4;1;20;362
5;1;16;488
6;1;7;106
7;1;20;830
8;1;11;386
9;1;18;908
10;1;10;26
11;1;4;512
12;1;14;534
13;1;16;717
*** EOF ***