**** 11 ****
50
11;17;1;2;407;
23;15;1;2;66;
19;14;1;2;103;
20;21;1;2;485;
15;21;1;2;463;
19;19;1;2;248;
18;11;1;2;153;
19;19;1;2;339;
22;17;1;2;347;
23;19;1;2;57;
22;14;1;2;434;
19;23;1;2;471;
18;23;1;2;400;
21;16;1;2;336;
17;17;1;2;32;
21;16;1;2;265;
14;15;1;2;174;
21;19;1;2;347;
20;14;1;2;144;
13;15;1;2;325;
15;11;1;2;463;
16;19;1;2;198;
16;20;1;2;49;
20;13;1;2;258;
15;21;1;2;178;
23;11;1;2;113;
12;15;1;2;173;
19;23;1;2;445;
19;11;1;2;46;
20;11;1;2;278;
11;23;1;2;350;
15;17;1;2;234;
18;11;1;2;119;
21;23;1;2;226;
11;22;1;2;270;
18;23;1;2;59;
18;11;1;2;139;
12;12;1;2;251;
17;14;1;2;483;
20;23;1;2;458;
14;11;1;2;77;
17;11;1;2;293;
16;15;1;2;341;
20;19;1;2;144;
12;21;1;2;436;
12;20;1;2;248;
11;12;1;2;18;
17;18;1;2;223;
12;20;1;2;405;
21;20;1;2;131;
1;1;15;265
2;1;20;871
3;1;5;662
4;1;8;617
5;1;11;302
6;1;2;145
7;1;7;338
8;1;7;893
9;1;8;828
10;1;8;515
11;1;1;22
12;1;18;762
13;1;9;482
*** EOF ***