**** 19 ****
50
16;29;1;2;313;
13;9;1;2;41;
14;23;1;2;378;
29;23;1;2;323;
7;12;1;2;424;
12;29;1;2;144;
27;9;1;2;400;
9;23;1;2;464;
29;15;1;2;136;
30;22;1;2;431;
17;21;1;2;220;
12;25;1;2;358;
24;25;1;2;229;
13;23;1;2;372;
29;17;1;2;433;
11;21;1;2;110;
29;24;1;2;13;
29;22;1;2;404;
5;12;1;2;269;
8;13;1;2;162;
8;18;1;2;121;
13;29;1;2;345;
12;16;1;2;393;
22;15;1;2;31;
12;10;1;2;165;
18;8;1;2;303;
12;20;1;2;434;
30;26;1;2;266;
30;11;1;2;186;
4;6;1;2;254;
5;28;1;2;267;
16;25;1;2;302;
18;17;1;2;64;
27;24;1;2;298;
9;26;1;2;255;
19;13;1;2;59;
16;29;1;2;241;
17;12;1;2;207;
20;10;1;2;50;
28;11;1;2;231;
14;21;1;2;136;
22;7;1;2;170;
20;17;1;2;300;
11;22;1;2;100;
11;24;1;2;276;
8;17;1;2;310;
28;8;1;2;200;
11;11;1;2;14;
29;25;1;2;123;
9;25;1;2;101;
1;1;7;207
2;1;3;171
3;1;19;561
4;1;5;665
5;1;10;693
6;1;9;725
7;1;11;880
8;1;2;361
9;1;7;629
10;1;6;288
11;1;15;309
12;1;17;464
13;1;7;83
*** EOF ***