**** 3 ****
50
17;17;1;2;296;
17;17;1;2;62;
17;17;1;2;186;
17;17;1;2;144;
17;17;1;2;66;
17;17;1;2;469;
17;17;1;2;435;
17;17;1;2;208;
17;17;1;2;480;
17;17;1;2;63;
17;17;1;2;124;
17;17;1;2;24;
17;17;1;2;28;
17;17;1;2;147;
17;17;1;2;353;
17;17;1;2;458;
17;17;1;2;262;
17;17;1;2;295;
17;17;1;2;67;
17;17;1;2;41;
17;17;1;2;272;
17;17;1;2;3;
17;17;1;2;292;
17;17;1;2;462;
17;17;1;2;3;
17;17;1;2;167;
17;17;1;2;219;
17;17;1;2;444;
17;17;1;2;21;
17;17;1;2;452;
17;17;1;2;392;
17;17;1;2;97;
17;17;1;2;501;
17;17;1;2;315;
17;17;1;2;231;
17;17;1;2;238;
17;17;1;2;88;
17;17;1;2;275;
17;17;1;2;184;
17;17;1;2;81;
17;17;1;2;314;
17;17;1;2;50;
17;17;1;2;419;
17;17;1;2;381;
17;17;1;2;173;
17;17;1;2;192;
17;17;1;2;273;
17;17;1;2;363;
17;17;1;2;311;
17;17;1;2;70;
1;1;17;462
2;1;3;796
3;1;11;148
4;1;16;386
5;1;17;775
6;1;15;894
7;1;20;738
8;1;19;706
9;1;7;188
10;1;13;117
11;1;7;21
12;1;5;814
13;1;18;41
*** EOF ***