**** 1 ****
50
15;10;1;2;123;
13;10;1;2;165;
24;14;1;2;68;
10;19;1;2;214;
19;15;1;2;440;
18;20;1;2;164;
21;13;1;2;442;
24;14;1;2;405;
19;23;1;2;141;
14;14;1;2;60;
23;21;1;2;452;
23;10;1;2;378;
14;20;1;2;154;
14;24;1;2;259;
15;12;1;2;130;
13;12;1;2;65;
24;10;1;2;144;
11;22;1;2;390;
15;23;1;2;249;
11;20;1;2;79;
10;17;1;2;395;
23;18;1;2;30;
14;12;1;2;285;
11;23;1;2;129;
18;24;1;2;278;
17;16;1;2;111;
19;16;1;2;298;
22;18;1;2;220;
11;23;1;2;95;
12;17;1;2;476;
21;19;1;2;254;
24;19;1;2;297;
21;15;1;2;202;
19;15;1;2;251;
11;20;1;2;246;
21;20;1;2;442;
16;18;1;2;299;
11;19;1;2;380;
20;22;1;2;51;
23;21;1;2;190;
21;14;1;2;184;
18;18;1;2;55;
22;12;1;2;37;
10;23;1;2;515;
19;16;1;2;511;
19;17;1;2;222;
15;16;1;2;244;
23;18;1;2;93;
22;10;1;2;477;
18;12;1;2;456;
1;1;14;1016
2;1;15;51
3;1;20;470
4;1;8;916
5;1;2;17
6;1;20;525
7;1;15;256
8;1;18;785
9;1;2;1000
10;1;4;459
11;1;19;395
12;1;11;180
13;1;17;299
*** EOF ***