**** 4 ****
50
23;17;1;2;152;
19;23;1;2;482;
21;11;1;2;202;
17;18;1;2;466;
21;19;1;2;313;
13;11;1;2;340;
21;13;1;2;67;
12;23;1;2;251;
18;21;1;2;448;
22;18;1;2;478;
16;17;1;2;86;
12;15;1;2;437;
13;23;1;2;484;
12;15;1;2;427;
12;20;1;2;461;
18;13;1;2;461;
19;17;1;2;353;
15;16;1;2;199;
16;14;1;2;205;
23;15;1;2;7;
18;22;1;2;479;
11;16;1;2;117;
11;19;1;2;362;
17;15;1;2;361;
14;22;1;2;492;
22;15;1;2;21;
13;15;1;2;201;
16;13;1;2;254;
13;23;1;2;22;
12;21;1;2;425;
20;17;1;2;445;
20;19;1;2;481;
16;22;1;2;320;
22;15;1;2;223;
21;20;1;2;312;
15;22;1;2;339;
16;15;1;2;305;
21;12;1;2;463;
15;12;1;2;488;
23;22;1;2;68;
22;13;1;2;325;
17;12;1;2;464;
21;12;1;2;325;
19;12;1;2;312;
18;22;1;2;420;
22;21;1;2;162;
16;19;1;2;156;
18;14;1;2;196;
21;16;1;2;56;
18;17;1;2;269;
1;1;17;749
2;1;13;261
3;1;7;7
4;1;12;316
5;1;14;126
6;1;20;79
7;1;15;608
8;1;17;894
9;1;15;1015
10;1;3;75
11;1;1;800
12;1;13;451
13;1;6;496
*** EOF ***