**** 7 ****
50
28;9;1;2;188;
13;5;1;2;144;
29;17;1;2;427;
9;7;1;2;323;
25;17;1;2;28;
25;6;1;2;170;
24;6;1;2;312;
17;21;1;2;386;
14;12;1;2;295;
29;14;1;2;246;
11;13;1;2;168;
22;6;1;2;222;
10;14;1;2;353;
20;25;1;2;402;
15;15;1;2;31;
10;5;1;2;107;
29;5;1;2;274;
7;23;1;2;338;
25;13;1;2;155;
12;11;1;2;271;
7;13;1;2;417;
8;13;1;2;386;
21;29;1;2;206;
28;18;1;2;448;
11;12;1;2;37;
19;22;1;2;233;
24;8;1;2;261;
14;22;1;2;81;
11;15;1;2;463;
29;6;1;2;150;
25;9;1;2;361;
26;11;1;2;313;
7;19;1;2;298;
8;11;1;2;283;
27;27;1;2;303;
8;11;1;2;118;
18;20;1;2;326;
16;18;1;2;340;
6;18;1;2;44;
26;20;1;2;315;
16;9;1;2;312;
9;25;1;2;439;
16;9;1;2;107;
22;6;1;2;236;
5;11;1;2;153;
28;20;1;2;480;
17;9;1;2;151;
10;25;1;2;173;
26;18;1;2;396;
27;22;1;2;59;
1;1;7;70
2;1;3;860
3;1;11;823
4;1;11;889
5;1;15;386
6;1;13;648
7;1;7;966
8;1;14;607
9;1;5;533
10;1;6;497
11;1;10;842
12;1;14;118
13;1;6;379
*** EOF ***