**** 4 ****
50
9;18;1;2;314;
10;24;1;2;361;
22;23;1;2;374;
20;16;1;2;466;
25;12;1;2;142;
23;13;1;2;357;
22;24;1;2;337;
16;17;1;2;466;
19;22;1;2;311;
23;12;1;2;163;
12;9;1;2;464;
21;10;1;2;123;
19;10;1;2;73;
18;24;1;2;469;
18;16;1;2;45;
14;25;1;2;322;
16;13;1;2;421;
23;9;1;2;481;
22;15;1;2;364;
13;13;1;2;230;
10;9;1;2;292;
16;16;1;2;361;
12;17;1;2;28;
23;20;1;2;54;
23;18;1;2;182;
11;9;1;2;172;
18;9;1;2;456;
16;15;1;2;324;
15;12;1;2;309;
22;19;1;2;402;
15;11;1;2;207;
14;16;1;2;40;
21;19;1;2;484;
14;20;1;2;226;
25;12;1;2;390;
9;12;1;2;46;
10;13;1;2;333;
14;15;1;2;193;
14;11;1;2;382;
13;10;1;2;53;
17;16;1;2;1;
11;20;1;2;4;
25;17;1;2;461;
12;17;1;2;487;
20;21;1;2;440;
12;10;1;2;261;
14;12;1;2;155;
25;24;1;2;193;
17;17;1;2;293;
11;24;1;2;486;
1;1;18;834
2;1;4;920
3;1;2;374
4;1;14;334
5;1;18;528
6;1;16;596
7;1;15;16
8;1;14;753
9;1;4;488
10;1;17;655
11;1;3;234
12;1;5;302
13;1;5;120
*** EOF ***