**** 18 ****
50
16;16;1;2;374;
17;17;1;2;18;
18;16;1;2;392;
18;17;1;2;14;
18;16;1;2;378;
17;17;1;2;5;
16;18;1;2;261;
16;18;1;2;41;
18;18;1;2;26;
18;16;1;2;285;
16;18;1;2;335;
18;18;1;2;121;
18;16;1;2;301;
17;17;1;2;267;
18;17;1;2;112;
17;17;1;2;263;
17;17;1;2;195;
17;18;1;2;111;
17;16;1;2;484;
16;18;1;2;148;
16;18;1;2;361;
17;18;1;2;392;
18;17;1;2;11;
16;18;1;2;183;
17;17;1;2;129;
16;17;1;2;377;
18;17;1;2;206;
18;16;1;2;25;
17;18;1;2;428;
17;18;1;2;218;
16;16;1;2;288;
18;16;1;2;119;
17;17;1;2;100;
16;18;1;2;423;
16;17;1;2;209;
17;17;1;2;274;
18;17;1;2;310;
17;16;1;2;164;
18;16;1;2;428;
17;18;1;2;226;
16;16;1;2;211;
17;17;1;2;286;
17;17;1;2;126;
16;16;1;2;322;
17;17;1;2;133;
16;17;1;2;108;
17;17;1;2;456;
16;17;1;2;467;
17;16;1;2;115;
17;18;1;2;50;
1;1;14;830
2;1;8;390
3;1;4;453
4;1;14;262
5;1;11;753
6;1;16;45
7;1;10;656
8;1;10;551
9;1;12;967
10;1;3;460
11;1;17;144
12;1;6;248
13;1;1;20
*** EOF ***