**** 9 ****
50
15;13;1;2;413;
12;13;1;2;435;
12;21;1;2;490;
12;17;1;2;344;
20;12;1;2;413;
22;16;1;2;424;
16;20;1;2;332;
18;14;1;2;403;
20;17;1;2;104;
18;18;1;2;71;
20;22;1;2;395;
14;21;1;2;104;
21;13;1;2;91;
20;16;1;2;44;
14;22;1;2;241;
14;17;1;2;247;
15;21;1;2;44;
22;14;1;2;30;
18;15;1;2;83;
20;15;1;2;436;
15;17;1;2;489;
14;15;1;2;74;
19;12;1;2;83;
22;17;1;2;108;
20;19;1;2;27;
13;14;1;2;39;
15;17;1;2;174;
13;16;1;2;125;
21;22;1;2;27;
21;15;1;2;214;
18;13;1;2;409;
20;21;1;2;133;
19;18;1;2;238;
21;19;1;2;89;
17;19;1;2;384;
21;16;1;2;154;
13;13;1;2;39;
17;16;1;2;224;
18;12;1;2;184;
20;13;1;2;413;
18;16;1;2;157;
18;12;1;2;491;
19;15;1;2;245;
20;22;1;2;70;
13;20;1;2;228;
20;14;1;2;247;
12;18;1;2;158;
13;21;1;2;43;
19;20;1;2;29;
13;17;1;2;239;
1;1;3;824
2;1;14;851
3;1;7;700
4;1;11;748
5;1;6;254
6;1;14;218
7;1;12;51
8;1;8;289
9;1;11;778
10;1;1;518
11;1;19;940
12;1;10;345
13;1;7;736
*** EOF ***