**** 5 ****
50
21;29;1;2;210;
4;13;1;2;456;
22;16;1;2;89;
6;7;1;2;7;
8;9;1;2;28;
28;14;1;2;83;
22;9;1;2;123;
10;15;1;2;274;
9;14;1;2;366;
28;10;1;2;162;
13;21;1;2;7;
14;25;1;2;248;
25;23;1;2;411;
26;7;1;2;304;
24;14;1;2;398;
8;14;1;2;185;
7;26;1;2;98;
8;20;1;2;448;
20;21;1;2;28;
17;24;1;2;214;
23;13;1;2;186;
15;4;1;2;292;
26;8;1;2;259;
27;19;1;2;358;
26;7;1;2;384;
7;6;1;2;80;
4;17;1;2;234;
7;22;1;2;412;
26;14;1;2;63;
16;17;1;2;18;
17;7;1;2;73;
17;19;1;2;36;
23;6;1;2;194;
11;7;1;2;79;
17;28;1;2;246;
28;20;1;2;415;
22;25;1;2;139;
10;28;1;2;349;
13;25;1;2;307;
12;27;1;2;420;
16;24;1;2;299;
4;8;1;2;401;
17;7;1;2;437;
12;17;1;2;220;
5;13;1;2;126;
7;30;1;2;355;
15;10;1;2;183;
5;19;1;2;293;
26;21;1;2;386;
5;16;1;2;286;
1;1;5;460
2;1;9;190
3;1;8;783
4;1;14;225
5;1;13;902
6;1;17;424
7;1;11;858
8;1;17;86
9;1;17;200
10;1;20;474
11;1;5;71
12;1;14;926
13;1;11;18
*** EOF ***