**** 18 ****
50
21;20;1;2;141;
13;17;1;2;429;
17;18;1;2;372;
21;11;1;2;89;
14;16;1;2;233;
23;15;1;2;389;
12;13;1;2;477;
17;13;1;2;331;
14;17;1;2;215;
22;12;1;2;168;
18;11;1;2;484;
12;17;1;2;481;
13;16;1;2;45;
23;21;1;2;14;
14;23;1;2;11;
13;12;1;2;46;
23;13;1;2;1;
22;17;1;2;231;
11;14;1;2;168;
21;20;1;2;257;
18;23;1;2;145;
15;15;1;2;378;
22;23;1;2;286;
14;11;1;2;261;
21;22;1;2;28;
11;11;1;2;12;
20;21;1;2;239;
15;13;1;2;109;
20;17;1;2;462;
17;16;1;2;393;
22;20;1;2;373;
11;13;1;2;465;
16;23;1;2;297;
12;19;1;2;27;
12;13;1;2;84;
13;19;1;2;460;
21;18;1;2;233;
21;17;1;2;37;
23;19;1;2;171;
13;19;1;2;462;
21;17;1;2;437;
12;21;1;2;102;
18;14;1;2;432;
20;15;1;2;447;
22;23;1;2;183;
12;19;1;2;419;
12;14;1;2;383;
12;18;1;2;467;
20;23;1;2;214;
14;22;1;2;282;
1;1;4;949
2;1;20;92
3;1;3;928
4;1;1;842
5;1;11;185
6;1;20;268
7;1;14;826
8;1;19;401
9;1;19;851
10;1;7;972
11;1;7;521
12;1;6;167
13;1;10;799
*** EOF ***