**** 0 ****
50
21;12;1;2;401;
19;9;1;2;216;
22;18;1;2;107;
16;20;1;2;14;
12;20;1;2;113;
14;20;1;2;84;
14;13;1;2;296;
25;12;1;2;415;
11;9;1;2;321;
9;15;1;2;385;
23;16;1;2;201;
22;16;1;2;353;
12;13;1;2;170;
22;23;1;2;202;
21;22;1;2;33;
12;16;1;2;271;
20;23;1;2;207;
16;13;1;2;128;
18;9;1;2;236;
20;18;1;2;251;
17;18;1;2;270;
14;25;1;2;425;
9;9;1;2;258;
15;12;1;2;35;
25;17;1;2;82;
9;22;1;2;458;
14;23;1;2;248;
22;11;1;2;26;
18;23;1;2;458;
9;9;1;2;407;
18;12;1;2;148;
10;17;1;2;331;
17;21;1;2;346;
11;12;1;2;297;
18;16;1;2;383;
19;13;1;2;71;
11;20;1;2;168;
19;25;1;2;44;
10;12;1;2;27;
15;15;1;2;421;
13;23;1;2;440;
12;21;1;2;418;
11;24;1;2;210;
12;20;1;2;451;
13;24;1;2;440;
16;10;1;2;251;
21;10;1;2;174;
9;9;1;2;117;
21;15;1;2;445;
16;16;1;2;204;
1;1;5;752
2;1;2;881
3;1;12;18
4;1;18;124
5;1;1;687
6;1;9;108
7;1;10;638
8;1;6;772
9;1;16;803
10;1;6;534
11;1;4;868
12;1;15;730
13;1;19;68
*** EOF ***