**** 9 ****
50
26;15;1;2;317;
8;25;1;2;90;
7;25;1;2;362;
15;27;1;2;136;
15;13;1;2;441;
27;20;1;2;165;
14;18;1;2;206;
10;20;1;2;26;
8;8;1;2;313;
25;18;1;2;270;
13;27;1;2;14;
9;11;1;2;230;
28;6;1;2;253;
13;21;1;2;359;
6;22;1;2;324;
11;24;1;2;155;
7;27;1;2;62;
18;21;1;2;56;
12;9;1;2;317;
15;10;1;2;200;
8;9;1;2;371;
19;15;1;2;234;
13;20;1;2;102;
22;7;1;2;319;
6;10;1;2;359;
20;22;1;2;160;
6;21;1;2;301;
12;9;1;2;361;
11;27;1;2;87;
28;8;1;2;430;
11;24;1;2;411;
24;16;1;2;70;
6;12;1;2;30;
16;7;1;2;247;
7;18;1;2;308;
26;11;1;2;390;
9;24;1;2;434;
27;20;1;2;33;
25;20;1;2;231;
19;28;1;2;241;
25;14;1;2;338;
10;22;1;2;81;
26;6;1;2;346;
18;22;1;2;289;
13;13;1;2;33;
13;27;1;2;399;
9;11;1;2;22;
24;12;1;2;227;
24;25;1;2;318;
7;8;1;2;215;
1;1;2;877
2;1;3;830
3;1;14;525
4;1;1;142
5;1;3;207
6;1;14;273
7;1;12;805
8;1;13;121
9;1;12;154
10;1;16;502
11;1;11;857
12;1;18;376
13;1;1;340
*** EOF ***