**** 12 ****
50
31;18;1;2;272;
27;29;1;2;264;
12;17;1;2;237;
21;32;1;2;329;
30;21;1;2;463;
31;11;1;2;326;
29;15;1;2;38;
6;9;1;2;6;
8;2;1;2;105;
15;26;1;2;1;
32;31;1;2;445;
14;13;1;2;386;
6;32;1;2;252;
22;20;1;2;477;
30;31;1;2;480;
8;10;1;2;460;
25;13;1;2;101;
31;30;1;2;272;
20;11;1;2;311;
12;15;1;2;196;
13;4;1;2;409;
6;5;1;2;16;
24;22;1;2;76;
10;18;1;2;341;
10;18;1;2;45;
21;3;1;2;525;
32;26;1;2;299;
2;25;1;2;390;
14;5;1;2;227;
2;27;1;2;311;
12;17;1;2;285;
30;27;1;2;264;
18;11;1;2;474;
31;24;1;2;52;
17;26;1;2;108;
13;3;1;2;11;
24;19;1;2;174;
9;2;1;2;1;
14;14;1;2;487;
24;20;1;2;353;
22;30;1;2;355;
22;21;1;2;9;
24;24;1;2;293;
19;26;1;2;510;
8;21;1;2;268;
17;15;1;2;140;
24;12;1;2;472;
17;21;1;2;477;
21;22;1;2;188;
9;16;1;2;98;
1;1;10;182
2;1;13;1018
3;1;2;969
4;1;12;815
5;1;13;441
6;1;1;289
7;1;19;657
8;1;15;713
9;1;18;974
10;1;3;317
11;1;6;160
12;1;8;366
13;1;17;486
*** EOF ***