**** 15 ****
50
17;17;1;2;399;
17;17;1;2;266;
17;17;1;2;412;
17;17;1;2;332;
17;17;1;2;254;
17;17;1;2;235;
17;17;1;2;108;
17;17;1;2;213;
17;17;1;2;195;
17;17;1;2;157;
17;17;1;2;480;
17;17;1;2;419;
17;17;1;2;328;
17;17;1;2;80;
17;17;1;2;330;
17;17;1;2;302;
17;17;1;2;501;
17;17;1;2;367;
17;17;1;2;429;
17;17;1;2;385;
17;17;1;2;156;
17;17;1;2;51;
17;17;1;2;82;
17;17;1;2;454;
17;17;1;2;438;
17;17;1;2;62;
17;17;1;2;220;
17;17;1;2;69;
17;17;1;2;58;
17;17;1;2;465;
17;17;1;2;156;
17;17;1;2;465;
17;17;1;2;160;
17;17;1;2;367;
17;17;1;2;128;
17;17;1;2;463;
17;17;1;2;83;
17;17;1;2;476;
17;17;1;2;337;
17;17;1;2;215;
17;17;1;2;434;
17;17;1;2;6;
17;17;1;2;132;
17;17;1;2;308;
17;17;1;2;404;
17;17;1;2;450;
17;17;1;2;409;
17;17;1;2;16;
17;17;1;2;331;
17;17;1;2;453;
1;1;8;561
2;1;8;470
3;1;8;944
4;1;7;208
5;1;17;850
6;1;6;311
7;1;17;964
8;1;8;64
9;1;17;425
10;1;18;145
11;1;15;34
12;1;10;405
13;1;17;631
*** EOF ***