**** 19 ****
50
21;18;1;2;229;
22;16;1;2;214;
21;16;1;2;288;
12;21;1;2;1;
17;18;1;2;43;
13;15;1;2;345;
14;21;1;2;109;
16;14;1;2;323;
21;20;1;2;63;
22;22;1;2;282;
12;19;1;2;71;
19;14;1;2;416;
13;12;1;2;36;
14;21;1;2;158;
19;22;1;2;313;
14;15;1;2;320;
14;12;1;2;7;
19;20;1;2;173;
13;12;1;2;245;
18;18;1;2;344;
14;20;1;2;123;
21;13;1;2;22;
14;15;1;2;494;
17;18;1;2;376;
21;16;1;2;309;
14;21;1;2;86;
13;18;1;2;1;
17;15;1;2;374;
20;18;1;2;227;
15;20;1;2;321;
21;13;1;2;48;
22;15;1;2;130;
15;13;1;2;102;
20;20;1;2;436;
22;13;1;2;78;
22;15;1;2;205;
20;17;1;2;142;
18;20;1;2;329;
14;17;1;2;84;
13;19;1;2;42;
19;17;1;2;488;
17;21;1;2;393;
20;13;1;2;359;
19;15;1;2;305;
19;15;1;2;162;
12;12;1;2;271;
13;20;1;2;149;
13;14;1;2;352;
19;15;1;2;302;
15;12;1;2;101;
1;1;10;539
2;1;17;171
3;1;11;358
4;1;6;85
5;1;17;699
6;1;14;671
7;1;13;630
8;1;1;805
9;1;15;717
10;1;14;246
11;1;18;460
12;1;9;881
13;1;8;557
*** EOF ***