**** 2 ****
50
24;13;1;2;374;
13;9;1;2;394;
8;25;1;2;482;
18;25;1;2;135;
19;23;1;2;370;
14;13;1;2;447;
11;17;1;2;48;
19;22;1;2;127;
8;26;1;2;475;
15;11;1;2;77;
26;26;1;2;185;
20;11;1;2;220;
15;17;1;2;186;
22;14;1;2;151;
22;21;1;2;350;
24;18;1;2;324;
18;22;1;2;347;
15;26;1;2;103;
20;17;1;2;88;
17;17;1;2;73;
25;8;1;2;367;
23;8;1;2;401;
15;23;1;2;473;
16;10;1;2;144;
26;11;1;2;157;
18;17;1;2;492;
24;20;1;2;146;
9;19;1;2;248;
25;20;1;2;424;
23;10;1;2;405;
18;26;1;2;123;
14;9;1;2;319;
11;16;1;2;296;
17;21;1;2;62;
12;24;1;2;469;
23;19;1;2;326;
14;17;1;2;485;
19;25;1;2;229;
20;20;1;2;85;
21;12;1;2;339;
8;26;1;2;215;
11;10;1;2;77;
23;25;1;2;126;
21;17;1;2;378;
15;21;1;2;251;
8;13;1;2;216;
13;19;1;2;261;
16;26;1;2;187;
19;9;1;2;222;
22;14;1;2;366;
1;1;2;981
2;1;7;172
3;1;10;700
4;1;13;829
5;1;8;882
6;1;13;802
7;1;18;223
8;1;5;903
9;1;15;569
10;1;4;357
11;1;15;485
12;1;13;437
13;1;7;610
*** EOF ***