**** 13 ****
50
15;20;1;2;266;
12;21;1;2;44;
15;13;1;2;15;
19;22;1;2;129;
15;22;1;2;170;
19;20;1;2;319;
19;22;1;2;342;
14;17;1;2;87;
19;19;1;2;359;
19;13;1;2;243;
18;20;1;2;490;
17;12;1;2;450;
18;16;1;2;427;
14;14;1;2;121;
14;15;1;2;179;
13;18;1;2;209;
15;14;1;2;473;
15;15;1;2;448;
15;21;1;2;120;
20;16;1;2;66;
18;22;1;2;453;
15;19;1;2;364;
14;17;1;2;226;
21;18;1;2;482;
12;22;1;2;180;
14;18;1;2;221;
22;13;1;2;64;
22;17;1;2;60;
19;14;1;2;345;
18;12;1;2;429;
19;22;1;2;7;
15;21;1;2;47;
19;15;1;2;447;
18;19;1;2;208;
13;17;1;2;84;
17;14;1;2;338;
14;19;1;2;99;
17;16;1;2;393;
20;18;1;2;311;
18;16;1;2;130;
19;19;1;2;424;
13;14;1;2;5;
13;16;1;2;454;
18;13;1;2;444;
17;18;1;2;140;
20;15;1;2;7;
21;15;1;2;487;
20;17;1;2;66;
13;18;1;2;223;
21;20;1;2;395;
1;1;10;538
2;1;6;422
3;1;8;158
4;1;6;595
5;1;6;35
6;1;17;678
7;1;19;497
8;1;18;381
9;1;11;84
10;1;1;706
11;1;13;906
12;1;20;757
13;1;10;171
*** EOF ***