**** 18 ****
50
24;16;1;2;366;
9;19;1;2;161;
15;12;1;2;454;
10;17;1;2;47;
27;23;1;2;82;
19;10;1;2;150;
12;26;1;2;355;
16;25;1;2;469;
14;11;1;2;112;
22;16;1;2;369;
26;20;1;2;323;
15;18;1;2;447;
10;6;1;2;70;
19;12;1;2;44;
25;16;1;2;439;
26;22;1;2;450;
24;13;1;2;144;
20;9;1;2;436;
16;18;1;2;333;
9;11;1;2;18;
13;9;1;2;266;
8;23;1;2;170;
17;17;1;2;7;
24;6;1;2;412;
8;17;1;2;404;
9;22;1;2;118;
14;12;1;2;222;
11;22;1;2;27;
25;21;1;2;239;
13;19;1;2;233;
6;18;1;2;373;
13;17;1;2;45;
12;12;1;2;358;
23;22;1;2;242;
23;11;1;2;276;
20;28;1;2;347;
11;20;1;2;230;
8;27;1;2;315;
19;15;1;2;425;
15;19;1;2;236;
10;14;1;2;270;
12;28;1;2;95;
22;22;1;2;259;
19;17;1;2;35;
27;23;1;2;179;
19;6;1;2;205;
17;14;1;2;146;
18;11;1;2;53;
26;13;1;2;91;
8;28;1;2;178;
1;1;2;423
2;1;10;773
3;1;3;314
4;1;9;852
5;1;10;470
6;1;15;586
7;1;18;602
8;1;9;559
9;1;4;108
10;1;16;509
11;1;4;488
12;1;10;742
13;1;2;636
*** EOF ***