**** 6 ****
50
12;9;1;2;121;
19;15;1;2;50;
22;14;1;2;216;
14;15;1;2;225;
15;12;1;2;129;
15;15;1;2;417;
26;11;1;2;157;
18;25;1;2;221;
26;18;1;2;228;
24;25;1;2;367;
14;15;1;2;409;
9;11;1;2;424;
22;24;1;2;197;
21;24;1;2;347;
15;9;1;2;301;
15;11;1;2;200;
25;12;1;2;164;
11;21;1;2;367;
17;16;1;2;336;
16;20;1;2;236;
11;15;1;2;238;
12;11;1;2;146;
11;16;1;2;364;
21;24;1;2;447;
12;20;1;2;153;
8;24;1;2;208;
16;10;1;2;92;
19;9;1;2;237;
9;8;1;2;457;
8;24;1;2;386;
19;26;1;2;73;
22;18;1;2;45;
17;24;1;2;156;
19;20;1;2;288;
20;22;1;2;340;
12;12;1;2;425;
13;22;1;2;288;
26;21;1;2;335;
8;20;1;2;432;
8;10;1;2;65;
11;26;1;2;274;
15;19;1;2;153;
13;15;1;2;308;
19;14;1;2;155;
17;25;1;2;213;
9;15;1;2;209;
18;18;1;2;380;
18;11;1;2;125;
12;9;1;2;98;
26;22;1;2;309;
1;1;12;934
2;1;17;393
3;1;19;506
4;1;3;637
5;1;13;767
6;1;5;559
7;1;17;340
8;1;17;239
9;1;3;591
10;1;6;69
11;1;16;160
12;1;15;82
13;1;15;480
*** EOF ***