**** 10 ****
50
14;19;1;2;11;
15;20;1;2;236;
20;14;1;2;344;
18;14;1;2;487;
18;16;1;2;28;
20;19;1;2;209;
20;20;1;2;99;
17;19;1;2;497;
19;18;1;2;412;
14;16;1;2;203;
15;14;1;2;263;
20;20;1;2;342;
15;16;1;2;170;
14;14;1;2;80;
20;17;1;2;286;
14;15;1;2;172;
19;14;1;2;224;
20;18;1;2;238;
16;18;1;2;72;
17;18;1;2;86;
17;18;1;2;305;
20;18;1;2;468;
17;20;1;2;117;
17;19;1;2;305;
18;20;1;2;20;
14;16;1;2;473;
20;18;1;2;225;
15;16;1;2;114;
20;17;1;2;336;
17;19;1;2;102;
14;16;1;2;374;
18;18;1;2;31;
19;17;1;2;141;
20;15;1;2;458;
18;16;1;2;201;
20;16;1;2;449;
16;20;1;2;357;
20;20;1;2;138;
16;20;1;2;23;
20;15;1;2;398;
18;18;1;2;153;
19;17;1;2;30;
20;16;1;2;476;
17;20;1;2;248;
14;19;1;2;149;
18;18;1;2;227;
17;19;1;2;55;
15;14;1;2;467;
19;17;1;2;53;
19;16;1;2;7;
1;1;17;208
2;1;6;402
3;1;3;235
4;1;18;925
5;1;17;155
6;1;16;902
7;1;2;542
8;1;8;855
9;1;5;60
10;1;16;413
11;1;1;85
12;1;4;894
13;1;17;632
*** EOF ***