**** 11 ****
50
13;19;1;2;457;
23;26;1;2;266;
8;9;1;2;240;
26;23;1;2;449;
26;8;1;2;60;
12;10;1;2;516;
27;21;1;2;486;
24;21;1;2;106;
11;26;1;2;133;
24;24;1;2;118;
27;22;1;2;374;
25;26;1;2;301;
28;9;1;2;271;
26;7;1;2;9;
13;14;1;2;244;
22;9;1;2;160;
28;21;1;2;262;
14;28;1;2;242;
6;10;1;2;105;
10;10;1;2;90;
24;11;1;2;269;
22;16;1;2;287;
23;26;1;2;504;
16;10;1;2;321;
9;27;1;2;494;
15;11;1;2;122;
15;19;1;2;332;
26;8;1;2;79;
27;21;1;2;275;
21;12;1;2;390;
9;18;1;2;475;
26;28;1;2;334;
7;16;1;2;238;
6;11;1;2;319;
17;16;1;2;448;
18;20;1;2;4;
6;22;1;2;447;
26;13;1;2;42;
13;21;1;2;49;
16;15;1;2;413;
19;8;1;2;201;
15;8;1;2;522;
7;11;1;2;419;
15;19;1;2;491;
27;14;1;2;80;
21;21;1;2;441;
17;23;1;2;404;
10;16;1;2;316;
11;17;1;2;207;
21;21;1;2;185;
1;1;15;282
2;1;11;994
3;1;20;144
4;1;18;1028
5;1;11;712
6;1;13;264
7;1;13;694
8;1;1;311
9;1;1;355
10;1;18;647
11;1;13;609
12;1;12;566
13;1;2;898
*** EOF ***