**** 16 ****
50
25;24;1;2;135;
9;26;1;2;426;
25;11;1;2;450;
20;15;1;2;166;
24;10;1;2;238;
21;10;1;2;380;
26;22;1;2;470;
10;10;1;2;482;
25;23;1;2;86;
25;16;1;2;285;
19;18;1;2;43;
11;19;1;2;53;
26;11;1;2;204;
20;17;1;2;315;
11;11;1;2;327;
17;16;1;2;312;
11;21;1;2;386;
12;14;1;2;377;
20;18;1;2;116;
16;25;1;2;164;
22;18;1;2;63;
8;26;1;2;53;
10;19;1;2;412;
21;21;1;2;163;
8;27;1;2;1;
23;16;1;2;479;
8;9;1;2;372;
22;16;1;2;333;
7;14;1;2;103;
14;9;1;2;477;
18;20;1;2;287;
12;23;1;2;464;
15;11;1;2;121;
8;26;1;2;240;
25;15;1;2;354;
24;25;1;2;122;
12;15;1;2;349;
21;10;1;2;139;
19;7;1;2;44;
27;7;1;2;144;
23;13;1;2;143;
24;24;1;2;29;
11;19;1;2;479;
15;21;1;2;36;
11;8;1;2;440;
14;19;1;2;204;
14;26;1;2;300;
11;7;1;2;16;
16;26;1;2;244;
26;8;1;2;127;
1;1;1;808
2;1;3;894
3;1;15;496
4;1;1;5
5;1;8;934
6;1;3;223
7;1;9;307
8;1;9;42
9;1;15;280
10;1;15;336
11;1;17;395
12;1;2;144
13;1;19;730
*** EOF ***