**** 4 ****
50
14;9;1;2;372;
11;30;1;2;258;
27;20;1;2;287;
7;24;1;2;281;
22;22;1;2;38;
7;4;1;2;137;
13;15;1;2;88;
13;20;1;2;12;
22;21;1;2;182;
6;8;1;2;400;
17;17;1;2;153;
19;11;1;2;117;
27;26;1;2;225;
15;28;1;2;134;
6;19;1;2;159;
20;11;1;2;186;
12;5;1;2;36;
13;6;1;2;460;
6;5;1;2;76;
14;15;1;2;74;
30;11;1;2;265;
10;7;1;2;433;
15;27;1;2;428;
28;29;1;2;225;
30;12;1;2;130;
15;17;1;2;74;
25;22;1;2;410;
11;17;1;2;35;
23;20;1;2;411;
15;12;1;2;285;
23;10;1;2;94;
12;29;1;2;201;
14;4;1;2;386;
17;9;1;2;329;
29;7;1;2;304;
20;21;1;2;439;
4;13;1;2;276;
28;11;1;2;180;
9;5;1;2;333;
15;11;1;2;419;
11;11;1;2;404;
20;9;1;2;164;
18;4;1;2;377;
20;5;1;2;257;
5;19;1;2;54;
11;14;1;2;285;
7;29;1;2;314;
26;5;1;2;202;
17;19;1;2;408;
4;5;1;2;330;
1;1;3;853
2;1;7;893
3;1;6;78
4;1;15;824
5;1;11;600
6;1;11;680
7;1;16;56
8;1;13;197
9;1;11;774
10;1;1;422
11;1;6;527
12;1;2;50
13;1;16;860
*** EOF ***