**** 9 ****
50
18;15;1;2;37;
24;7;1;2;203;
26;12;1;2;253;
13;8;1;2;51;
13;10;1;2;4;
16;13;1;2;519;
7;20;1;2;139;
17;22;1;2;464;
14;14;1;2;504;
25;20;1;2;209;
21;11;1;2;257;
22;10;1;2;30;
26;18;1;2;114;
12;16;1;2;200;
22;15;1;2;11;
21;23;1;2;317;
25;11;1;2;77;
10;14;1;2;137;
8;13;1;2;491;
20;13;1;2;440;
12;18;1;2;183;
9;15;1;2;73;
11;23;1;2;365;
26;7;1;2;108;
22;8;1;2;449;
19;22;1;2;92;
10;22;1;2;482;
12;22;1;2;388;
17;9;1;2;409;
15;22;1;2;73;
19;18;1;2;134;
20;20;1;2;122;
24;23;1;2;220;
19;8;1;2;296;
18;14;1;2;486;
23;18;1;2;484;
19;13;1;2;319;
16;22;1;2;252;
11;18;1;2;363;
13;26;1;2;491;
24;18;1;2;442;
26;26;1;2;126;
24;15;1;2;179;
22;8;1;2;133;
11;26;1;2;187;
16;11;1;2;79;
24;13;1;2;405;
23;16;1;2;424;
8;10;1;2;432;
19;22;1;2;176;
1;1;20;982
2;1;10;274
3;1;2;922
4;1;17;1006
5;1;14;121
6;1;20;1041
7;1;11;73
8;1;8;523
9;1;3;770
10;1;9;222
11;1;17;205
12;1;9;570
13;1;15;38
*** EOF ***