**** 8 ****
50
16;9;1;2;289;
15;20;1;2;299;
24;8;1;2;13;
13;17;1;2;36;
13;13;1;2;254;
21;12;1;2;247;
15;22;1;2;305;
20;7;1;2;87;
24;5;1;2;229;
11;20;1;2;335;
29;13;1;2;215;
11;29;1;2;111;
13;23;1;2;215;
9;21;1;2;236;
6;13;1;2;54;
6;6;1;2;191;
18;27;1;2;82;
25;21;1;2;197;
13;28;1;2;436;
23;11;1;2;378;
9;25;1;2;422;
14;11;1;2;161;
9;28;1;2;470;
17;8;1;2;250;
24;20;1;2;304;
9;10;1;2;270;
5;28;1;2;286;
17;17;1;2;75;
25;23;1;2;55;
29;13;1;2;452;
13;12;1;2;134;
27;20;1;2;123;
20;9;1;2;236;
20;24;1;2;3;
13;24;1;2;130;
24;10;1;2;127;
28;29;1;2;468;
19;29;1;2;242;
10;24;1;2;323;
27;24;1;2;207;
23;10;1;2;115;
26;18;1;2;431;
15;28;1;2;86;
9;22;1;2;124;
11;29;1;2;134;
6;10;1;2;120;
11;25;1;2;237;
5;6;1;2;26;
9;27;1;2;204;
16;22;1;2;211;
1;1;13;768
2;1;14;316
3;1;4;583
4;1;20;28
5;1;9;292
6;1;1;158
7;1;10;370
8;1;6;891
9;1;16;547
10;1;5;222
11;1;11;418
12;1;16;643
13;1;13;934
*** EOF ***