**** 6 ****
50
15;22;1;2;206;
13;25;1;2;76;
15;21;1;2;389;
13;12;1;2;443;
16;17;1;2;231;
11;19;1;2;53;
18;17;1;2;240;
15;13;1;2;5;
13;9;1;2;235;
18;12;1;2;156;
22;11;1;2;306;
22;24;1;2;246;
17;13;1;2;180;
21;16;1;2;405;
15;19;1;2;71;
20;22;1;2;116;
25;10;1;2;449;
11;19;1;2;259;
14;23;1;2;311;
9;17;1;2;28;
25;9;1;2;272;
24;13;1;2;60;
21;23;1;2;143;
19;22;1;2;158;
13;12;1;2;213;
25;23;1;2;133;
25;15;1;2;223;
13;19;1;2;241;
21;17;1;2;53;
9;9;1;2;244;
16;17;1;2;189;
20;10;1;2;343;
22;15;1;2;359;
22;20;1;2;30;
15;23;1;2;220;
19;16;1;2;438;
23;19;1;2;265;
10;24;1;2;253;
21;20;1;2;190;
9;23;1;2;212;
12;25;1;2;125;
11;9;1;2;276;
23;23;1;2;411;
14;9;1;2;356;
19;12;1;2;31;
20;22;1;2;150;
23;19;1;2;55;
24;21;1;2;130;
10;16;1;2;12;
17;21;1;2;385;
1;1;12;1010
2;1;20;737
3;1;15;315
4;1;6;730
5;1;13;160
6;1;9;450
7;1;11;907
8;1;20;565
9;1;12;664
10;1;8;475
11;1;6;717
12;1;12;89
13;1;5;615
*** EOF ***