**** 4 ****
50
20;19;1;2;123;
16;18;1;2;460;
12;13;1;2;246;
20;21;1;2;55;
14;12;1;2;434;
22;22;1;2;448;
22;17;1;2;323;
14;12;1;2;363;
12;12;1;2;303;
18;14;1;2;71;
13;12;1;2;323;
18;13;1;2;171;
22;16;1;2;157;
21;20;1;2;106;
17;16;1;2;398;
15;19;1;2;379;
20;19;1;2;61;
17;19;1;2;312;
19;17;1;2;8;
21;19;1;2;9;
12;16;1;2;476;
14;22;1;2;42;
14;12;1;2;110;
15;17;1;2;125;
20;18;1;2;417;
14;22;1;2;37;
21;12;1;2;453;
20;22;1;2;172;
21;16;1;2;247;
16;12;1;2;74;
14;12;1;2;92;
16;19;1;2;242;
15;12;1;2;221;
21;20;1;2;8;
14;12;1;2;302;
19;21;1;2;180;
19;20;1;2;382;
18;13;1;2;161;
12;22;1;2;177;
18;20;1;2;210;
14;19;1;2;429;
17;18;1;2;231;
17;13;1;2;38;
21;16;1;2;17;
21;14;1;2;398;
20;20;1;2;223;
17;17;1;2;124;
16;18;1;2;144;
13;21;1;2;137;
18;14;1;2;8;
1;1;5;722
2;1;12;564
3;1;12;271
4;1;3;950
5;1;8;634
6;1;17;539
7;1;7;97
8;1;12;866
9;1;3;825
10;1;3;523
11;1;1;736
12;1;3;93
13;1;12;661
*** EOF ***