**** 1 ****
50
26;12;1;2;164;
7;8;1;2;77;
27;17;1;2;383;
10;15;1;2;247;
12;6;1;2;262;
16;21;1;2;343;
18;12;1;2;260;
13;28;1;2;245;
6;7;1;2;233;
15;13;1;2;265;
10;22;1;2;52;
22;19;1;2;222;
12;9;1;2;443;
20;23;1;2;318;
9;9;1;2;60;
13;22;1;2;182;
20;30;1;2;326;
10;25;1;2;72;
28;22;1;2;126;
22;12;1;2;25;
10;20;1;2;297;
30;20;1;2;214;
5;6;1;2;281;
7;13;1;2;290;
6;18;1;2;88;
21;20;1;2;84;
15;19;1;2;21;
11;9;1;2;91;
6;16;1;2;106;
20;18;1;2;363;
7;23;1;2;128;
27;11;1;2;3;
27;16;1;2;414;
27;20;1;2;400;
22;25;1;2;237;
17;26;1;2;350;
13;21;1;2;366;
15;11;1;2;173;
11;17;1;2;418;
22;23;1;2;175;
20;6;1;2;298;
28;5;1;2;336;
11;9;1;2;320;
29;20;1;2;408;
23;12;1;2;220;
15;26;1;2;97;
10;25;1;2;155;
23;12;1;2;441;
7;30;1;2;370;
6;7;1;2;53;
1;1;8;308
2;1;13;85
3;1;8;505
4;1;7;879
5;1;4;8
6;1;8;619
7;1;6;800
8;1;1;816
9;1;6;829
10;1;12;414
11;1;4;637
12;1;1;693
13;1;1;398
*** EOF ***