**** 8 ****
50
16;16;1;2;69;
17;17;1;2;221;
17;17;1;2;231;
17;17;1;2;247;
17;16;1;2;415;
17;18;1;2;98;
18;16;1;2;136;
16;18;1;2;175;
16;18;1;2;333;
16;16;1;2;4;
18;18;1;2;226;
16;16;1;2;190;
18;18;1;2;37;
18;16;1;2;142;
17;17;1;2;389;
16;17;1;2;346;
16;18;1;2;20;
17;16;1;2;481;
16;18;1;2;311;
16;17;1;2;6;
17;17;1;2;20;
18;18;1;2;281;
17;18;1;2;383;
17;18;1;2;345;
17;17;1;2;60;
16;18;1;2;64;
17;17;1;2;182;
18;16;1;2;491;
16;17;1;2;355;
16;16;1;2;103;
16;18;1;2;349;
18;16;1;2;325;
16;18;1;2;365;
18;17;1;2;13;
18;16;1;2;55;
18;16;1;2;364;
17;17;1;2;204;
17;17;1;2;492;
18;16;1;2;104;
18;17;1;2;146;
16;18;1;2;339;
17;16;1;2;102;
18;16;1;2;204;
18;18;1;2;96;
17;18;1;2;113;
18;17;1;2;57;
17;16;1;2;449;
17;18;1;2;1;
17;18;1;2;357;
17;16;1;2;170;
1;1;15;819
2;1;3;935
3;1;9;596
4;1;5;28
5;1;16;453
6;1;5;586
7;1;10;268
8;1;8;766
9;1;15;836
10;1;9;854
11;1;13;292
12;1;14;334
13;1;15;720
*** EOF ***