**** 11 ****
50
16;17;1;2;432;
17;17;1;2;208;
18;18;1;2;465;
16;17;1;2;427;
18;18;1;2;123;
16;18;1;2;69;
17;16;1;2;167;
16;18;1;2;494;
17;18;1;2;266;
17;17;1;2;402;
17;17;1;2;170;
16;16;1;2;204;
17;16;1;2;88;
17;18;1;2;369;
17;16;1;2;277;
17;16;1;2;257;
18;18;1;2;456;
16;18;1;2;442;
17;16;1;2;159;
17;18;1;2;225;
18;18;1;2;407;
16;16;1;2;394;
18;16;1;2;468;
16;16;1;2;214;
16;18;1;2;489;
18;18;1;2;228;
17;18;1;2;27;
16;17;1;2;72;
17;18;1;2;95;
17;18;1;2;310;
18;16;1;2;475;
18;16;1;2;483;
17;17;1;2;232;
16;17;1;2;159;
17;18;1;2;224;
16;17;1;2;215;
16;17;1;2;432;
18;18;1;2;124;
16;18;1;2;201;
16;17;1;2;475;
18;16;1;2;182;
17;16;1;2;9;
16;18;1;2;190;
17;17;1;2;365;
18;16;1;2;363;
18;16;1;2;462;
18;16;1;2;389;
17;16;1;2;352;
16;17;1;2;78;
17;16;1;2;17;
1;1;4;383
2;1;2;77
3;1;19;563
4;1;2;80
5;1;11;197
6;1;8;971
7;1;20;313
8;1;20;120
9;1;20;150
10;1;7;930
11;1;20;732
12;1;16;715
13;1;6;446
*** EOF ***