**** 13 ****
50
8;21;1;2;391;
14;13;1;2;133;
21;25;1;2;332;
19;17;1;2;177;
22;18;1;2;44;
10;9;1;2;203;
14;12;1;2;382;
11;18;1;2;231;
19;19;1;2;290;
13;18;1;2;405;
16;8;1;2;111;
15;17;1;2;196;
20;12;1;2;350;
22;9;1;2;325;
8;22;1;2;283;
18;16;1;2;164;
23;10;1;2;147;
11;22;1;2;112;
8;9;1;2;99;
16;16;1;2;22;
9;17;1;2;324;
9;14;1;2;371;
19;21;1;2;413;
16;24;1;2;420;
16;26;1;2;344;
24;9;1;2;407;
18;9;1;2;55;
22;26;1;2;75;
19;9;1;2;345;
19;13;1;2;434;
10;9;1;2;24;
12;23;1;2;235;
23;8;1;2;52;
19;25;1;2;444;
26;21;1;2;46;
13;13;1;2;118;
23;25;1;2;271;
10;13;1;2;208;
26;23;1;2;422;
17;11;1;2;300;
16;11;1;2;314;
9;8;1;2;190;
11;15;1;2;27;
18;8;1;2;140;
17;25;1;2;325;
9;8;1;2;120;
23;23;1;2;372;
11;10;1;2;116;
17;19;1;2;116;
16;21;1;2;340;
1;1;5;521
2;1;4;26
3;1;11;407
4;1;6;213
5;1;8;572
6;1;6;375
7;1;2;717
8;1;6;335
9;1;16;249
10;1;16;450
11;1;4;629
12;1;10;418
13;1;14;124
*** EOF ***