**** 2 ****
50
16;17;1;2;347;
19;19;1;2;344;
16;16;1;2;32;
19;17;1;2;235;
19;16;1;2;180;
18;16;1;2;438;
16;18;1;2;429;
19;19;1;2;61;
17;18;1;2;495;
17;18;1;2;81;
17;15;1;2;476;
18;16;1;2;68;
16;18;1;2;287;
19;16;1;2;23;
16;17;1;2;156;
19;19;1;2;269;
18;15;1;2;277;
15;19;1;2;98;
15;16;1;2;167;
16;17;1;2;184;
15;18;1;2;487;
15;17;1;2;405;
16;15;1;2;416;
18;16;1;2;234;
19;17;1;2;256;
18;16;1;2;402;
18;19;1;2;221;
16;17;1;2;75;
17;18;1;2;501;
17;19;1;2;477;
17;15;1;2;242;
19;17;1;2;347;
19;15;1;2;249;
18;19;1;2;373;
15;16;1;2;371;
17;15;1;2;385;
15;19;1;2;64;
16;16;1;2;426;
16;18;1;2;199;
19;18;1;2;334;
17;17;1;2;73;
19;17;1;2;94;
18;15;1;2;275;
16;18;1;2;380;
17;16;1;2;194;
16;19;1;2;408;
19;16;1;2;323;
19;18;1;2;277;
16;16;1;2;130;
16;18;1;2;74;
1;1;18;722
2;1;12;58
3;1;13;456
4;1;12;253
5;1;16;40
6;1;19;341
7;1;15;960
8;1;10;156
9;1;18;647
10;1;10;196
11;1;17;71
12;1;16;602
13;1;14;930
*** EOF ***