**** 18 ****
50
15;25;1;2;190;
14;20;1;2;354;
8;12;1;2;264;
26;9;1;2;461;
14;12;1;2;23;
25;24;1;2;125;
22;19;1;2;159;
25;10;1;2;468;
11;8;1;2;26;
23;19;1;2;414;
20;21;1;2;96;
15;12;1;2;319;
17;22;1;2;103;
18;9;1;2;158;
12;21;1;2;329;
20;12;1;2;437;
14;24;1;2;231;
17;15;1;2;140;
18;12;1;2;370;
10;12;1;2;342;
17;12;1;2;195;
21;26;1;2;138;
23;11;1;2;65;
17;19;1;2;308;
13;25;1;2;23;
19;12;1;2;281;
16;21;1;2;161;
20;18;1;2;106;
9;15;1;2;396;
18;9;1;2;122;
10;15;1;2;65;
12;18;1;2;38;
17;19;1;2;204;
24;9;1;2;273;
8;14;1;2;359;
10;26;1;2;401;
16;16;1;2;179;
20;19;1;2;175;
14;25;1;2;42;
24;20;1;2;267;
8;22;1;2;371;
8;14;1;2;428;
17;17;1;2;352;
20;11;1;2;438;
10;23;1;2;388;
13;25;1;2;23;
14;18;1;2;428;
15;17;1;2;263;
16;19;1;2;258;
26;26;1;2;342;
1;1;13;48
2;1;12;846
3;1;9;416
4;1;10;472
5;1;8;67
6;1;9;252
7;1;14;358
8;1;1;518
9;1;8;877
10;1;7;7
11;1;17;790
12;1;1;809
13;1;8;241
*** EOF ***