**** 16 ****
50
16;18;1;2;11;
18;18;1;2;215;
19;19;1;2;276;
17;16;1;2;372;
19;16;1;2;247;
19;15;1;2;80;
15;19;1;2;280;
18;18;1;2;189;
19;17;1;2;121;
19;19;1;2;358;
17;17;1;2;477;
19;16;1;2;35;
16;18;1;2;307;
15;17;1;2;109;
15;16;1;2;51;
17;15;1;2;87;
15;16;1;2;55;
17;17;1;2;59;
18;16;1;2;359;
18;17;1;2;452;
18;16;1;2;351;
19;17;1;2;5;
19;16;1;2;163;
18;15;1;2;293;
18;17;1;2;165;
15;16;1;2;492;
18;16;1;2;174;
19;17;1;2;400;
15;19;1;2;372;
17;19;1;2;41;
18;19;1;2;423;
15;16;1;2;110;
16;18;1;2;72;
19;19;1;2;162;
17;15;1;2;324;
19;15;1;2;73;
18;17;1;2;434;
19;17;1;2;5;
18;18;1;2;26;
18;16;1;2;317;
15;15;1;2;340;
15;16;1;2;488;
16;17;1;2;397;
17;17;1;2;189;
19;19;1;2;27;
16;15;1;2;225;
16;15;1;2;262;
18;19;1;2;104;
17;15;1;2;419;
16;16;1;2;393;
1;1;20;679
2;1;17;297
3;1;2;265
4;1;20;50
5;1;12;316
6;1;3;596
7;1;1;473
8;1;5;831
9;1;12;745
10;1;19;563
11;1;10;622
12;1;3;922
13;1;17;147
*** EOF ***