**** 0 ****
50
22;16;1;2;125;
19;15;1;2;142;
12;19;1;2;258;
15;16;1;2;127;
21;22;1;2;356;
21;18;1;2;449;
20;22;1;2;304;
21;21;1;2;397;
21;13;1;2;2;
14;19;1;2;154;
15;12;1;2;73;
22;14;1;2;389;
12;13;1;2;167;
14;18;1;2;196;
12;20;1;2;376;
12;18;1;2;388;
21;15;1;2;52;
18;19;1;2;354;
13;18;1;2;433;
16;13;1;2;24;
12;17;1;2;283;
15;21;1;2;341;
22;21;1;2;275;
22;15;1;2;431;
17;17;1;2;182;
16;17;1;2;454;
13;22;1;2;298;
13;15;1;2;18;
16;20;1;2;402;
17;15;1;2;282;
13;16;1;2;233;
14;22;1;2;201;
21;20;1;2;364;
22;20;1;2;28;
19;22;1;2;17;
21;19;1;2;343;
12;16;1;2;420;
15;15;1;2;119;
22;17;1;2;75;
22;20;1;2;408;
13;15;1;2;324;
15;14;1;2;43;
17;22;1;2;246;
20;16;1;2;182;
17;20;1;2;359;
16;17;1;2;349;
21;12;1;2;378;
20;20;1;2;405;
14;19;1;2;241;
18;21;1;2;129;
1;1;5;129
2;1;13;520
3;1;5;925
4;1;10;615
5;1;16;801
6;1;5;487
7;1;10;932
8;1;14;506
9;1;15;81
10;1;4;539
11;1;17;586
12;1;10;271
13;1;16;666
*** EOF ***