**** 15 ****
50
17;16;1;2;105;
16;18;1;2;184;
17;16;1;2;355;
18;16;1;2;298;
17;18;1;2;293;
18;16;1;2;315;
17;18;1;2;392;
16;16;1;2;97;
16;18;1;2;345;
16;17;1;2;370;
18;17;1;2;491;
18;17;1;2;369;
17;18;1;2;66;
18;18;1;2;475;
16;17;1;2;279;
17;17;1;2;227;
16;16;1;2;149;
16;18;1;2;491;
17;16;1;2;307;
18;18;1;2;97;
16;18;1;2;371;
16;18;1;2;26;
17;18;1;2;197;
17;17;1;2;252;
18;16;1;2;422;
17;17;1;2;59;
17;16;1;2;362;
18;16;1;2;61;
17;16;1;2;62;
18;16;1;2;127;
17;16;1;2;76;
16;18;1;2;301;
17;16;1;2;293;
16;18;1;2;352;
17;17;1;2;106;
16;18;1;2;55;
16;16;1;2;133;
16;17;1;2;226;
17;18;1;2;328;
16;18;1;2;290;
17;16;1;2;307;
16;17;1;2;277;
18;17;1;2;210;
17;18;1;2;119;
17;18;1;2;86;
18;17;1;2;135;
17;17;1;2;40;
18;16;1;2;232;
16;16;1;2;33;
18;16;1;2;354;
1;1;18;727
2;1;6;598
3;1;17;757
4;1;11;521
5;1;19;951
6;1;8;376
7;1;9;51
8;1;6;111
9;1;2;385
10;1;13;701
11;1;17;612
12;1;5;315
13;1;7;20
*** EOF ***