**** 6 ****
50
24;10;1;2;53;
24;23;1;2;20;
10;11;1;2;34;
22;12;1;2;431;
22;23;1;2;164;
23;11;1;2;135;
23;24;1;2;179;
18;12;1;2;327;
21;11;1;2;464;
13;22;1;2;420;
14;16;1;2;138;
15;18;1;2;342;
23;18;1;2;501;
11;19;1;2;417;
24;17;1;2;428;
16;18;1;2;235;
14;13;1;2;503;
13;20;1;2;352;
19;11;1;2;98;
17;10;1;2;329;
18;12;1;2;92;
18;11;1;2;476;
24;23;1;2;308;
18;11;1;2;444;
22;18;1;2;395;
19;15;1;2;233;
11;10;1;2;454;
24;21;1;2;419;
23;21;1;2;14;
23;19;1;2;306;
14;23;1;2;503;
21;14;1;2;200;
19;17;1;2;475;
20;19;1;2;125;
23;11;1;2;162;
23;19;1;2;455;
14;11;1;2;87;
10;14;1;2;178;
11;14;1;2;102;
14;22;1;2;20;
12;10;1;2;273;
19;24;1;2;346;
10;22;1;2;267;
15;12;1;2;42;
19;23;1;2;221;
15;24;1;2;307;
10;16;1;2;454;
19;14;1;2;328;
24;16;1;2;444;
12;16;1;2;78;
1;1;5;542
2;1;6;381
3;1;17;398
4;1;13;246
5;1;10;197
6;1;14;440
7;1;19;137
8;1;1;810
9;1;3;922
10;1;6;777
11;1;12;934
12;1;1;928
13;1;9;113
*** EOF ***