**** 16 ****
50
17;17;1;2;410;
18;17;1;2;353;
16;17;1;2;370;
18;16;1;2;5;
17;18;1;2;80;
16;16;1;2;146;
18;17;1;2;306;
18;16;1;2;90;
16;16;1;2;358;
18;18;1;2;166;
16;18;1;2;357;
18;16;1;2;50;
16;18;1;2;126;
18;17;1;2;378;
16;17;1;2;368;
16;18;1;2;208;
17;18;1;2;422;
16;16;1;2;256;
16;18;1;2;18;
18;17;1;2;199;
17;16;1;2;363;
16;18;1;2;198;
16;18;1;2;220;
18;18;1;2;69;
18;17;1;2;465;
17;17;1;2;159;
18;16;1;2;39;
17;16;1;2;413;
18;17;1;2;466;
17;17;1;2;269;
18;16;1;2;275;
18;18;1;2;12;
17;16;1;2;208;
18;17;1;2;395;
17;16;1;2;439;
16;16;1;2;72;
16;17;1;2;123;
18;18;1;2;168;
17;16;1;2;261;
16;18;1;2;274;
16;18;1;2;56;
18;18;1;2;31;
16;16;1;2;464;
17;17;1;2;289;
17;18;1;2;13;
18;17;1;2;214;
16;17;1;2;243;
16;18;1;2;42;
16;18;1;2;210;
18;18;1;2;138;
1;1;12;392
2;1;5;898
3;1;16;257
4;1;7;238
5;1;16;481
6;1;6;110
7;1;14;799
8;1;6;706
9;1;4;281
10;1;10;575
11;1;10;500
12;1;18;601
13;1;6;766
*** EOF ***