**** 13 ****
50
14;15;1;2;327;
20;19;1;2;149;
19;16;1;2;466;
16;16;1;2;68;
13;15;1;2;463;
17;18;1;2;125;
19;13;1;2;166;
16;17;1;2;187;
19;19;1;2;242;
13;15;1;2;144;
14;20;1;2;28;
21;13;1;2;457;
14;21;1;2;326;
19;13;1;2;25;
19;19;1;2;440;
16;17;1;2;5;
15;19;1;2;14;
19;14;1;2;382;
18;19;1;2;148;
21;16;1;2;85;
17;21;1;2;500;
18;21;1;2;404;
13;21;1;2;316;
18;19;1;2;113;
18;14;1;2;82;
21;14;1;2;209;
20;17;1;2;382;
21;20;1;2;448;
21;16;1;2;394;
13;18;1;2;171;
16;19;1;2;270;
15;18;1;2;310;
20;18;1;2;455;
16;20;1;2;3;
16;16;1;2;82;
19;13;1;2;136;
13;21;1;2;261;
19;14;1;2;228;
18;15;1;2;160;
16;16;1;2;483;
17;21;1;2;2;
13;18;1;2;389;
19;13;1;2;364;
16;19;1;2;398;
16;14;1;2;110;
21;14;1;2;22;
13;21;1;2;229;
13;13;1;2;176;
16;15;1;2;264;
17;18;1;2;291;
1;1;13;345
2;1;17;296
3;1;19;785
4;1;13;123
5;1;9;612
6;1;11;587
7;1;9;855
8;1;20;721
9;1;3;889
10;1;6;500
11;1;18;516
12;1;9;391
13;1;13;743
*** EOF ***