**** 1 ****
50
17;18;1;2;218;
18;16;1;2;109;
16;18;1;2;316;
17;18;1;2;403;
16;17;1;2;262;
18;16;1;2;319;
17;16;1;2;107;
18;16;1;2;477;
18;16;1;2;370;
17;18;1;2;264;
16;17;1;2;419;
16;16;1;2;372;
17;17;1;2;43;
17;18;1;2;413;
16;17;1;2;420;
16;16;1;2;400;
18;17;1;2;450;
17;16;1;2;20;
17;18;1;2;447;
17;18;1;2;439;
17;17;1;2;337;
17;17;1;2;289;
16;16;1;2;38;
18;18;1;2;178;
18;16;1;2;219;
18;17;1;2;480;
17;17;1;2;328;
18;17;1;2;174;
18;18;1;2;143;
17;17;1;2;138;
16;18;1;2;305;
16;16;1;2;491;
17;18;1;2;488;
17;18;1;2;379;
16;16;1;2;19;
16;17;1;2;6;
16;16;1;2;216;
18;17;1;2;101;
17;17;1;2;403;
17;16;1;2;37;
17;17;1;2;322;
17;18;1;2;187;
17;16;1;2;18;
16;16;1;2;168;
17;18;1;2;294;
16;17;1;2;33;
17;17;1;2;337;
17;18;1;2;150;
16;17;1;2;365;
17;17;1;2;83;
1;1;20;310
2;1;19;115
3;1;7;825
4;1;8;905
5;1;18;516
6;1;4;28
7;1;1;260
8;1;15;605
9;1;10;385
10;1;8;494
11;1;7;482
12;1;4;413
13;1;18;668
*** EOF ***