**** 8 ****
50
10;19;1;2;322;
25;22;1;2;244;
26;21;1;2;354;
6;15;1;2;514;
17;15;1;2;336;
30;15;1;2;479;
28;23;1;2;280;
30;9;1;2;463;
14;19;1;2;106;
26;17;1;2;50;
14;7;1;2;363;
5;29;1;2;367;
9;7;1;2;317;
9;25;1;2;480;
25;23;1;2;385;
14;10;1;2;523;
6;20;1;2;63;
23;24;1;2;283;
30;18;1;2;329;
10;19;1;2;344;
5;19;1;2;468;
26;29;1;2;382;
16;30;1;2;188;
11;13;1;2;133;
25;14;1;2;388;
22;4;1;2;320;
8;30;1;2;104;
16;29;1;2;510;
15;4;1;2;106;
9;16;1;2;113;
18;28;1;2;230;
6;4;1;2;442;
22;25;1;2;494;
4;17;1;2;398;
27;21;1;2;122;
15;22;1;2;130;
28;16;1;2;404;
10;20;1;2;281;
24;22;1;2;281;
25;30;1;2;135;
28;18;1;2;162;
4;18;1;2;257;
23;14;1;2;312;
28;12;1;2;184;
14;23;1;2;404;
27;10;1;2;278;
26;8;1;2;3;
27;9;1;2;434;
15;29;1;2;272;
23;18;1;2;3;
1;1;17;676
2;1;3;71
3;1;18;38
4;1;20;141
5;1;16;241
6;1;1;960
7;1;7;331
8;1;14;828
9;1;11;554
10;1;20;899
11;1;9;730
12;1;10;755
13;1;5;962
*** EOF ***