**** 16 ****
50
6;21;1;2;287;
20;8;1;2;211;
9;29;1;2;84;
15;27;1;2;178;
22;28;1;2;234;
10;20;1;2;386;
26;25;1;2;122;
25;27;1;2;122;
17;15;1;2;71;
15;21;1;2;305;
20;8;1;2;332;
5;6;1;2;32;
14;5;1;2;87;
15;10;1;2;176;
10;25;1;2;314;
12;18;1;2;413;
16;5;1;2;168;
9;29;1;2;41;
19;14;1;2;126;
23;9;1;2;302;
22;26;1;2;363;
5;13;1;2;316;
9;6;1;2;298;
25;24;1;2;430;
25;28;1;2;358;
10;17;1;2;38;
21;24;1;2;360;
6;6;1;2;76;
12;24;1;2;352;
15;22;1;2;234;
18;10;1;2;101;
16;16;1;2;314;
12;8;1;2;63;
11;11;1;2;247;
8;15;1;2;184;
23;21;1;2;249;
6;27;1;2;149;
6;9;1;2;195;
17;19;1;2;26;
18;30;1;2;46;
18;29;1;2;18;
20;5;1;2;365;
19;19;1;2;425;
8;25;1;2;173;
4;24;1;2;7;
7;29;1;2;285;
4;10;1;2;59;
15;12;1;2;314;
30;9;1;2;19;
8;26;1;2;291;
1;1;13;467
2;1;16;231
3;1;11;443
4;1;20;653
5;1;17;412
6;1;14;740
7;1;10;723
8;1;1;771
9;1;5;536
10;1;17;489
11;1;14;295
12;1;1;280
13;1;2;865
*** EOF ***