**** 5 ****
50
24;16;1;2;445;
12;24;1;2;372;
18;13;1;2;184;
15;16;1;2;383;
18;11;1;2;485;
23;23;1;2;253;
15;11;1;2;33;
11;15;1;2;163;
16;21;1;2;57;
12;24;1;2;171;
22;13;1;2;224;
15;19;1;2;471;
21;20;1;2;144;
13;15;1;2;58;
15;14;1;2;115;
12;19;1;2;364;
12;13;1;2;15;
17;11;1;2;77;
13;19;1;2;78;
18;19;1;2;362;
20;18;1;2;158;
15;24;1;2;378;
17;20;1;2;284;
11;19;1;2;412;
23;13;1;2;9;
23;16;1;2;122;
14;20;1;2;467;
24;14;1;2;251;
20;16;1;2;19;
12;12;1;2;37;
21;22;1;2;389;
17;18;1;2;257;
19;20;1;2;358;
19;20;1;2;22;
21;23;1;2;430;
20;14;1;2;23;
12;17;1;2;279;
11;20;1;2;80;
24;23;1;2;268;
15;24;1;2;84;
15;21;1;2;68;
12;24;1;2;86;
19;16;1;2;127;
15;11;1;2;216;
19;12;1;2;17;
21;21;1;2;361;
19;21;1;2;92;
23;16;1;2;339;
13;19;1;2;114;
16;15;1;2;352;
1;1;15;927
2;1;4;869
3;1;4;450
4;1;20;768
5;1;4;277
6;1;13;895
7;1;17;139
8;1;13;806
9;1;13;723
10;1;14;700
11;1;2;179
12;1;11;736
13;1;8;109
*** EOF ***