**** 6 ****
50
21;16;1;2;281;
19;13;1;2;88;
21;21;1;2;33;
20;19;1;2;212;
13;16;1;2;10;
20;16;1;2;449;
20;19;1;2;416;
15;13;1;2;296;
16;15;1;2;397;
16;20;1;2;33;
18;21;1;2;94;
19;16;1;2;71;
15;16;1;2;392;
18;14;1;2;444;
16;16;1;2;74;
20;15;1;2;258;
21;18;1;2;344;
20;17;1;2;205;
15;20;1;2;214;
15;19;1;2;19;
14;13;1;2;305;
20;13;1;2;209;
13;21;1;2;454;
17;15;1;2;385;
21;17;1;2;235;
19;13;1;2;348;
17;18;1;2;167;
14;18;1;2;99;
13;15;1;2;52;
16;21;1;2;67;
16;20;1;2;132;
16;13;1;2;277;
15;16;1;2;286;
13;21;1;2;334;
13;16;1;2;458;
18;16;1;2;331;
19;21;1;2;204;
17;19;1;2;218;
16;20;1;2;265;
13;14;1;2;295;
19;20;1;2;218;
18;19;1;2;342;
16;17;1;2;294;
14;17;1;2;374;
19;19;1;2;69;
18;17;1;2;180;
16;17;1;2;459;
15;15;1;2;75;
16;14;1;2;24;
16;14;1;2;90;
1;1;5;536
2;1;20;580
3;1;18;894
4;1;1;2
5;1;19;970
6;1;18;275
7;1;3;522
8;1;16;430
9;1;12;36
10;1;6;730
11;1;13;745
12;1;8;762
13;1;20;219
*** EOF ***