**** 15 ****
50
11;13;1;2;42;
14;18;1;2;374;
18;20;1;2;118;
13;16;1;2;187;
22;23;1;2;100;
19;15;1;2;80;
15;16;1;2;96;
20;16;1;2;33;
23;11;1;2;145;
15;18;1;2;452;
20;14;1;2;319;
14;11;1;2;156;
22;13;1;2;479;
14;22;1;2;351;
19;21;1;2;158;
20;14;1;2;295;
18;16;1;2;392;
16;11;1;2;445;
12;19;1;2;331;
18;19;1;2;206;
23;13;1;2;182;
17;14;1;2;30;
16;22;1;2;455;
14;20;1;2;323;
23;12;1;2;279;
11;23;1;2;258;
14;22;1;2;426;
11;14;1;2;459;
13;17;1;2;373;
17;18;1;2;177;
11;19;1;2;237;
22;20;1;2;3;
20;19;1;2;238;
14;21;1;2;155;
18;22;1;2;22;
15;16;1;2;397;
19;17;1;2;79;
18;13;1;2;407;
20;18;1;2;145;
12;21;1;2;457;
20;14;1;2;258;
11;20;1;2;114;
21;18;1;2;132;
16;18;1;2;310;
19;23;1;2;280;
20;19;1;2;466;
14;14;1;2;335;
11;18;1;2;64;
14;20;1;2;418;
22;21;1;2;315;
1;1;10;394
2;1;4;416
3;1;15;578
4;1;1;358
5;1;20;366
6;1;4;407
7;1;15;214
8;1;20;604
9;1;12;803
10;1;5;552
11;1;9;186
12;1;12;630
13;1;11;759
*** EOF ***