**** 5 ****
50
13;15;1;2;446;
23;15;1;2;474;
24;24;1;2;147;
11;21;1;2;160;
15;18;1;2;31;
8;24;1;2;451;
11;14;1;2;503;
24;21;1;2;285;
21;18;1;2;467;
20;16;1;2;471;
22;18;1;2;60;
26;14;1;2;71;
17;26;1;2;172;
19;26;1;2;63;
14;17;1;2;89;
19;16;1;2;111;
12;26;1;2;464;
15;25;1;2;290;
16;11;1;2;297;
20;18;1;2;82;
13;21;1;2;444;
19;10;1;2;462;
15;23;1;2;133;
13;22;1;2;66;
19;18;1;2;343;
12;16;1;2;102;
17;8;1;2;470;
18;25;1;2;413;
11;16;1;2;8;
26;14;1;2;362;
26;15;1;2;20;
20;15;1;2;85;
23;20;1;2;415;
23;20;1;2;452;
15;16;1;2;294;
15;9;1;2;361;
13;11;1;2;91;
21;24;1;2;384;
18;19;1;2;173;
23;17;1;2;460;
25;19;1;2;268;
15;21;1;2;440;
14;16;1;2;449;
26;9;1;2;477;
12;21;1;2;12;
26;11;1;2;114;
20;26;1;2;73;
9;14;1;2;463;
8;12;1;2;80;
23;17;1;2;245;
1;1;4;988
2;1;12;657
3;1;20;718
4;1;14;790
5;1;5;632
6;1;3;602
7;1;2;907
8;1;4;804
9;1;4;763
10;1;18;477
11;1;13;357
12;1;17;169
13;1;11;199
*** EOF ***