**** 18 ****
50
17;17;1;2;279;
17;17;1;2;84;
17;17;1;2;439;
17;17;1;2;450;
17;17;1;2;406;
17;17;1;2;135;
17;17;1;2;367;
17;17;1;2;192;
17;17;1;2;89;
17;17;1;2;42;
17;17;1;2;35;
17;17;1;2;17;
17;17;1;2;401;
17;17;1;2;28;
17;17;1;2;5;
17;17;1;2;293;
17;17;1;2;291;
17;17;1;2;443;
17;17;1;2;309;
17;17;1;2;404;
17;17;1;2;219;
17;17;1;2;255;
17;17;1;2;270;
17;17;1;2;25;
17;17;1;2;42;
17;17;1;2;474;
17;17;1;2;312;
17;17;1;2;341;
17;17;1;2;130;
17;17;1;2;204;
17;17;1;2;64;
17;17;1;2;56;
17;17;1;2;261;
17;17;1;2;35;
17;17;1;2;98;
17;17;1;2;432;
17;17;1;2;343;
17;17;1;2;42;
17;17;1;2;31;
17;17;1;2;21;
17;17;1;2;282;
17;17;1;2;103;
17;17;1;2;377;
17;17;1;2;364;
17;17;1;2;13;
17;17;1;2;256;
17;17;1;2;381;
17;17;1;2;48;
17;17;1;2;208;
17;17;1;2;296;
1;1;6;874
2;1;2;430
3;1;6;235
4;1;8;470
5;1;13;513
6;1;7;824
7;1;10;435
8;1;7;912
9;1;20;281
10;1;3;203
11;1;5;303
12;1;9;379
13;1;15;679
*** EOF ***