**** 9 ****
50
16;17;1;2;501;
18;17;1;2;416;
17;20;1;2;44;
15;16;1;2;311;
17;19;1;2;152;
17;20;1;2;328;
20;15;1;2;286;
20;20;1;2;495;
16;17;1;2;247;
18;14;1;2;224;
16;17;1;2;369;
16;14;1;2;187;
20;14;1;2;180;
20;20;1;2;159;
19;19;1;2;467;
14;20;1;2;62;
19;19;1;2;366;
17;19;1;2;297;
16;15;1;2;415;
19;16;1;2;438;
17;15;1;2;489;
15;15;1;2;459;
17;17;1;2;316;
20;16;1;2;142;
19;15;1;2;265;
19;18;1;2;331;
16;20;1;2;190;
16;19;1;2;286;
15;18;1;2;54;
19;18;1;2;90;
18;16;1;2;121;
17;20;1;2;495;
18;14;1;2;174;
14;14;1;2;213;
15;20;1;2;479;
20;15;1;2;222;
17;17;1;2;353;
14;17;1;2;277;
14;19;1;2;171;
16;18;1;2;337;
16;14;1;2;254;
17;17;1;2;124;
19;18;1;2;148;
14;19;1;2;21;
14;19;1;2;147;
15;16;1;2;235;
17;14;1;2;23;
14;17;1;2;439;
18;14;1;2;127;
15;18;1;2;349;
1;1;11;517
2;1;15;101
3;1;16;629
4;1;2;653
5;1;10;661
6;1;9;679
7;1;10;414
8;1;17;325
9;1;19;840
10;1;17;381
11;1;11;250
12;1;20;797
13;1;3;446
*** EOF ***