**** 17 ****
50
15;17;1;2;210;
12;12;1;2;103;
21;16;1;2;263;
18;11;1;2;106;
22;12;1;2;323;
21;22;1;2;393;
21;19;1;2;193;
13;13;1;2;467;
15;22;1;2;189;
18;11;1;2;108;
20;18;1;2;223;
11;11;1;2;460;
21;11;1;2;93;
19;13;1;2;162;
23;13;1;2;96;
17;15;1;2;498;
12;13;1;2;476;
22;12;1;2;5;
18;15;1;2;106;
15;18;1;2;253;
17;23;1;2;251;
11;22;1;2;294;
16;23;1;2;462;
17;22;1;2;185;
22;15;1;2;432;
14;14;1;2;407;
22;16;1;2;121;
12;13;1;2;354;
20;12;1;2;434;
21;13;1;2;239;
12;20;1;2;408;
12;18;1;2;9;
18;13;1;2;300;
16;21;1;2;211;
19;21;1;2;422;
14;21;1;2;266;
19;17;1;2;258;
14;16;1;2;264;
13;20;1;2;151;
16;14;1;2;459;
17;15;1;2;242;
14;15;1;2;116;
14;13;1;2;135;
21;23;1;2;26;
22;23;1;2;83;
19;15;1;2;218;
21;21;1;2;125;
21;17;1;2;269;
21;15;1;2;68;
21;12;1;2;442;
1;1;6;740
2;1;2;42
3;1;10;752
4;1;11;380
5;1;20;840
6;1;3;168
7;1;18;923
8;1;13;413
9;1;20;652
10;1;9;990
11;1;10;974
12;1;13;491
13;1;9;762
*** EOF ***