**** 0 ****
50
14;18;1;2;276;
19;14;1;2;272;
16;13;1;2;428;
21;19;1;2;359;
14;14;1;2;456;
18;15;1;2;394;
16;19;1;2;66;
21;16;1;2;268;
19;18;1;2;250;
14;15;1;2;322;
13;19;1;2;182;
16;15;1;2;224;
20;19;1;2;469;
14;18;1;2;121;
13;21;1;2;353;
17;18;1;2;310;
17;15;1;2;23;
17;16;1;2;57;
16;16;1;2;242;
18;13;1;2;457;
17;16;1;2;67;
13;21;1;2;431;
14;16;1;2;52;
21;19;1;2;137;
21;21;1;2;369;
18;16;1;2;13;
18;20;1;2;434;
19;18;1;2;313;
21;18;1;2;29;
16;13;1;2;2;
21;20;1;2;320;
21;14;1;2;140;
14;14;1;2;156;
15;17;1;2;455;
19;13;1;2;402;
21;21;1;2;463;
15;16;1;2;272;
13;15;1;2;106;
13;19;1;2;39;
20;16;1;2;26;
19;20;1;2;115;
14;13;1;2;480;
15;20;1;2;330;
21;14;1;2;456;
19;15;1;2;316;
17;19;1;2;187;
20;21;1;2;26;
17;20;1;2;15;
18;21;1;2;199;
15;13;1;2;189;
1;1;6;47
2;1;7;221
3;1;13;924
4;1;19;886
5;1;10;702
6;1;1;425
7;1;17;324
8;1;12;746
9;1;17;538
10;1;13;118
11;1;20;62
12;1;19;507
13;1;10;668
*** EOF ***