**** 0 ****
50
17;8;1;2;103;
7;10;1;2;305;
14;23;1;2;362;
5;13;1;2;431;
13;23;1;2;1;
5;27;1;2;86;
27;7;1;2;385;
29;20;1;2;129;
18;18;1;2;177;
5;6;1;2;376;
15;20;1;2;248;
21;10;1;2;383;
26;21;1;2;357;
12;16;1;2;339;
17;25;1;2;386;
6;21;1;2;253;
5;6;1;2;54;
18;14;1;2;342;
8;25;1;2;207;
14;29;1;2;309;
5;7;1;2;156;
8;24;1;2;415;
23;19;1;2;51;
21;16;1;2;87;
25;13;1;2;205;
13;25;1;2;195;
18;14;1;2;257;
20;8;1;2;308;
5;7;1;2;338;
8;8;1;2;186;
13;13;1;2;11;
10;24;1;2;236;
15;5;1;2;309;
18;20;1;2;164;
8;6;1;2;344;
29;6;1;2;8;
13;26;1;2;382;
20;12;1;2;440;
23;23;1;2;25;
10;16;1;2;194;
27;7;1;2;294;
25;23;1;2;172;
20;9;1;2;366;
5;25;1;2;29;
25;12;1;2;193;
7;5;1;2;91;
12;21;1;2;194;
9;14;1;2;307;
26;29;1;2;345;
8;23;1;2;402;
1;1;20;155
2;1;19;568
3;1;6;587
4;1;4;83
5;1;10;765
6;1;2;366
7;1;7;614
8;1;17;277
9;1;9;194
10;1;3;309
11;1;20;221
12;1;15;789
13;1;18;517
*** EOF ***