**** 0 ****
50
16;16;1;2;138;
16;18;1;2;141;
16;17;1;2;125;
18;17;1;2;35;
17;16;1;2;50;
17;17;1;2;191;
17;18;1;2;276;
16;17;1;2;156;
16;18;1;2;74;
18;18;1;2;37;
17;16;1;2;475;
18;17;1;2;502;
16;18;1;2;378;
18;18;1;2;80;
17;16;1;2;32;
16;16;1;2;288;
17;18;1;2;261;
16;18;1;2;222;
17;16;1;2;109;
18;18;1;2;77;
18;18;1;2;486;
16;18;1;2;33;
18;16;1;2;235;
18;17;1;2;244;
17;16;1;2;259;
18;16;1;2;378;
18;17;1;2;258;
17;16;1;2;75;
17;18;1;2;333;
16;18;1;2;252;
17;16;1;2;165;
16;17;1;2;394;
16;18;1;2;29;
18;16;1;2;160;
16;17;1;2;112;
16;18;1;2;394;
16;17;1;2;309;
18;16;1;2;154;
16;16;1;2;48;
18;18;1;2;260;
18;18;1;2;366;
18;17;1;2;123;
17;17;1;2;138;
18;16;1;2;133;
16;18;1;2;67;
16;17;1;2;462;
17;17;1;2;317;
16;16;1;2;22;
16;17;1;2;238;
18;16;1;2;185;
1;1;2;999
2;1;14;917
3;1;6;804
4;1;8;393
5;1;19;680
6;1;16;958
7;1;10;32
8;1;5;164
9;1;14;831
10;1;17;345
11;1;11;285
12;1;17;470
13;1;19;730
*** EOF ***