**** 15 ****
50
18;16;1;2;238;
18;19;1;2;212;
17;17;1;2;323;
17;16;1;2;92;
16;19;1;2;256;
16;18;1;2;289;
18;16;1;2;498;
19;19;1;2;202;
16;18;1;2;146;
19;18;1;2;283;
17;18;1;2;466;
17;16;1;2;213;
15;18;1;2;339;
19;15;1;2;213;
19;15;1;2;493;
15;19;1;2;65;
19;18;1;2;35;
18;18;1;2;281;
16;18;1;2;194;
19;19;1;2;315;
16;19;1;2;160;
16;18;1;2;209;
18;17;1;2;461;
16;19;1;2;450;
18;19;1;2;250;
16;18;1;2;270;
19;18;1;2;459;
16;19;1;2;234;
15;19;1;2;392;
16;19;1;2;457;
19;15;1;2;337;
15;16;1;2;440;
16;15;1;2;86;
18;16;1;2;54;
17;18;1;2;38;
18;16;1;2;116;
19;15;1;2;412;
19;18;1;2;272;
16;16;1;2;221;
18;18;1;2;250;
17;17;1;2;38;
15;15;1;2;10;
17;17;1;2;18;
16;18;1;2;217;
17;17;1;2;87;
17;15;1;2;238;
16;17;1;2;328;
18;18;1;2;419;
15;19;1;2;197;
15;18;1;2;136;
1;1;19;222
2;1;19;167
3;1;2;883
4;1;13;208
5;1;1;288
6;1;20;711
7;1;12;358
8;1;19;630
9;1;2;320
10;1;14;926
11;1;6;158
12;1;4;429
13;1;14;818
*** EOF ***