**** 3 ****
50
13;14;1;2;475;
9;16;1;2;444;
17;8;1;2;267;
17;17;1;2;318;
24;13;1;2;9;
7;23;1;2;135;
19;18;1;2;320;
26;16;1;2;47;
7;24;1;2;47;
8;22;1;2;370;
24;28;1;2;216;
18;15;1;2;29;
27;8;1;2;137;
21;22;1;2;213;
26;15;1;2;461;
6;23;1;2;487;
20;23;1;2;403;
7;10;1;2;290;
8;15;1;2;404;
6;8;1;2;301;
13;14;1;2;408;
24;17;1;2;98;
6;15;1;2;254;
7;25;1;2;347;
22;18;1;2;322;
17;13;1;2;284;
27;14;1;2;482;
14;13;1;2;249;
8;20;1;2;381;
28;26;1;2;265;
6;14;1;2;94;
26;26;1;2;175;
28;28;1;2;467;
19;8;1;2;402;
19;17;1;2;150;
11;16;1;2;478;
23;17;1;2;385;
15;14;1;2;272;
18;7;1;2;163;
26;26;1;2;385;
15;24;1;2;281;
28;8;1;2;489;
10;17;1;2;18;
12;21;1;2;80;
10;17;1;2;394;
15;10;1;2;13;
24;27;1;2;432;
26;23;1;2;152;
16;24;1;2;473;
8;18;1;2;29;
1;1;8;235
2;1;3;33
3;1;3;260
4;1;12;135
5;1;17;151
6;1;14;821
7;1;12;296
8;1;18;415
9;1;5;170
10;1;17;897
11;1;19;363
12;1;11;859
13;1;17;89
*** EOF ***