**** 10 ****
50
13;11;1;2;177;
22;12;1;2;298;
14;23;1;2;370;
16;17;1;2;16;
22;13;1;2;129;
21;17;1;2;47;
12;17;1;2;315;
17;15;1;2;117;
23;13;1;2;452;
16;14;1;2;414;
12;20;1;2;80;
14;17;1;2;315;
15;15;1;2;206;
13;23;1;2;114;
16;22;1;2;64;
23;18;1;2;280;
14;21;1;2;95;
22;23;1;2;182;
14;23;1;2;242;
13;14;1;2;406;
22;15;1;2;308;
17;23;1;2;221;
21;13;1;2;198;
14;22;1;2;120;
23;22;1;2;465;
18;23;1;2;8;
13;12;1;2;382;
14;18;1;2;289;
21;23;1;2;72;
11;18;1;2;386;
17;15;1;2;296;
16;14;1;2;427;
22;13;1;2;269;
14;11;1;2;41;
16;23;1;2;357;
21;11;1;2;44;
15;23;1;2;3;
18;12;1;2;411;
11;11;1;2;254;
23;18;1;2;23;
19;16;1;2;441;
23;15;1;2;163;
17;11;1;2;299;
11;20;1;2;340;
21;15;1;2;172;
13;20;1;2;188;
14;19;1;2;66;
22;23;1;2;58;
13;12;1;2;195;
23;15;1;2;502;
1;1;20;67
2;1;20;482
3;1;18;206
4;1;11;89
5;1;5;603
6;1;18;681
7;1;5;940
8;1;15;950
9;1;1;466
10;1;12;409
11;1;11;356
12;1;6;460
13;1;11;660
*** EOF ***