**** 0 ****
50
17;17;1;2;415;
18;17;1;2;53;
19;14;1;2;417;
15;15;1;2;316;
17;15;1;2;65;
14;14;1;2;113;
20;15;1;2;276;
19;16;1;2;15;
17;15;1;2;80;
18;20;1;2;337;
19;20;1;2;156;
14;16;1;2;293;
17;17;1;2;390;
19;15;1;2;498;
14;19;1;2;410;
18;17;1;2;92;
20;16;1;2;453;
19;20;1;2;31;
20;15;1;2;52;
16;17;1;2;456;
18;15;1;2;155;
17;18;1;2;112;
15;20;1;2;73;
20;15;1;2;431;
14;14;1;2;432;
20;15;1;2;279;
14;20;1;2;29;
19;18;1;2;189;
16;14;1;2;392;
18;19;1;2;144;
20;19;1;2;239;
18;14;1;2;361;
16;16;1;2;89;
17;15;1;2;49;
16;15;1;2;345;
16;18;1;2;436;
20;17;1;2;358;
15;14;1;2;209;
14;15;1;2;54;
15;15;1;2;307;
18;20;1;2;21;
20;18;1;2;125;
20;20;1;2;405;
15;15;1;2;58;
17;14;1;2;186;
17;17;1;2;196;
17;18;1;2;4;
17;17;1;2;408;
17;17;1;2;357;
16;14;1;2;321;
1;1;16;819
2;1;17;308
3;1;8;527
4;1;20;997
5;1;18;264
6;1;5;291
7;1;4;637
8;1;5;53
9;1;17;64
10;1;7;869
11;1;11;856
12;1;13;241
13;1;5;58
*** EOF ***