**** 12 ****
50
25;9;1;2;491;
24;26;1;2;247;
15;25;1;2;469;
22;13;1;2;464;
10;14;1;2;21;
8;8;1;2;8;
8;11;1;2;442;
11;12;1;2;35;
22;13;1;2;471;
14;23;1;2;146;
16;15;1;2;415;
23;9;1;2;311;
21;17;1;2;469;
22;17;1;2;275;
25;16;1;2;387;
21;12;1;2;122;
12;13;1;2;487;
15;20;1;2;326;
15;15;1;2;253;
18;22;1;2;129;
21;20;1;2;15;
19;15;1;2;92;
21;12;1;2;99;
18;18;1;2;407;
18;8;1;2;290;
25;25;1;2;496;
24;11;1;2;83;
20;18;1;2;485;
9;23;1;2;439;
10;8;1;2;93;
11;8;1;2;143;
19;21;1;2;475;
12;26;1;2;508;
16;25;1;2;398;
18;21;1;2;189;
11;22;1;2;261;
13;24;1;2;136;
14;8;1;2;59;
23;15;1;2;60;
22;21;1;2;175;
15;20;1;2;160;
19;8;1;2;425;
25;11;1;2;406;
22;14;1;2;385;
25;20;1;2;210;
20;24;1;2;210;
11;16;1;2;169;
24;24;1;2;376;
25;22;1;2;461;
25;26;1;2;397;
1;1;19;287
2;1;4;140
3;1;12;30
4;1;9;510
5;1;18;990
6;1;4;938
7;1;15;527
8;1;6;182
9;1;5;378
10;1;12;199
11;1;10;864
12;1;14;643
13;1;19;586
*** EOF ***