**** 14 ****
50
19;24;1;2;510;
10;16;1;2;324;
25;22;1;2;524;
18;14;1;2;112;
9;21;1;2;440;
14;17;1;2;457;
20;17;1;2;28;
23;9;1;2;125;
16;19;1;2;332;
10;11;1;2;229;
22;11;1;2;71;
13;9;1;2;348;
21;22;1;2;141;
19;13;1;2;54;
20;12;1;2;345;
13;24;1;2;117;
18;19;1;2;289;
17;11;1;2;383;
20;9;1;2;58;
24;11;1;2;268;
11;15;1;2;125;
10;18;1;2;198;
23;9;1;2;265;
15;23;1;2;42;
25;25;1;2;309;
20;11;1;2;439;
18;10;1;2;326;
23;18;1;2;346;
25;22;1;2;293;
12;13;1;2;258;
20;25;1;2;154;
14;9;1;2;500;
18;13;1;2;143;
17;25;1;2;506;
23;21;1;2;241;
18;9;1;2;384;
22;17;1;2;60;
15;20;1;2;59;
22;17;1;2;379;
25;13;1;2;360;
22;19;1;2;369;
13;18;1;2;291;
15;12;1;2;218;
12;23;1;2;65;
17;21;1;2;27;
23;22;1;2;352;
22;10;1;2;451;
17;21;1;2;461;
14;12;1;2;61;
18;11;1;2;475;
1;1;13;188
2;1;11;394
3;1;7;495
4;1;15;477
5;1;15;510
6;1;19;146
7;1;13;963
8;1;10;414
9;1;14;912
10;1;10;788
11;1;4;782
12;1;9;769
13;1;16;232
*** EOF ***