**** 9 ****
50
19;25;1;2;397;
11;20;1;2;253;
12;15;1;2;376;
19;13;1;2;299;
18;22;1;2;138;
19;22;1;2;155;
9;20;1;2;409;
23;22;1;2;112;
12;24;1;2;115;
21;18;1;2;455;
17;14;1;2;223;
11;16;1;2;428;
22;23;1;2;173;
16;18;1;2;184;
11;18;1;2;207;
17;15;1;2;37;
9;16;1;2;293;
21;12;1;2;15;
11;25;1;2;401;
19;25;1;2;69;
13;10;1;2;172;
15;20;1;2;271;
24;21;1;2;261;
21;9;1;2;249;
14;19;1;2;276;
14;20;1;2;256;
9;25;1;2;32;
18;12;1;2;87;
21;12;1;2;323;
10;21;1;2;316;
10;13;1;2;404;
12;19;1;2;380;
20;11;1;2;463;
12;12;1;2;356;
14;18;1;2;334;
21;24;1;2;23;
20;11;1;2;367;
18;15;1;2;119;
21;20;1;2;141;
20;13;1;2;163;
17;10;1;2;37;
13;21;1;2;195;
23;18;1;2;13;
10;19;1;2;345;
19;24;1;2;269;
11;10;1;2;204;
13;18;1;2;275;
13;25;1;2;290;
21;23;1;2;133;
20;24;1;2;390;
1;1;3;77
2;1;20;736
3;1;8;416
4;1;20;120
5;1;1;259
6;1;2;770
7;1;17;427
8;1;17;631
9;1;5;824
10;1;1;388
11;1;6;923
12;1;20;682
13;1;7;593
*** EOF ***