**** 16 ****
50
24;15;1;2;155;
20;16;1;2;169;
24;12;1;2;149;
12;19;1;2;229;
14;17;1;2;300;
11;18;1;2;218;
18;22;1;2;193;
11;19;1;2;325;
20;11;1;2;136;
20;17;1;2;168;
18;17;1;2;149;
23;13;1;2;459;
10;16;1;2;329;
23;15;1;2;267;
19;12;1;2;153;
14;21;1;2;132;
14;23;1;2;438;
12;14;1;2;39;
24;10;1;2;389;
15;13;1;2;331;
22;20;1;2;22;
20;13;1;2;244;
20;20;1;2;49;
14;23;1;2;278;
15;12;1;2;100;
21;24;1;2;79;
19;24;1;2;406;
19;10;1;2;416;
15;13;1;2;129;
18;19;1;2;370;
21;23;1;2;454;
11;17;1;2;399;
15;23;1;2;257;
16;15;1;2;18;
15;16;1;2;448;
19;24;1;2;68;
23;20;1;2;481;
23;18;1;2;65;
17;24;1;2;221;
18;21;1;2;237;
22;20;1;2;249;
16;16;1;2;135;
17;22;1;2;224;
18;20;1;2;251;
12;14;1;2;305;
16;15;1;2;439;
10;19;1;2;325;
16;20;1;2;480;
21;21;1;2;262;
22;12;1;2;496;
1;1;11;298
2;1;1;500
3;1;10;569
4;1;17;721
5;1;10;764
6;1;14;415
7;1;1;413
8;1;19;194
9;1;10;75
10;1;8;328
11;1;3;6
12;1;17;877
13;1;12;453
*** EOF ***