**** 3 ****
50
31;23;1;2;366;
6;20;1;2;354;
13;20;1;2;59;
13;15;1;2;383;
27;32;1;2;395;
7;14;1;2;68;
25;3;1;2;231;
29;29;1;2;108;
26;31;1;2;184;
19;31;1;2;104;
30;5;1;2;319;
12;21;1;2;376;
12;9;1;2;76;
32;9;1;2;310;
20;14;1;2;329;
26;20;1;2;445;
32;19;1;2;321;
30;23;1;2;274;
30;28;1;2;258;
23;30;1;2;253;
22;14;1;2;284;
7;3;1;2;116;
11;27;1;2;4;
25;24;1;2;38;
11;32;1;2;240;
30;16;1;2;238;
23;8;1;2;392;
19;29;1;2;282;
10;6;1;2;311;
11;25;1;2;304;
6;2;1;2;416;
5;23;1;2;258;
5;7;1;2;188;
26;26;1;2;459;
6;2;1;2;399;
6;24;1;2;326;
28;12;1;2;506;
25;30;1;2;506;
22;30;1;2;167;
20;14;1;2;505;
9;27;1;2;135;
2;29;1;2;33;
23;25;1;2;363;
15;2;1;2;297;
10;14;1;2;178;
23;8;1;2;438;
17;25;1;2;287;
31;17;1;2;433;
3;27;1;2;169;
8;6;1;2;245;
1;1;4;74
2;1;5;802
3;1;7;335
4;1;2;566
5;1;12;519
6;1;17;637
7;1;6;533
8;1;8;283
9;1;11;377
10;1;14;309
11;1;8;622
12;1;19;675
13;1;3;916
*** EOF ***