**** 4 ****
50
18;18;1;2;131;
17;16;1;2;223;
18;17;1;2;156;
16;20;1;2;461;
14;15;1;2;20;
14;19;1;2;85;
19;20;1;2;227;
20;14;1;2;107;
19;20;1;2;396;
20;15;1;2;100;
19;17;1;2;440;
20;19;1;2;475;
19;20;1;2;5;
20;15;1;2;57;
15;15;1;2;336;
20;19;1;2;205;
15;19;1;2;215;
16;17;1;2;334;
15;17;1;2;76;
16;15;1;2;418;
16;16;1;2;379;
15;17;1;2;205;
16;20;1;2;447;
18;16;1;2;235;
15;16;1;2;140;
15;16;1;2;137;
17;19;1;2;188;
20;16;1;2;175;
15;18;1;2;5;
19;16;1;2;184;
18;20;1;2;88;
15;15;1;2;400;
18;16;1;2;230;
17;16;1;2;402;
17;20;1;2;336;
17;14;1;2;46;
18;17;1;2;155;
16;14;1;2;321;
19;19;1;2;307;
20;20;1;2;336;
15;15;1;2;77;
14;19;1;2;121;
14;18;1;2;202;
20;18;1;2;487;
16;16;1;2;452;
19;17;1;2;317;
19;17;1;2;356;
14;15;1;2;16;
14;14;1;2;36;
18;15;1;2;341;
1;1;4;538
2;1;19;841
3;1;15;894
4;1;4;264
5;1;3;268
6;1;2;461
7;1;10;386
8;1;16;638
9;1;7;297
10;1;19;93
11;1;16;431
12;1;3;368
13;1;3;173
*** EOF ***