**** 19 ****
50
17;11;1;2;78;
17;22;1;2;429;
12;11;1;2;242;
16;24;1;2;263;
11;22;1;2;137;
9;14;1;2;206;
14;19;1;2;137;
24;9;1;2;464;
10;15;1;2;217;
11;23;1;2;101;
11;20;1;2;45;
9;20;1;2;299;
18;16;1;2;210;
10;19;1;2;353;
12;19;1;2;365;
25;25;1;2;119;
23;19;1;2;235;
19;10;1;2;62;
22;9;1;2;464;
15;14;1;2;227;
20;16;1;2;165;
11;17;1;2;9;
24;13;1;2;251;
21;11;1;2;369;
13;23;1;2;358;
9;18;1;2;127;
16;16;1;2;305;
18;10;1;2;340;
9;17;1;2;377;
15;12;1;2;75;
21;9;1;2;458;
15;25;1;2;422;
10;24;1;2;299;
18;11;1;2;72;
12;24;1;2;93;
20;11;1;2;52;
13;13;1;2;148;
14;24;1;2;46;
12;17;1;2;361;
15;23;1;2;410;
22;17;1;2;99;
18;16;1;2;210;
14;23;1;2;350;
25;20;1;2;135;
23;24;1;2;35;
14;12;1;2;244;
25;13;1;2;165;
16;24;1;2;193;
20;13;1;2;76;
11;22;1;2;349;
1;1;14;436
2;1;14;861
3;1;2;669
4;1;8;377
5;1;11;704
6;1;10;250
7;1;9;75
8;1;17;767
9;1;19;931
10;1;19;31
11;1;8;357
12;1;10;674
13;1;11;570
*** EOF ***