**** 11 ****
50
20;13;1;2;14;
21;17;1;2;355;
17;18;1;2;173;
19;19;1;2;125;
15;14;1;2;190;
13;21;1;2;254;
21;16;1;2;449;
17;17;1;2;234;
16;14;1;2;175;
19;18;1;2;398;
17;16;1;2;382;
15;17;1;2;419;
13;19;1;2;304;
21;17;1;2;100;
18;17;1;2;175;
14;20;1;2;167;
18;16;1;2;126;
21;16;1;2;337;
18;20;1;2;344;
20;15;1;2;302;
15;19;1;2;148;
19;17;1;2;482;
20;16;1;2;18;
15;13;1;2;319;
20;21;1;2;466;
16;14;1;2;205;
15;19;1;2;298;
15;14;1;2;297;
15;17;1;2;202;
21;19;1;2;426;
21;15;1;2;109;
15;14;1;2;365;
14;21;1;2;408;
21;16;1;2;50;
20;20;1;2;406;
13;16;1;2;91;
20;17;1;2;470;
13;13;1;2;33;
16;21;1;2;13;
19;19;1;2;62;
17;16;1;2;341;
18;13;1;2;492;
15;13;1;2;434;
20;19;1;2;468;
20;17;1;2;334;
19;21;1;2;312;
20;13;1;2;60;
14;15;1;2;304;
19;20;1;2;364;
13;16;1;2;194;
1;1;1;960
2;1;19;529
3;1;14;434
4;1;13;918
5;1;14;261
6;1;19;391
7;1;10;351
8;1;3;949
9;1;11;972
10;1;2;715
11;1;10;22
12;1;4;733
13;1;2;825
*** EOF ***