**** 5 ****
50
15;19;1;2;66;
19;15;1;2;119;
15;16;1;2;484;
19;18;1;2;39;
19;18;1;2;308;
16;17;1;2;488;
15;18;1;2;245;
18;17;1;2;131;
16;16;1;2;406;
18;18;1;2;97;
17;15;1;2;392;
16;15;1;2;99;
18;17;1;2;314;
16;17;1;2;180;
19;15;1;2;436;
16;18;1;2;109;
16;18;1;2;288;
16;15;1;2;255;
19;18;1;2;186;
19;17;1;2;342;
18;17;1;2;100;
15;18;1;2;355;
17;19;1;2;315;
19;15;1;2;35;
17;16;1;2;188;
17;16;1;2;54;
17;16;1;2;31;
16;15;1;2;116;
17;16;1;2;410;
17;16;1;2;281;
16;18;1;2;66;
17;15;1;2;27;
17;18;1;2;103;
16;15;1;2;208;
19;15;1;2;396;
16;17;1;2;320;
16;16;1;2;239;
19;16;1;2;89;
15;17;1;2;300;
17;18;1;2;24;
18;16;1;2;144;
16;15;1;2;489;
17;16;1;2;425;
18;19;1;2;403;
16;19;1;2;6;
16;15;1;2;91;
18;17;1;2;214;
18;17;1;2;377;
16;18;1;2;415;
16;17;1;2;333;
1;1;1;397
2;1;13;457
3;1;20;372
4;1;16;293
5;1;1;206
6;1;20;334
7;1;5;746
8;1;16;650
9;1;19;934
10;1;2;104
11;1;12;612
12;1;1;3
13;1;14;871
*** EOF ***