**** 14 ****
50
20;15;1;2;351;
17;18;1;2;97;
16;18;1;2;100;
17;19;1;2;491;
19;15;1;2;385;
14;18;1;2;309;
16;20;1;2;86;
17;14;1;2;139;
20;15;1;2;131;
16;14;1;2;88;
17;18;1;2;415;
20;14;1;2;384;
17;19;1;2;245;
18;15;1;2;458;
15;15;1;2;428;
15;17;1;2;417;
14;18;1;2;473;
18;17;1;2;249;
16;18;1;2;493;
14;14;1;2;97;
20;18;1;2;470;
19;16;1;2;191;
19;16;1;2;44;
20;15;1;2;186;
18;18;1;2;343;
19;15;1;2;269;
18;20;1;2;131;
18;17;1;2;116;
17;14;1;2;231;
19;14;1;2;212;
18;18;1;2;269;
18;19;1;2;195;
19;18;1;2;455;
19;20;1;2;50;
15;19;1;2;189;
20;20;1;2;432;
19;15;1;2;176;
17;14;1;2;379;
14;19;1;2;348;
15;17;1;2;443;
20;17;1;2;364;
14;17;1;2;302;
14;20;1;2;379;
15;15;1;2;461;
16;19;1;2;358;
18;14;1;2;17;
14;17;1;2;10;
20;18;1;2;309;
18;17;1;2;352;
16;18;1;2;55;
1;1;20;487
2;1;6;292
3;1;9;20
4;1;16;302
5;1;7;565
6;1;14;889
7;1;8;590
8;1;1;329
9;1;3;553
10;1;2;915
11;1;12;743
12;1;15;64
13;1;13;466
*** EOF ***