**** 14 ****
50
16;14;1;2;55;
25;18;1;2;239;
13;21;1;2;150;
21;11;1;2;237;
22;20;1;2;454;
11;27;1;2;121;
13;20;1;2;427;
11;8;1;2;49;
9;21;1;2;425;
27;22;1;2;409;
8;8;1;2;257;
23;16;1;2;284;
27;11;1;2;151;
22;25;1;2;401;
18;15;1;2;322;
27;25;1;2;482;
23;16;1;2;195;
18;14;1;2;292;
21;7;1;2;149;
25;21;1;2;84;
6;27;1;2;253;
7;28;1;2;300;
28;27;1;2;31;
24;21;1;2;255;
23;22;1;2;106;
22;20;1;2;473;
10;10;1;2;188;
17;24;1;2;141;
11;19;1;2;256;
24;14;1;2;384;
18;7;1;2;65;
10;7;1;2;394;
11;24;1;2;518;
20;7;1;2;217;
27;25;1;2;359;
18;18;1;2;371;
10;19;1;2;240;
23;25;1;2;213;
21;21;1;2;213;
23;18;1;2;379;
9;27;1;2;278;
25;23;1;2;119;
27;28;1;2;461;
18;25;1;2;509;
14;9;1;2;141;
17;8;1;2;426;
26;18;1;2;109;
23;9;1;2;386;
27;23;1;2;43;
8;14;1;2;86;
1;1;13;919
2;1;9;409
3;1;16;356
4;1;1;103
5;1;17;971
6;1;13;70
7;1;5;373
8;1;6;825
9;1;6;681
10;1;8;735
11;1;17;487
12;1;3;948
13;1;10;564
*** EOF ***