**** 12 ****
50
14;18;1;2;476;
20;20;1;2;59;
15;17;1;2;382;
19;16;1;2;106;
15;20;1;2;294;
15;19;1;2;245;
20;15;1;2;322;
16;14;1;2;256;
14;20;1;2;222;
18;20;1;2;294;
18;14;1;2;280;
15;17;1;2;56;
14;15;1;2;127;
20;18;1;2;139;
20;14;1;2;477;
15;20;1;2;172;
15;19;1;2;414;
18;18;1;2;370;
20;18;1;2;321;
18;15;1;2;4;
15;20;1;2;493;
14;14;1;2;322;
19;20;1;2;5;
14;17;1;2;315;
14;19;1;2;74;
20;20;1;2;252;
14;17;1;2;473;
20;16;1;2;308;
14;19;1;2;432;
18;16;1;2;55;
18;20;1;2;100;
20;18;1;2;372;
19;17;1;2;219;
14;16;1;2;54;
15;16;1;2;222;
16;20;1;2;136;
14;15;1;2;15;
16;20;1;2;86;
14;20;1;2;260;
15;17;1;2;468;
16;19;1;2;4;
20;20;1;2;234;
17;19;1;2;314;
17;20;1;2;174;
14;17;1;2;51;
20;16;1;2;37;
16;20;1;2;108;
19;20;1;2;145;
19;15;1;2;228;
19;20;1;2;411;
1;1;13;470
2;1;5;49
3;1;19;319
4;1;14;65
5;1;13;738
6;1;1;842
7;1;18;601
8;1;11;436
9;1;14;529
10;1;15;930
11;1;1;166
12;1;20;221
13;1;9;246
*** EOF ***