**** 9 ****
50
27;15;1;2;21;
23;16;1;2;387;
24;16;1;2;465;
25;22;1;2;8;
18;6;1;2;264;
18;15;1;2;95;
22;6;1;2;373;
27;15;1;2;341;
27;9;1;2;230;
15;17;1;2;323;
13;14;1;2;55;
20;23;1;2;355;
17;11;1;2;174;
11;9;1;2;177;
16;8;1;2;370;
25;15;1;2;404;
16;26;1;2;91;
19;20;1;2;344;
10;28;1;2;352;
26;12;1;2;206;
12;19;1;2;60;
15;5;1;2;58;
10;27;1;2;74;
12;19;1;2;113;
11;19;1;2;123;
5;6;1;2;449;
14;10;1;2;50;
8;8;1;2;492;
6;18;1;2;11;
14;17;1;2;408;
20;8;1;2;336;
10;28;1;2;354;
26;23;1;2;102;
26;29;1;2;464;
5;18;1;2;178;
26;7;1;2;67;
11;15;1;2;137;
8;29;1;2;476;
10;25;1;2;389;
16;15;1;2;413;
29;12;1;2;192;
14;14;1;2;205;
16;17;1;2;399;
22;19;1;2;407;
14;29;1;2;30;
19;21;1;2;202;
14;14;1;2;387;
24;17;1;2;196;
13;16;1;2;264;
16;20;1;2;140;
1;1;18;293
2;1;13;777
3;1;12;371
4;1;13;914
5;1;15;118
6;1;9;216
7;1;15;251
8;1;12;934
9;1;16;152
10;1;19;69
11;1;19;829
12;1;11;105
13;1;4;694
*** EOF ***