**** 2 ****
50
18;18;1;2;116;
17;17;1;2;113;
17;16;1;2;372;
16;17;1;2;436;
17;18;1;2;118;
18;16;1;2;198;
16;18;1;2;99;
18;16;1;2;290;
16;18;1;2;74;
18;16;1;2;52;
16;18;1;2;295;
17;18;1;2;437;
16;17;1;2;238;
17;16;1;2;373;
17;16;1;2;54;
16;18;1;2;251;
16;18;1;2;464;
17;18;1;2;268;
17;17;1;2;474;
17;18;1;2;209;
18;17;1;2;336;
18;18;1;2;238;
16;17;1;2;215;
16;17;1;2;365;
16;18;1;2;318;
16;16;1;2;377;
18;18;1;2;218;
17;17;1;2;249;
18;18;1;2;217;
16;18;1;2;304;
17;18;1;2;227;
17;18;1;2;33;
18;17;1;2;346;
16;18;1;2;104;
17;17;1;2;12;
17;16;1;2;163;
16;16;1;2;31;
16;16;1;2;195;
17;17;1;2;35;
18;17;1;2;165;
16;18;1;2;139;
16;18;1;2;341;
16;18;1;2;45;
18;18;1;2;6;
18;18;1;2;44;
17;17;1;2;473;
16;18;1;2;108;
18;18;1;2;287;
18;17;1;2;193;
16;17;1;2;363;
1;1;19;55
2;1;5;514
3;1;11;612
4;1;14;879
5;1;9;259
6;1;1;364
7;1;1;805
8;1;2;275
9;1;16;641
10;1;4;494
11;1;10;842
12;1;2;388
13;1;13;911
*** EOF ***