**** 12 ****
50
6;13;1;2;158;
9;16;1;2;32;
16;23;1;2;410;
28;7;1;2;194;
12;8;1;2;133;
12;28;1;2;192;
24;18;1;2;440;
21;15;1;2;53;
8;27;1;2;98;
13;26;1;2;257;
14;15;1;2;446;
17;14;1;2;41;
21;15;1;2;455;
29;5;1;2;353;
23;24;1;2;193;
16;20;1;2;207;
13;16;1;2;136;
18;29;1;2;383;
12;16;1;2;146;
21;15;1;2;153;
23;18;1;2;277;
6;29;1;2;364;
29;14;1;2;461;
10;16;1;2;20;
15;19;1;2;28;
19;5;1;2;390;
15;6;1;2;42;
24;14;1;2;255;
23;9;1;2;184;
14;24;1;2;96;
26;5;1;2;162;
23;13;1;2;217;
6;21;1;2;461;
16;21;1;2;336;
17;16;1;2;108;
11;23;1;2;247;
16;17;1;2;204;
12;9;1;2;32;
13;26;1;2;182;
19;7;1;2;1;
8;11;1;2;71;
7;15;1;2;467;
7;22;1;2;28;
19;15;1;2;324;
6;29;1;2;143;
24;7;1;2;411;
26;16;1;2;13;
14;23;1;2;150;
24;12;1;2;311;
13;15;1;2;468;
1;1;16;679
2;1;20;597
3;1;9;42
4;1;9;702
5;1;15;484
6;1;19;570
7;1;10;745
8;1;7;153
9;1;1;283
10;1;7;98
11;1;14;624
12;1;4;34
13;1;20;349
*** EOF ***