**** 17 ****
50
22;12;1;2;500;
20;13;1;2;26;
25;7;1;2;10;
24;9;1;2;22;
20;22;1;2;396;
14;20;1;2;405;
14;10;1;2;17;
15;13;1;2;126;
21;26;1;2;398;
19;17;1;2;150;
23;17;1;2;30;
25;19;1;2;255;
20;13;1;2;193;
11;15;1;2;184;
10;22;1;2;231;
11;22;1;2;27;
15;18;1;2;498;
16;17;1;2;521;
24;17;1;2;269;
22;27;1;2;39;
25;25;1;2;259;
10;14;1;2;446;
21;10;1;2;448;
22;20;1;2;152;
18;20;1;2;49;
16;14;1;2;279;
22;17;1;2;517;
9;8;1;2;433;
10;25;1;2;13;
16;21;1;2;481;
25;20;1;2;494;
9;23;1;2;81;
26;21;1;2;406;
22;7;1;2;526;
8;22;1;2;410;
18;9;1;2;40;
24;10;1;2;355;
23;16;1;2;316;
17;25;1;2;508;
27;7;1;2;486;
23;22;1;2;44;
21;19;1;2;379;
17;22;1;2;346;
22;7;1;2;433;
15;8;1;2;420;
19;13;1;2;528;
15;15;1;2;498;
13;22;1;2;400;
24;9;1;2;407;
9;22;1;2;180;
1;1;10;634
2;1;3;772
3;1;6;456
4;1;14;575
5;1;13;941
6;1;17;1042
7;1;20;234
8;1;15;696
9;1;19;305
10;1;2;660
11;1;7;835
12;1;15;286
13;1;1;128
*** EOF ***