**** 12 ****
50
9;6;1;2;390;
7;9;1;2;4;
8;21;1;2;400;
16;13;1;2;419;
6;20;1;2;31;
18;16;1;2;230;
8;15;1;2;435;
11;27;1;2;310;
16;20;1;2;142;
14;14;1;2;119;
15;21;1;2;28;
17;10;1;2;331;
9;20;1;2;484;
26;17;1;2;356;
10;19;1;2;56;
27;8;1;2;133;
21;23;1;2;355;
23;10;1;2;98;
12;12;1;2;467;
24;9;1;2;281;
23;16;1;2;389;
20;14;1;2;171;
22;9;1;2;375;
13;9;1;2;316;
16;19;1;2;90;
20;16;1;2;419;
12;12;1;2;244;
23;28;1;2;484;
26;26;1;2;478;
26;26;1;2;99;
27;21;1;2;139;
23;22;1;2;371;
10;15;1;2;156;
22;14;1;2;209;
19;18;1;2;324;
13;22;1;2;77;
23;15;1;2;425;
28;28;1;2;71;
27;24;1;2;364;
22;23;1;2;442;
12;7;1;2;408;
9;6;1;2;412;
17;26;1;2;400;
13;24;1;2;302;
25;28;1;2;326;
10;22;1;2;12;
7;24;1;2;354;
19;13;1;2;38;
13;28;1;2;22;
14;6;1;2;399;
1;1;11;490
2;1;20;110
3;1;9;535
4;1;1;840
5;1;16;618
6;1;12;556
7;1;10;139
8;1;12;844
9;1;19;213
10;1;7;72
11;1;9;945
12;1;2;580
13;1;8;706
*** EOF ***