**** 1 ****
50
18;17;1;2;85;
15;18;1;2;229;
18;17;1;2;396;
14;19;1;2;154;
14;17;1;2;190;
19;17;1;2;183;
18;15;1;2;209;
18;14;1;2;208;
15;15;1;2;339;
20;15;1;2;107;
17;20;1;2;152;
15;19;1;2;5;
15;19;1;2;310;
16;17;1;2;364;
15;17;1;2;420;
15;18;1;2;389;
20;17;1;2;141;
14;14;1;2;474;
20;17;1;2;423;
14;15;1;2;418;
15;16;1;2;108;
14;19;1;2;435;
18;14;1;2;284;
17;14;1;2;220;
20;20;1;2;198;
17;19;1;2;300;
16;17;1;2;406;
15;18;1;2;348;
20;14;1;2;70;
17;16;1;2;452;
18;19;1;2;244;
14;19;1;2;256;
18;18;1;2;33;
18;17;1;2;104;
14;14;1;2;212;
15;19;1;2;56;
18;20;1;2;253;
18;18;1;2;131;
18;15;1;2;462;
17;19;1;2;236;
16;18;1;2;298;
14;15;1;2;314;
14;18;1;2;359;
16;19;1;2;411;
17;19;1;2;282;
15;18;1;2;11;
18;18;1;2;444;
20;20;1;2;158;
18;18;1;2;321;
16;19;1;2;281;
1;1;9;395
2;1;11;489
3;1;10;733
4;1;17;21
5;1;7;751
6;1;5;421
7;1;5;363
8;1;6;249
9;1;2;216
10;1;9;352
11;1;20;920
12;1;15;140
13;1;18;941
*** EOF ***