**** 19 ****
50
18;15;1;2;70;
22;24;1;2;66;
14;12;1;2;94;
7;10;1;2;519;
25;20;1;2;174;
21;8;1;2;251;
24;12;1;2;115;
14;26;1;2;400;
14;12;1;2;94;
21;11;1;2;314;
26;19;1;2;264;
27;24;1;2;226;
24;18;1;2;259;
7;24;1;2;190;
12;10;1;2;71;
24;25;1;2;145;
27;21;1;2;264;
10;20;1;2;145;
18;24;1;2;136;
26;12;1;2;331;
22;14;1;2;507;
20;15;1;2;377;
22;14;1;2;303;
13;25;1;2;211;
15;11;1;2;269;
14;14;1;2;402;
18;22;1;2;2;
13;26;1;2;333;
8;13;1;2;343;
21;25;1;2;37;
14;20;1;2;481;
24;18;1;2;321;
14;23;1;2;43;
19;22;1;2;473;
21;20;1;2;240;
27;8;1;2;69;
20;20;1;2;35;
11;23;1;2;26;
17;20;1;2;83;
23;16;1;2;6;
22;23;1;2;145;
18;10;1;2;516;
25;27;1;2;493;
8;8;1;2;215;
7;10;1;2;451;
20;22;1;2;282;
20;26;1;2;214;
8;18;1;2;164;
10;15;1;2;279;
23;23;1;2;392;
1;1;17;400
2;1;6;357
3;1;9;170
4;1;18;749
5;1;1;1040
6;1;4;725
7;1;15;925
8;1;20;87
9;1;10;303
10;1;16;659
11;1;2;497
12;1;11;233
13;1;18;135
*** EOF ***