**** 17 ****
50
16;26;1;2;402;
18;10;1;2;183;
13;17;1;2;176;
28;29;1;2;299;
9;7;1;2;429;
14;11;1;2;443;
27;14;1;2;232;
16;4;1;2;411;
12;16;1;2;302;
30;9;1;2;436;
24;15;1;2;114;
24;5;1;2;298;
19;18;1;2;6;
28;8;1;2;355;
18;17;1;2;130;
17;27;1;2;193;
7;6;1;2;343;
5;22;1;2;31;
27;8;1;2;299;
8;25;1;2;196;
9;18;1;2;333;
3;10;1;2;243;
19;5;1;2;276;
7;24;1;2;297;
7;20;1;2;391;
9;27;1;2;157;
5;20;1;2;339;
7;11;1;2;95;
21;11;1;2;45;
28;13;1;2;184;
28;28;1;2;438;
30;8;1;2;136;
14;16;1;2;66;
24;10;1;2;36;
26;5;1;2;328;
10;17;1;2;398;
10;30;1;2;214;
26;29;1;2;185;
10;25;1;2;260;
16;14;1;2;44;
15;22;1;2;46;
14;12;1;2;396;
13;23;1;2;78;
9;6;1;2;211;
14;5;1;2;80;
9;13;1;2;236;
17;31;1;2;59;
14;24;1;2;436;
20;8;1;2;294;
31;21;1;2;363;
1;1;10;608
2;1;3;591
3;1;9;321
4;1;14;733
5;1;13;641
6;1;4;894
7;1;4;485
8;1;5;72
9;1;15;491
10;1;7;297
11;1;5;137
12;1;3;465
13;1;12;42
*** EOF ***