**** 12 ****
50
29;27;1;2;115;
25;17;1;2;182;
22;22;1;2;217;
15;14;1;2;450;
15;17;1;2;371;
30;22;1;2;337;
29;12;1;2;114;
24;24;1;2;448;
26;26;1;2;329;
23;8;1;2;308;
11;22;1;2;222;
29;8;1;2;22;
18;14;1;2;479;
30;12;1;2;414;
22;13;1;2;94;
28;5;1;2;2;
8;10;1;2;57;
13;24;1;2;500;
24;29;1;2;36;
16;25;1;2;77;
21;26;1;2;219;
25;22;1;2;242;
29;17;1;2;528;
5;26;1;2;378;
13;12;1;2;407;
12;29;1;2;93;
30;7;1;2;511;
28;9;1;2;508;
8;24;1;2;431;
8;27;1;2;328;
25;22;1;2;63;
19;17;1;2;309;
12;14;1;2;31;
11;14;1;2;353;
5;20;1;2;397;
8;16;1;2;493;
14;24;1;2;141;
17;5;1;2;231;
9;7;1;2;226;
14;22;1;2;406;
16;9;1;2;26;
18;27;1;2;136;
24;20;1;2;316;
5;26;1;2;357;
25;17;1;2;430;
28;19;1;2;166;
21;27;1;2;61;
5;8;1;2;383;
24;8;1;2;407;
27;5;1;2;441;
1;1;15;835
2;1;16;515
3;1;17;478
4;1;18;341
5;1;16;218
6;1;7;437
7;1;10;560
8;1;19;1038
9;1;16;996
10;1;15;312
11;1;3;823
12;1;2;32
13;1;4;860
*** EOF ***