**** 7 ****
50
18;19;1;2;323;
15;15;1;2;428;
17;17;1;2;441;
16;15;1;2;262;
18;15;1;2;78;
18;15;1;2;318;
17;15;1;2;168;
15;16;1;2;249;
19;15;1;2;234;
19;19;1;2;6;
17;17;1;2;43;
15;17;1;2;264;
18;16;1;2;143;
19;16;1;2;208;
17;17;1;2;356;
15;17;1;2;106;
19;19;1;2;461;
17;16;1;2;135;
17;17;1;2;452;
18;18;1;2;66;
16;19;1;2;331;
17;16;1;2;144;
17;15;1;2;70;
15;18;1;2;128;
19;18;1;2;106;
17;15;1;2;425;
17;15;1;2;336;
19;19;1;2;335;
17;18;1;2;126;
17;17;1;2;415;
15;19;1;2;162;
19;19;1;2;326;
19;17;1;2;123;
15;19;1;2;232;
15;17;1;2;367;
18;18;1;2;110;
17;17;1;2;241;
17;19;1;2;204;
19;18;1;2;325;
15;17;1;2;86;
16;18;1;2;301;
17;15;1;2;27;
16;19;1;2;54;
19;15;1;2;116;
18;19;1;2;146;
19;18;1;2;440;
15;19;1;2;274;
15;19;1;2;190;
19;19;1;2;387;
16;18;1;2;121;
1;1;6;644
2;1;1;212
3;1;6;861
4;1;1;585
5;1;10;139
6;1;4;457
7;1;5;755
8;1;4;873
9;1;14;625
10;1;1;41
11;1;7;512
12;1;9;806
13;1;3;350
*** EOF ***