**** 4 ****
50
16;25;1;2;90;
21;21;1;2;4;
12;21;1;2;92;
13;19;1;2;439;
23;10;1;2;65;
9;11;1;2;272;
15;15;1;2;396;
18;8;1;2;67;
8;14;1;2;392;
8;21;1;2;93;
11;9;1;2;98;
9;18;1;2;261;
20;15;1;2;128;
22;14;1;2;135;
12;14;1;2;279;
20;17;1;2;82;
19;14;1;2;23;
18;12;1;2;462;
10;17;1;2;311;
25;13;1;2;36;
21;14;1;2;45;
18;23;1;2;408;
10;14;1;2;157;
17;21;1;2;29;
25;10;1;2;18;
19;19;1;2;215;
8;21;1;2;50;
12;18;1;2;373;
16;8;1;2;85;
16;21;1;2;338;
11;8;1;2;449;
9;10;1;2;390;
18;14;1;2;250;
24;16;1;2;355;
17;10;1;2;289;
24;23;1;2;187;
10;23;1;2;384;
11;15;1;2;210;
11;25;1;2;340;
10;17;1;2;197;
25;14;1;2;261;
10;26;1;2;197;
22;24;1;2;259;
14;26;1;2;130;
10;24;1;2;341;
15;15;1;2;438;
11;25;1;2;328;
21;19;1;2;285;
23;17;1;2;198;
14;21;1;2;213;
1;1;10;168
2;1;16;566
3;1;19;648
4;1;13;400
5;1;14;153
6;1;20;878
7;1;14;420
8;1;5;41
9;1;6;800
10;1;10;720
11;1;6;553
12;1;14;443
13;1;3;756
*** EOF ***