**** 15 ****
50
4;28;1;2;286;
20;13;1;2;147;
9;4;1;2;394;
16;21;1;2;252;
3;10;1;2;184;
26;26;1;2;15;
19;26;1;2;113;
3;26;1;2;208;
2;10;1;2;289;
24;2;1;2;178;
13;28;1;2;425;
24;28;1;2;384;
2;30;1;2;156;
2;19;1;2;83;
31;25;1;2;295;
14;28;1;2;295;
28;3;1;2;211;
6;25;1;2;69;
10;16;1;2;176;
12;4;1;2;413;
16;7;1;2;262;
10;16;1;2;274;
18;17;1;2;127;
2;22;1;2;312;
3;8;1;2;168;
12;19;1;2;217;
7;10;1;2;157;
20;5;1;2;228;
16;13;1;2;228;
13;6;1;2;80;
27;28;1;2;129;
28;30;1;2;289;
7;29;1;2;410;
5;2;1;2;12;
2;24;1;2;50;
5;8;1;2;300;
21;26;1;2;357;
9;18;1;2;23;
28;19;1;2;330;
9;8;1;2;129;
31;32;1;2;172;
8;25;1;2;135;
15;28;1;2;36;
26;30;1;2;369;
5;21;1;2;61;
7;8;1;2;369;
19;12;1;2;238;
27;28;1;2;246;
19;16;1;2;429;
18;6;1;2;242;
1;1;15;318
2;1;19;133
3;1;13;448
4;1;20;641
5;1;6;791
6;1;19;771
7;1;17;78
8;1;12;831
9;1;1;376
10;1;5;584
11;1;14;418
12;1;1;674
13;1;17;256
*** EOF ***