**** 15 ****
50
22;18;1;2;165;
20;21;1;2;22;
12;19;1;2;212;
12;15;1;2;387;
16;17;1;2;88;
18;22;1;2;279;
13;19;1;2;129;
12;12;1;2;346;
12;20;1;2;13;
20;12;1;2;42;
12;21;1;2;181;
16;18;1;2;396;
18;12;1;2;375;
15;15;1;2;388;
17;22;1;2;333;
15;12;1;2;417;
21;14;1;2;414;
13;22;1;2;363;
14;18;1;2;203;
14;15;1;2;91;
15;21;1;2;106;
14;15;1;2;263;
22;19;1;2;346;
18;20;1;2;74;
21;20;1;2;304;
21;20;1;2;16;
19;15;1;2;370;
13;13;1;2;449;
22;20;1;2;18;
15;15;1;2;378;
12;21;1;2;377;
16;19;1;2;111;
22;14;1;2;117;
13;15;1;2;11;
13;17;1;2;236;
22;22;1;2;31;
13;16;1;2;12;
16;21;1;2;63;
16;16;1;2;416;
19;12;1;2;116;
17;13;1;2;218;
12;15;1;2;147;
18;20;1;2;399;
13;15;1;2;220;
20;17;1;2;390;
15;12;1;2;28;
15;19;1;2;88;
15;13;1;2;88;
12;15;1;2;382;
22;17;1;2;253;
1;1;5;797
2;1;19;398
3;1;3;692
4;1;3;889
5;1;17;896
6;1;14;360
7;1;1;548
8;1;19;120
9;1;12;730
10;1;1;728
11;1;9;633
12;1;4;148
13;1;10;760
*** EOF ***