**** 12 ****
50
18;13;1;2;355;
17;17;1;2;183;
17;10;1;2;135;
12;19;1;2;354;
16;20;1;2;385;
24;10;1;2;317;
9;15;1;2;315;
15;18;1;2;509;
25;9;1;2;273;
13;19;1;2;315;
15;22;1;2;78;
22;13;1;2;259;
11;24;1;2;224;
22;12;1;2;17;
14;20;1;2;295;
15;9;1;2;186;
21;25;1;2;22;
22;16;1;2;109;
14;18;1;2;58;
15;18;1;2;337;
10;18;1;2;236;
24;10;1;2;197;
22;9;1;2;213;
25;21;1;2;418;
20;13;1;2;344;
12;23;1;2;226;
22;15;1;2;241;
24;17;1;2;199;
12;17;1;2;116;
10;11;1;2;346;
9;13;1;2;176;
19;12;1;2;341;
25;12;1;2;368;
19;15;1;2;282;
25;17;1;2;389;
10;14;1;2;491;
22;11;1;2;489;
10;17;1;2;46;
20;16;1;2;469;
11;13;1;2;20;
16;20;1;2;316;
25;22;1;2;12;
22;14;1;2;438;
12;15;1;2;395;
13;21;1;2;352;
16;11;1;2;244;
20;23;1;2;413;
21;10;1;2;16;
12;21;1;2;116;
22;25;1;2;135;
1;1;7;107
2;1;8;148
3;1;20;474
4;1;15;222
5;1;17;1014
6;1;11;46
7;1;20;914
8;1;14;641
9;1;17;59
10;1;16;698
11;1;1;754
12;1;13;835
13;1;13;25
*** EOF ***