**** 8 ****
50
16;16;1;2;89;
20;16;1;2;176;
20;14;1;2;435;
20;15;1;2;29;
20;17;1;2;309;
20;19;1;2;465;
15;17;1;2;182;
15;15;1;2;112;
14;20;1;2;320;
20;19;1;2;371;
20;17;1;2;402;
20;14;1;2;303;
16;17;1;2;96;
14;14;1;2;474;
16;18;1;2;278;
19;14;1;2;292;
20;16;1;2;48;
19;14;1;2;449;
17;17;1;2;68;
18;20;1;2;96;
16;19;1;2;312;
16;15;1;2;384;
17;16;1;2;337;
15;19;1;2;87;
14;14;1;2;299;
17;16;1;2;30;
15;14;1;2;413;
19;20;1;2;327;
16;20;1;2;225;
15;14;1;2;56;
14;17;1;2;411;
17;18;1;2;365;
20;15;1;2;48;
19;15;1;2;454;
15;15;1;2;239;
17;20;1;2;392;
14;20;1;2;338;
16;18;1;2;315;
17;20;1;2;218;
14;14;1;2;325;
14;15;1;2;368;
19;20;1;2;286;
15;15;1;2;133;
15;18;1;2;78;
14;16;1;2;47;
20;16;1;2;172;
15;18;1;2;23;
17;14;1;2;65;
14;19;1;2;67;
20;19;1;2;146;
1;1;1;202
2;1;8;848
3;1;13;867
4;1;15;51
5;1;12;706
6;1;18;297
7;1;5;882
8;1;15;106
9;1;19;802
10;1;14;505
11;1;1;75
12;1;4;664
13;1;9;638
*** EOF ***