**** 10 ****
50
26;10;1;2;160;
14;21;1;2;351;
21;24;1;2;268;
17;11;1;2;256;
9;6;1;2;219;
12;15;1;2;229;
19;13;1;2;105;
12;13;1;2;75;
21;24;1;2;87;
24;11;1;2;94;
11;29;1;2;325;
27;28;1;2;314;
18;25;1;2;108;
10;15;1;2;330;
16;11;1;2;449;
22;21;1;2;92;
10;26;1;2;96;
19;6;1;2;45;
26;11;1;2;42;
5;12;1;2;68;
19;28;1;2;56;
7;19;1;2;110;
11;25;1;2;364;
13;21;1;2;324;
20;17;1;2;350;
14;8;1;2;82;
29;13;1;2;42;
28;14;1;2;67;
8;27;1;2;127;
29;15;1;2;494;
28;17;1;2;195;
22;27;1;2;206;
12;6;1;2;258;
7;15;1;2;53;
23;5;1;2;107;
22;26;1;2;89;
11;14;1;2;464;
14;16;1;2;405;
6;8;1;2;40;
6;22;1;2;413;
20;7;1;2;2;
25;5;1;2;335;
19;22;1;2;354;
21;21;1;2;240;
23;16;1;2;165;
5;11;1;2;234;
7;16;1;2;284;
22;26;1;2;484;
27;14;1;2;172;
8;10;1;2;104;
1;1;9;680
2;1;20;451
3;1;18;692
4;1;4;544
5;1;1;577
6;1;3;870
7;1;16;222
8;1;17;173
9;1;7;477
10;1;1;307
11;1;11;71
12;1;20;720
13;1;19;129
*** EOF ***