**** 14 ****
50
13;10;1;2;431;
13;5;1;2;159;
25;7;1;2;324;
24;20;1;2;228;
12;21;1;2;368;
19;14;1;2;260;
15;23;1;2;234;
23;30;1;2;108;
30;18;1;2;74;
16;25;1;2;62;
6;31;1;2;373;
12;10;1;2;254;
15;4;1;2;514;
14;22;1;2;440;
22;26;1;2;471;
29;9;1;2;306;
29;31;1;2;137;
15;30;1;2;292;
9;20;1;2;332;
31;29;1;2;94;
29;13;1;2;369;
21;19;1;2;232;
22;9;1;2;512;
24;7;1;2;387;
10;22;1;2;124;
9;24;1;2;105;
29;20;1;2;160;
15;22;1;2;31;
29;20;1;2;385;
22;8;1;2;369;
4;20;1;2;160;
16;30;1;2;302;
3;24;1;2;248;
3;28;1;2;375;
5;21;1;2;308;
13;16;1;2;195;
22;7;1;2;379;
22;4;1;2;153;
12;4;1;2;158;
27;15;1;2;395;
27;5;1;2;132;
28;10;1;2;466;
14;25;1;2;341;
25;3;1;2;379;
28;11;1;2;10;
18;17;1;2;144;
4;6;1;2;4;
23;9;1;2;143;
11;10;1;2;501;
15;26;1;2;500;
1;1;3;68
2;1;14;340
3;1;8;524
4;1;15;691
5;1;13;621
6;1;13;121
7;1;13;569
8;1;15;998
9;1;3;652
10;1;10;774
11;1;12;677
12;1;3;25
13;1;10;661
*** EOF ***