**** 19 ****
50
18;17;1;2;273;
18;16;1;2;127;
17;16;1;2;108;
16;18;1;2;41;
17;16;1;2;328;
17;17;1;2;281;
18;17;1;2;5;
16;17;1;2;218;
17;18;1;2;486;
16;17;1;2;316;
17;18;1;2;338;
16;18;1;2;355;
18;18;1;2;304;
17;18;1;2;61;
17;16;1;2;45;
17;16;1;2;71;
17;18;1;2;260;
17;17;1;2;258;
17;16;1;2;101;
18;17;1;2;424;
16;16;1;2;331;
17;16;1;2;213;
17;18;1;2;473;
17;18;1;2;140;
17;18;1;2;292;
16;18;1;2;296;
18;17;1;2;97;
18;16;1;2;401;
17;17;1;2;412;
17;16;1;2;211;
18;18;1;2;143;
18;16;1;2;279;
16;18;1;2;114;
17;18;1;2;299;
16;17;1;2;365;
16;17;1;2;188;
17;16;1;2;413;
18;17;1;2;98;
17;17;1;2;69;
16;16;1;2;104;
16;16;1;2;63;
17;18;1;2;201;
17;16;1;2;317;
18;17;1;2;38;
17;17;1;2;273;
18;18;1;2;323;
16;17;1;2;335;
17;17;1;2;140;
16;16;1;2;285;
16;17;1;2;312;
1;1;2;25
2;1;20;781
3;1;18;166
4;1;3;940
5;1;2;971
6;1;17;557
7;1;8;449
8;1;10;151
9;1;7;522
10;1;9;371
11;1;3;542
12;1;19;122
13;1;11;721
*** EOF ***