**** 12 ****
50
16;8;1;2;338;
22;23;1;2;28;
25;27;1;2;350;
15;7;1;2;477;
12;26;1;2;258;
13;14;1;2;340;
18;9;1;2;480;
19;19;1;2;235;
19;11;1;2;152;
27;22;1;2;75;
19;26;1;2;161;
7;7;1;2;408;
24;18;1;2;28;
9;15;1;2;196;
13;27;1;2;53;
23;7;1;2;173;
11;26;1;2;41;
14;19;1;2;347;
21;26;1;2;51;
15;8;1;2;172;
18;12;1;2;324;
21;11;1;2;350;
12;8;1;2;160;
8;14;1;2;248;
11;20;1;2;180;
21;12;1;2;149;
15;20;1;2;149;
10;23;1;2;68;
14;13;1;2;6;
18;13;1;2;41;
16;20;1;2;16;
14;13;1;2;28;
16;7;1;2;77;
15;26;1;2;220;
27;16;1;2;17;
18;23;1;2;461;
15;18;1;2;190;
26;7;1;2;33;
10;13;1;2;115;
15;20;1;2;386;
24;26;1;2;429;
25;27;1;2;46;
14;20;1;2;46;
9;21;1;2;135;
10;22;1;2;470;
24;25;1;2;50;
7;24;1;2;456;
25;22;1;2;360;
24;17;1;2;37;
16;27;1;2;227;
1;1;11;771
2;1;6;791
3;1;1;292
4;1;4;563
5;1;4;114
6;1;7;882
7;1;11;542
8;1;4;321
9;1;4;133
10;1;20;171
11;1;18;645
12;1;16;665
13;1;20;748
*** EOF ***