**** 2 ****
50
8;18;1;2;217;
10;18;1;2;327;
20;16;1;2;61;
26;23;1;2;486;
11;11;1;2;422;
18;14;1;2;7;
18;25;1;2;121;
22;16;1;2;130;
18;10;1;2;458;
12;15;1;2;168;
17;27;1;2;10;
16;10;1;2;443;
25;9;1;2;209;
16;15;1;2;299;
16;15;1;2;375;
14;20;1;2;410;
20;14;1;2;339;
26;10;1;2;327;
23;16;1;2;317;
7;9;1;2;186;
24;18;1;2;375;
9;12;1;2;364;
12;17;1;2;256;
20;25;1;2;150;
18;21;1;2;150;
20;27;1;2;244;
14;8;1;2;359;
7;10;1;2;220;
24;20;1;2;182;
21;17;1;2;284;
24;27;1;2;311;
9;24;1;2;339;
16;21;1;2;299;
10;8;1;2;72;
14;15;1;2;363;
20;11;1;2;401;
10;18;1;2;306;
26;11;1;2;56;
27;18;1;2;206;
21;25;1;2;296;
24;27;1;2;201;
25;12;1;2;266;
7;7;1;2;31;
26;8;1;2;266;
19;12;1;2;185;
18;25;1;2;233;
15;22;1;2;263;
22;26;1;2;2;
18;26;1;2;486;
8;15;1;2;192;
1;1;17;558
2;1;16;481
3;1;1;466
4;1;13;791
5;1;4;873
6;1;5;849
7;1;8;708
8;1;9;594
9;1;6;48
10;1;2;114
11;1;6;263
12;1;9;915
13;1;6;228
*** EOF ***