**** 16 ****
50
23;17;1;2;9;
17;17;1;2;301;
21;18;1;2;164;
17;20;1;2;315;
13;13;1;2;393;
11;23;1;2;313;
19;12;1;2;261;
17;17;1;2;193;
17;19;1;2;339;
16;21;1;2;1;
12;21;1;2;58;
15;16;1;2;361;
23;21;1;2;64;
20;13;1;2;501;
23;13;1;2;26;
19;15;1;2;85;
13;20;1;2;376;
22;16;1;2;75;
16;21;1;2;211;
22;20;1;2;7;
12;22;1;2;498;
23;13;1;2;295;
18;13;1;2;326;
15;13;1;2;454;
16;23;1;2;96;
12;16;1;2;204;
15;11;1;2;374;
16;17;1;2;436;
15;15;1;2;220;
20;17;1;2;463;
21;14;1;2;337;
22;14;1;2;107;
18;19;1;2;500;
20;19;1;2;426;
17;14;1;2;423;
16;19;1;2;80;
23;20;1;2;99;
15;17;1;2;139;
14;17;1;2;395;
12;12;1;2;25;
20;16;1;2;171;
14;23;1;2;483;
12;20;1;2;327;
23;13;1;2;416;
11;15;1;2;381;
11;15;1;2;71;
23;17;1;2;188;
22;19;1;2;5;
17;12;1;2;13;
20;20;1;2;150;
1;1;7;287
2;1;17;132
3;1;4;690
4;1;5;41
5;1;7;950
6;1;14;536
7;1;17;902
8;1;10;365
9;1;15;655
10;1;13;823
11;1;13;224
12;1;13;22
13;1;16;799
*** EOF ***