**** 8 ****
50
19;21;1;2;82;
9;10;1;2;113;
28;28;1;2;183;
7;21;1;2;362;
26;20;1;2;331;
20;23;1;2;360;
27;19;1;2;160;
9;14;1;2;202;
22;28;1;2;184;
18;15;1;2;361;
7;7;1;2;259;
6;22;1;2;319;
20;8;1;2;361;
26;12;1;2;454;
10;18;1;2;55;
15;28;1;2;35;
27;6;1;2;525;
7;19;1;2;307;
28;19;1;2;215;
22;8;1;2;360;
20;12;1;2;431;
26;8;1;2;223;
9;8;1;2;251;
19;7;1;2;514;
17;19;1;2;220;
15;20;1;2;430;
22;20;1;2;307;
23;26;1;2;282;
25;19;1;2;31;
22;15;1;2;65;
16;27;1;2;226;
8;17;1;2;96;
25;21;1;2;247;
27;21;1;2;253;
7;9;1;2;414;
26;16;1;2;193;
14;12;1;2;47;
12;10;1;2;33;
24;19;1;2;510;
13;11;1;2;360;
25;23;1;2;249;
19;8;1;2;196;
9;7;1;2;342;
27;25;1;2;62;
17;6;1;2;309;
25;15;1;2;322;
9;14;1;2;519;
9;15;1;2;206;
15;12;1;2;265;
24;11;1;2;249;
1;1;12;791
2;1;14;819
3;1;9;401
4;1;15;635
5;1;9;758
6;1;9;776
7;1;5;214
8;1;18;920
9;1;13;184
10;1;13;108
11;1;1;724
12;1;12;471
13;1;18;852
*** EOF ***