**** 12 ****
50
13;16;1;2;71;
19;14;1;2;349;
21;20;1;2;215;
19;22;1;2;155;
11;21;1;2;444;
21;10;1;2;31;
12;11;1;2;49;
20;23;1;2;434;
11;15;1;2;105;
21;17;1;2;344;
20;13;1;2;343;
15;20;1;2;318;
17;12;1;2;334;
17;11;1;2;400;
18;15;1;2;343;
11;13;1;2;246;
17;16;1;2;205;
15;24;1;2;437;
18;21;1;2;79;
14;10;1;2;344;
12;21;1;2;224;
17;12;1;2;9;
22;15;1;2;344;
24;16;1;2;12;
15;20;1;2;342;
13;16;1;2;430;
16;23;1;2;439;
13;24;1;2;19;
18;20;1;2;121;
11;24;1;2;60;
15;19;1;2;404;
20;12;1;2;268;
19;13;1;2;178;
24;11;1;2;205;
24;20;1;2;452;
16;11;1;2;84;
17;16;1;2;74;
19;17;1;2;465;
11;13;1;2;361;
23;22;1;2;390;
22;21;1;2;71;
15;18;1;2;345;
13;15;1;2;178;
20;10;1;2;61;
24;10;1;2;429;
10;11;1;2;116;
18;16;1;2;209;
18;18;1;2;179;
15;19;1;2;249;
10;10;1;2;108;
1;1;2;803
2;1;8;745
3;1;14;58
4;1;9;729
5;1;17;918
6;1;4;417
7;1;15;179
8;1;8;827
9;1;5;136
10;1;7;296
11;1;10;530
12;1;6;489
13;1;4;234
*** EOF ***