**** 17 ****
50
17;17;1;2;344;
17;17;1;2;304;
17;17;1;2;155;
17;17;1;2;402;
17;17;1;2;271;
17;17;1;2;275;
17;17;1;2;268;
17;17;1;2;180;
17;17;1;2;316;
17;17;1;2;11;
17;17;1;2;415;
17;17;1;2;42;
17;17;1;2;333;
17;17;1;2;390;
17;17;1;2;251;
17;17;1;2;328;
17;17;1;2;314;
17;17;1;2;397;
17;17;1;2;235;
17;17;1;2;300;
17;17;1;2;441;
17;17;1;2;207;
17;17;1;2;193;
17;17;1;2;9;
17;17;1;2;126;
17;17;1;2;200;
17;17;1;2;216;
17;17;1;2;223;
17;17;1;2;448;
17;17;1;2;180;
17;17;1;2;155;
17;17;1;2;268;
17;17;1;2;14;
17;17;1;2;371;
17;17;1;2;209;
17;17;1;2;274;
17;17;1;2;227;
17;17;1;2;144;
17;17;1;2;345;
17;17;1;2;442;
17;17;1;2;276;
17;17;1;2;477;
17;17;1;2;468;
17;17;1;2;183;
17;17;1;2;95;
17;17;1;2;2;
17;17;1;2;409;
17;17;1;2;454;
17;17;1;2;341;
17;17;1;2;308;
1;1;6;694
2;1;5;170
3;1;5;496
4;1;10;790
5;1;2;935
6;1;7;753
7;1;17;141
8;1;9;313
9;1;18;523
10;1;13;801
11;1;16;826
12;1;1;302
13;1;14;654
*** EOF ***