**** 13 ****
50
17;17;1;2;281;
17;17;1;2;206;
17;17;1;2;290;
17;17;1;2;307;
17;17;1;2;347;
17;17;1;2;221;
17;17;1;2;186;
17;17;1;2;345;
17;17;1;2;381;
17;17;1;2;395;
17;17;1;2;171;
17;17;1;2;457;
17;17;1;2;178;
17;17;1;2;92;
17;17;1;2;103;
17;17;1;2;4;
17;17;1;2;341;
17;17;1;2;54;
17;17;1;2;390;
17;17;1;2;40;
17;17;1;2;470;
17;17;1;2;460;
17;17;1;2;487;
17;17;1;2;103;
17;17;1;2;306;
17;17;1;2;196;
17;17;1;2;50;
17;17;1;2;192;
17;17;1;2;148;
17;17;1;2;174;
17;17;1;2;479;
17;17;1;2;308;
17;17;1;2;263;
17;17;1;2;491;
17;17;1;2;19;
17;17;1;2;484;
17;17;1;2;297;
17;17;1;2;270;
17;17;1;2;353;
17;17;1;2;479;
17;17;1;2;449;
17;17;1;2;154;
17;17;1;2;155;
17;17;1;2;143;
17;17;1;2;101;
17;17;1;2;267;
17;17;1;2;39;
17;17;1;2;442;
17;17;1;2;212;
17;17;1;2;202;
1;1;9;758
2;1;13;221
3;1;20;906
4;1;20;990
5;1;7;705
6;1;3;526
7;1;20;93
8;1;5;162
9;1;13;199
10;1;18;671
11;1;4;631
12;1;7;967
13;1;8;177
*** EOF ***