**** 0 ****
50
8;3;1;2;145;
13;3;1;2;153;
20;31;1;2;353;
12;6;1;2;271;
19;29;1;2;163;
13;8;1;2;39;
29;17;1;2;173;
31;3;1;2;254;
27;9;1;2;430;
4;29;1;2;385;
29;17;1;2;432;
3;21;1;2;203;
23;26;1;2;448;
27;30;1;2;383;
16;13;1;2;516;
16;14;1;2;258;
8;12;1;2;480;
22;19;1;2;152;
22;2;1;2;109;
14;6;1;2;237;
2;11;1;2;60;
14;20;1;2;364;
32;23;1;2;370;
14;6;1;2;241;
32;11;1;2;429;
31;3;1;2;327;
31;29;1;2;450;
31;29;1;2;263;
12;5;1;2;178;
31;19;1;2;246;
15;7;1;2;359;
8;20;1;2;147;
21;24;1;2;392;
25;5;1;2;60;
9;21;1;2;68;
26;20;1;2;489;
20;31;1;2;266;
11;11;1;2;1;
17;32;1;2;321;
16;5;1;2;20;
23;25;1;2;264;
2;4;1;2;325;
27;22;1;2;332;
27;11;1;2;107;
25;25;1;2;502;
5;19;1;2;311;
12;5;1;2;293;
23;27;1;2;119;
9;31;1;2;529;
20;14;1;2;155;
1;1;1;696
2;1;9;813
3;1;15;594
4;1;19;827
5;1;18;967
6;1;9;896
7;1;4;124
8;1;16;714
9;1;11;195
10;1;10;851
11;1;17;1021
12;1;7;405
13;1;13;755
*** EOF ***