**** 0 ****
50
11;12;1;2;87;
16;14;1;2;465;
23;20;1;2;276;
12;21;1;2;221;
20;20;1;2;487;
11;19;1;2;3;
19;11;1;2;276;
12;11;1;2;400;
12;21;1;2;122;
23;18;1;2;395;
18;13;1;2;199;
13;19;1;2;348;
20;21;1;2;202;
12;22;1;2;176;
14;17;1;2;47;
21;22;1;2;123;
16;23;1;2;128;
19;13;1;2;415;
13;14;1;2;145;
21;20;1;2;175;
16;17;1;2;94;
11;23;1;2;33;
15;14;1;2;79;
22;16;1;2;148;
12;23;1;2;332;
11;11;1;2;214;
20;11;1;2;36;
22;23;1;2;189;
15;19;1;2;224;
20;22;1;2;471;
14;18;1;2;390;
23;18;1;2;31;
12;20;1;2;265;
18;13;1;2;261;
18;21;1;2;196;
22;22;1;2;61;
23;11;1;2;201;
19;14;1;2;145;
11;21;1;2;15;
11;14;1;2;129;
13;17;1;2;201;
23;14;1;2;439;
20;21;1;2;358;
23;14;1;2;436;
16;16;1;2;130;
22;22;1;2;224;
15;21;1;2;23;
13;14;1;2;187;
11;16;1;2;379;
22;16;1;2;224;
1;1;5;463
2;1;7;121
3;1;10;706
4;1;18;306
5;1;18;785
6;1;2;514
7;1;20;991
8;1;17;385
9;1;19;433
10;1;16;835
11;1;1;561
12;1;14;950
13;1;9;810
*** EOF ***