**** 19 ****
50
17;16;1;2;431;
19;17;1;2;375;
18;19;1;2;241;
15;15;1;2;325;
16;16;1;2;188;
19;15;1;2;381;
18;18;1;2;174;
19;18;1;2;69;
18;17;1;2;185;
17;18;1;2;357;
15;19;1;2;359;
18;17;1;2;95;
18;15;1;2;362;
19;16;1;2;154;
19;16;1;2;395;
15;19;1;2;398;
17;15;1;2;340;
16;18;1;2;379;
16;17;1;2;204;
18;16;1;2;447;
16;17;1;2;405;
19;18;1;2;323;
18;15;1;2;394;
18;19;1;2;411;
15;19;1;2;291;
17;19;1;2;312;
17;17;1;2;312;
17;18;1;2;334;
16;16;1;2;216;
15;19;1;2;423;
16;17;1;2;159;
16;17;1;2;362;
15;15;1;2;179;
16;17;1;2;185;
15;16;1;2;56;
18;18;1;2;11;
15;16;1;2;367;
16;15;1;2;93;
19;15;1;2;105;
18;17;1;2;379;
17;17;1;2;65;
16;16;1;2;470;
19;16;1;2;171;
17;16;1;2;97;
18;17;1;2;352;
16;16;1;2;145;
18;15;1;2;394;
15;18;1;2;300;
16;16;1;2;468;
16;18;1;2;326;
1;1;5;331
2;1;1;145
3;1;2;31
4;1;19;510
5;1;14;930
6;1;4;775
7;1;1;687
8;1;13;477
9;1;9;915
10;1;4;187
11;1;15;727
12;1;19;235
13;1;18;841
*** EOF ***