**** 2 ****
50
15;18;1;2;347;
20;22;1;2;404;
17;16;1;2;308;
29;29;1;2;16;
22;26;1;2;160;
8;27;1;2;133;
26;11;1;2;24;
20;21;1;2;297;
10;22;1;2;142;
19;23;1;2;196;
8;11;1;2;137;
30;31;1;2;273;
27;5;1;2;228;
25;31;1;2;146;
31;27;1;2;204;
24;23;1;2;258;
11;29;1;2;429;
23;24;1;2;391;
23;4;1;2;313;
27;26;1;2;17;
13;15;1;2;64;
15;9;1;2;165;
9;4;1;2;280;
11;9;1;2;35;
30;27;1;2;245;
26;7;1;2;362;
15;29;1;2;354;
10;24;1;2;398;
8;20;1;2;202;
22;28;1;2;198;
22;24;1;2;356;
18;10;1;2;410;
24;26;1;2;129;
11;17;1;2;80;
8;24;1;2;121;
27;28;1;2;276;
6;19;1;2;381;
5;17;1;2;206;
30;21;1;2;17;
18;12;1;2;83;
5;26;1;2;318;
6;17;1;2;490;
6;13;1;2;401;
19;27;1;2;274;
13;24;1;2;470;
11;28;1;2;33;
6;20;1;2;263;
31;27;1;2;145;
23;21;1;2;188;
18;12;1;2;387;
1;1;3;551
2;1;4;506
3;1;16;264
4;1;16;476
5;1;19;657
6;1;16;138
7;1;12;75
8;1;13;843
9;1;11;556
10;1;2;259
11;1;20;929
12;1;11;346
13;1;9;24
*** EOF ***