**** 5 ****
50
11;16;1;2;211;
7;16;1;2;381;
15;9;1;2;188;
13;7;1;2;98;
11;10;1;2;354;
14;9;1;2;108;
21;10;1;2;325;
14;22;1;2;191;
10;8;1;2;186;
13;22;1;2;117;
23;9;1;2;367;
8;20;1;2;110;
25;13;1;2;127;
22;21;1;2;274;
11;13;1;2;191;
22;20;1;2;108;
7;8;1;2;223;
8;13;1;2;87;
9;14;1;2;24;
18;15;1;2;167;
9;16;1;2;64;
21;21;1;2;413;
7;10;1;2;71;
23;16;1;2;70;
7;21;1;2;291;
25;19;1;2;401;
17;13;1;2;146;
16;11;1;2;146;
25;12;1;2;388;
11;20;1;2;24;
13;12;1;2;77;
11;25;1;2;2;
15;20;1;2;355;
8;12;1;2;318;
24;7;1;2;185;
19;7;1;2;352;
18;9;1;2;91;
27;27;1;2;185;
26;8;1;2;390;
26;18;1;2;70;
9;13;1;2;250;
10;12;1;2;42;
9;25;1;2;306;
20;12;1;2;178;
12;21;1;2;83;
15;18;1;2;188;
16;7;1;2;244;
27;27;1;2;138;
22;12;1;2;396;
16;16;1;2;335;
1;1;2;246
2;1;1;150
3;1;3;81
4;1;7;229
5;1;9;555
6;1;20;499
7;1;20;892
8;1;13;106
9;1;7;165
10;1;9;381
11;1;20;433
12;1;8;341
13;1;1;588
*** EOF ***