**** 16 ****
50
15;16;1;2;383;
22;18;1;2;380;
22;17;1;2;395;
21;22;1;2;67;
12;14;1;2;341;
12;22;1;2;119;
21;19;1;2;342;
14;21;1;2;239;
19;21;1;2;122;
13;18;1;2;327;
15;15;1;2;193;
18;18;1;2;260;
21;14;1;2;417;
16;18;1;2;30;
15;19;1;2;32;
15;21;1;2;244;
14;20;1;2;213;
13;16;1;2;57;
15;14;1;2;17;
14;16;1;2;464;
22;21;1;2;199;
14;22;1;2;226;
16;13;1;2;138;
13;17;1;2;455;
13;13;1;2;419;
17;18;1;2;247;
12;16;1;2;58;
18;15;1;2;23;
14;12;1;2;444;
12;21;1;2;421;
18;21;1;2;431;
21;16;1;2;463;
12;13;1;2;38;
20;18;1;2;57;
16;14;1;2;115;
18;19;1;2;3;
12;18;1;2;266;
21;21;1;2;238;
18;13;1;2;56;
21;17;1;2;334;
13;17;1;2;208;
18;21;1;2;46;
19;19;1;2;19;
13;18;1;2;117;
14;16;1;2;352;
12;14;1;2;332;
21;22;1;2;425;
19;14;1;2;399;
22;17;1;2;370;
21;19;1;2;285;
1;1;16;891
2;1;4;270
3;1;4;57
4;1;1;257
5;1;7;698
6;1;5;488
7;1;3;543
8;1;16;734
9;1;15;322
10;1;9;409
11;1;20;769
12;1;12;84
13;1;20;621
*** EOF ***