**** 10 ****
50
23;21;1;2;266;
20;12;1;2;207;
25;10;1;2;336;
18;11;1;2;133;
22;23;1;2;238;
16;20;1;2;197;
25;22;1;2;1;
21;9;1;2;466;
24;12;1;2;93;
13;20;1;2;305;
18;10;1;2;313;
22;16;1;2;133;
20;23;1;2;458;
9;12;1;2;326;
14;13;1;2;118;
19;14;1;2;317;
11;15;1;2;174;
14;17;1;2;183;
25;15;1;2;65;
17;19;1;2;303;
15;15;1;2;179;
14;18;1;2;313;
10;22;1;2;435;
19;26;1;2;349;
25;24;1;2;314;
21;23;1;2;299;
11;23;1;2;326;
11;9;1;2;92;
11;11;1;2;113;
18;8;1;2;405;
20;10;1;2;389;
21;18;1;2;356;
9;15;1;2;257;
17;26;1;2;367;
19;12;1;2;334;
11;13;1;2;164;
9;14;1;2;398;
12;21;1;2;467;
11;16;1;2;352;
10;13;1;2;387;
10;21;1;2;431;
17;23;1;2;116;
9;10;1;2;270;
21;20;1;2;254;
20;19;1;2;87;
18;22;1;2;34;
14;17;1;2;161;
19;18;1;2;170;
18;21;1;2;395;
17;23;1;2;182;
1;1;2;726
2;1;7;500
3;1;12;259
4;1;3;815
5;1;20;675
6;1;14;453
7;1;5;861
8;1;4;332
9;1;15;702
10;1;5;373
11;1;7;211
12;1;3;591
13;1;4;277
*** EOF ***