**** 14 ****
50
19;15;1;2;361;
16;16;1;2;331;
15;18;1;2;208;
19;18;1;2;418;
19;18;1;2;402;
19;15;1;2;344;
15;17;1;2;203;
16;18;1;2;174;
16;16;1;2;242;
19;15;1;2;242;
19;16;1;2;393;
18;16;1;2;99;
16;16;1;2;156;
18;19;1;2;41;
18;17;1;2;440;
15;16;1;2;43;
16;19;1;2;122;
19;15;1;2;220;
16;19;1;2;421;
17;15;1;2;285;
17;18;1;2;272;
17;17;1;2;263;
16;16;1;2;120;
16;16;1;2;410;
17;19;1;2;479;
17;19;1;2;148;
17;16;1;2;11;
18;18;1;2;203;
15;16;1;2;176;
18;18;1;2;84;
16;17;1;2;476;
19;16;1;2;90;
15;15;1;2;223;
17;18;1;2;10;
18;15;1;2;8;
19;16;1;2;394;
16;15;1;2;27;
16;17;1;2;306;
19;15;1;2;345;
16;15;1;2;135;
15;15;1;2;279;
17;15;1;2;350;
16;16;1;2;472;
15;18;1;2;483;
17;19;1;2;36;
17;17;1;2;279;
15;16;1;2;468;
19;16;1;2;241;
15;17;1;2;118;
19;17;1;2;301;
1;1;13;713
2;1;18;406
3;1;4;454
4;1;2;582
5;1;6;222
6;1;16;509
7;1;2;629
8;1;10;592
9;1;11;842
10;1;3;320
11;1;13;612
12;1;7;859
13;1;20;241
*** EOF ***