**** 7 ****
50
14;15;1;2;161;
14;14;1;2;215;
19;20;1;2;70;
19;15;1;2;366;
20;14;1;2;173;
18;18;1;2;245;
20;17;1;2;224;
16;19;1;2;286;
20;20;1;2;470;
19;16;1;2;451;
18;18;1;2;372;
18;14;1;2;342;
16;18;1;2;77;
20;20;1;2;228;
18;17;1;2;343;
15;14;1;2;388;
14;18;1;2;364;
14;17;1;2;6;
17;20;1;2;308;
18;15;1;2;70;
16;18;1;2;443;
14;19;1;2;75;
18;19;1;2;164;
15;15;1;2;214;
20;19;1;2;250;
16;19;1;2;130;
17;14;1;2;104;
20;14;1;2;66;
20;18;1;2;108;
19;15;1;2;150;
19;19;1;2;133;
18;15;1;2;302;
18;14;1;2;233;
19;18;1;2;406;
14;16;1;2;170;
18;20;1;2;149;
16;18;1;2;232;
14;17;1;2;71;
18;19;1;2;231;
18;15;1;2;70;
17;17;1;2;58;
16;16;1;2;289;
19;18;1;2;175;
15;14;1;2;163;
15;20;1;2;305;
14;14;1;2;440;
18;16;1;2;67;
17;15;1;2;96;
18;16;1;2;47;
15;14;1;2;179;
1;1;11;411
2;1;12;895
3;1;4;570
4;1;3;878
5;1;2;647
6;1;13;591
7;1;7;187
8;1;7;831
9;1;19;119
10;1;12;196
11;1;3;860
12;1;1;951
13;1;1;388
*** EOF ***