**** 14 ****
50
13;16;1;2;405;
19;13;1;2;351;
15;18;1;2;401;
15;16;1;2;157;
20;16;1;2;127;
13;21;1;2;350;
19;15;1;2;118;
19;12;1;2;387;
12;16;1;2;451;
14;17;1;2;408;
18;18;1;2;53;
18;14;1;2;49;
20;14;1;2;488;
15;20;1;2;17;
18;21;1;2;239;
15;19;1;2;96;
12;22;1;2;247;
14;22;1;2;398;
21;19;1;2;188;
17;17;1;2;168;
17;14;1;2;152;
22;17;1;2;267;
14;18;1;2;44;
13;17;1;2;352;
13;13;1;2;36;
21;18;1;2;234;
22;14;1;2;75;
19;22;1;2;300;
17;18;1;2;181;
17;16;1;2;370;
17;15;1;2;337;
17;15;1;2;234;
19;19;1;2;269;
22;16;1;2;482;
20;13;1;2;82;
12;14;1;2;440;
20;21;1;2;147;
13;12;1;2;108;
16;14;1;2;264;
18;13;1;2;59;
19;17;1;2;206;
14;19;1;2;426;
13;22;1;2;70;
16;20;1;2;106;
22;18;1;2;33;
12;20;1;2;211;
15;14;1;2;93;
16;17;1;2;216;
22;19;1;2;198;
15;18;1;2;398;
1;1;19;435
2;1;19;407
3;1;3;201
4;1;17;599
5;1;4;79
6;1;6;494
7;1;7;619
8;1;15;547
9;1;12;165
10;1;11;233
11;1;17;837
12;1;10;634
13;1;4;255
*** EOF ***