**** 8 ****
50
16;9;1;2;216;
16;7;1;2;418;
19;15;1;2;381;
15;27;1;2;354;
7;17;1;2;77;
20;18;1;2;219;
26;16;1;2;245;
17;7;1;2;262;
18;22;1;2;365;
12;20;1;2;26;
13;18;1;2;156;
17;14;1;2;59;
16;10;1;2;231;
25;25;1;2;259;
10;12;1;2;56;
11;10;1;2;189;
20;27;1;2;148;
23;10;1;2;19;
11;18;1;2;172;
20;8;1;2;374;
27;25;1;2;79;
27;9;1;2;96;
15;27;1;2;51;
17;8;1;2;79;
12;9;1;2;308;
16;17;1;2;338;
16;11;1;2;55;
13;7;1;2;36;
21;23;1;2;458;
13;24;1;2;12;
17;22;1;2;92;
21;11;1;2;485;
13;12;1;2;223;
21;24;1;2;401;
12;8;1;2;471;
14;25;1;2;359;
10;18;1;2;171;
15;22;1;2;177;
19;12;1;2;408;
16;11;1;2;389;
20;26;1;2;324;
27;18;1;2;38;
17;16;1;2;463;
7;26;1;2;232;
26;22;1;2;96;
18;19;1;2;178;
22;15;1;2;21;
10;26;1;2;186;
12;17;1;2;471;
25;7;1;2;8;
1;1;11;867
2;1;14;132
3;1;13;898
4;1;17;239
5;1;9;802
6;1;2;173
7;1;1;43
8;1;4;850
9;1;2;206
10;1;10;426
11;1;17;706
12;1;12;59
13;1;9;31
*** EOF ***