**** 10 ****
50
17;19;1;2;427;
17;16;1;2;424;
19;15;1;2;11;
16;19;1;2;305;
15;17;1;2;28;
19;15;1;2;35;
18;16;1;2;17;
18;18;1;2;114;
16;16;1;2;277;
18;18;1;2;164;
18;17;1;2;128;
17;15;1;2;175;
16;19;1;2;236;
17;18;1;2;173;
15;16;1;2;4;
16;19;1;2;70;
17;16;1;2;245;
15;16;1;2;52;
15;18;1;2;298;
19;19;1;2;72;
19;19;1;2;116;
15;16;1;2;471;
19;18;1;2;319;
15;15;1;2;203;
19;15;1;2;279;
16;17;1;2;409;
15;19;1;2;61;
15;19;1;2;233;
16;15;1;2;414;
19;15;1;2;413;
15;16;1;2;54;
15;18;1;2;394;
15;19;1;2;75;
18;17;1;2;289;
18;15;1;2;202;
17;19;1;2;458;
19;16;1;2;389;
19;19;1;2;65;
17;15;1;2;281;
16;16;1;2;289;
17;15;1;2;27;
16;19;1;2;123;
16;15;1;2;199;
16;17;1;2;32;
16;17;1;2;127;
15;17;1;2;8;
17;18;1;2;448;
15;16;1;2;171;
15;17;1;2;46;
19;16;1;2;108;
1;1;5;567
2;1;1;608
3;1;8;598
4;1;5;463
5;1;12;26
6;1;17;52
7;1;2;339
8;1;4;668
9;1;3;511
10;1;13;239
11;1;16;581
12;1;8;477
13;1;17;636
*** EOF ***