**** 12 ****
50
17;17;1;2;360;
17;17;1;2;79;
17;17;1;2;174;
17;17;1;2;422;
17;17;1;2;423;
17;17;1;2;114;
17;17;1;2;357;
17;17;1;2;44;
17;17;1;2;29;
17;17;1;2;178;
17;17;1;2;198;
17;17;1;2;419;
17;17;1;2;103;
17;17;1;2;411;
17;17;1;2;106;
17;17;1;2;391;
17;17;1;2;68;
17;17;1;2;434;
17;17;1;2;377;
17;17;1;2;261;
17;17;1;2;36;
17;17;1;2;489;
17;17;1;2;485;
17;17;1;2;155;
17;17;1;2;122;
17;17;1;2;429;
17;17;1;2;92;
17;17;1;2;307;
17;17;1;2;55;
17;17;1;2;201;
17;17;1;2;474;
17;17;1;2;223;
17;17;1;2;382;
17;17;1;2;262;
17;17;1;2;309;
17;17;1;2;469;
17;17;1;2;3;
17;17;1;2;320;
17;17;1;2;416;
17;17;1;2;411;
17;17;1;2;324;
17;17;1;2;365;
17;17;1;2;92;
17;17;1;2;277;
17;17;1;2;64;
17;17;1;2;97;
17;17;1;2;255;
17;17;1;2;119;
17;17;1;2;6;
17;17;1;2;325;
1;1;15;367
2;1;2;638
3;1;14;186
4;1;20;605
5;1;9;517
6;1;13;307
7;1;4;725
8;1;12;421
9;1;5;265
10;1;15;205
11;1;10;225
12;1;8;918
13;1;19;814
*** EOF ***