**** 5 ****
50
5;12;1;2;263;
26;8;1;2;279;
28;11;1;2;16;
27;27;1;2;245;
32;22;1;2;517;
26;30;1;2;167;
28;25;1;2;278;
25;21;1;2;330;
24;6;1;2;248;
22;20;1;2;444;
22;22;1;2;145;
31;32;1;2;351;
8;9;1;2;585;
19;16;1;2;71;
11;10;1;2;395;
19;23;1;2;147;
2;14;1;2;384;
16;2;1;2;314;
23;17;1;2;11;
20;3;1;2;13;
26;28;1;2;131;
22;15;1;2;576;
29;4;1;2;580;
5;16;1;2;270;
15;31;1;2;527;
26;8;1;2;458;
30;25;1;2;247;
16;14;1;2;217;
10;3;1;2;133;
27;3;1;2;316;
25;19;1;2;365;
4;11;1;2;548;
10;13;1;2;123;
26;21;1;2;294;
23;26;1;2;24;
18;32;1;2;386;
10;22;1;2;359;
6;24;1;2;440;
2;10;1;2;149;
20;2;1;2;437;
29;25;1;2;63;
20;8;1;2;221;
10;24;1;2;428;
31;9;1;2;74;
31;10;1;2;586;
25;22;1;2;44;
18;7;1;2;149;
27;21;1;2;478;
19;6;1;2;414;
24;4;1;2;245;
1;1;18;1024
2;1;20;489
3;1;4;109
4;1;14;764
5;1;20;555
6;1;20;376
7;1;14;219
8;1;18;247
9;1;7;315
10;1;15;701
11;1;1;527
12;1;13;44
13;1;18;995
*** EOF ***