**** 18 ****
50
15;18;1;2;430;
16;18;1;2;234;
19;19;1;2;450;
16;18;1;2;373;
17;18;1;2;4;
19;17;1;2;279;
16;17;1;2;476;
19;18;1;2;186;
18;16;1;2;467;
19;18;1;2;364;
17;17;1;2;461;
15;15;1;2;312;
17;17;1;2;90;
15;17;1;2;60;
18;19;1;2;160;
19;17;1;2;228;
19;18;1;2;51;
18;16;1;2;85;
15;15;1;2;294;
15;16;1;2;274;
19;19;1;2;311;
19;17;1;2;446;
19;15;1;2;32;
16;17;1;2;476;
18;17;1;2;334;
15;16;1;2;170;
17;19;1;2;91;
15;17;1;2;271;
15;19;1;2;293;
17;18;1;2;353;
17;19;1;2;205;
16;15;1;2;126;
17;15;1;2;109;
15;18;1;2;356;
18;16;1;2;90;
15;16;1;2;410;
17;16;1;2;466;
15;18;1;2;373;
15;18;1;2;405;
19;19;1;2;170;
17;15;1;2;15;
17;19;1;2;314;
18;15;1;2;205;
15;19;1;2;371;
15;16;1;2;453;
18;19;1;2;86;
15;19;1;2;329;
15;19;1;2;220;
15;19;1;2;422;
19;17;1;2;370;
1;1;9;917
2;1;11;671
3;1;9;352
4;1;18;798
5;1;13;424
6;1;20;854
7;1;8;223
8;1;11;134
9;1;4;597
10;1;12;172
11;1;5;452
12;1;5;664
13;1;12;100
*** EOF ***