**** 3 ****
50
15;8;1;2;246;
18;13;1;2;140;
22;23;1;2;78;
25;22;1;2;321;
26;22;1;2;287;
24;22;1;2;486;
10;12;1;2;425;
26;24;1;2;26;
24;19;1;2;16;
11;19;1;2;100;
24;17;1;2;115;
12;27;1;2;44;
11;22;1;2;152;
18;11;1;2;451;
23;11;1;2;457;
23;17;1;2;371;
8;14;1;2;210;
25;20;1;2;427;
17;20;1;2;450;
7;16;1;2;458;
26;10;1;2;106;
27;10;1;2;381;
17;10;1;2;305;
22;8;1;2;279;
7;9;1;2;307;
23;12;1;2;427;
12;23;1;2;273;
26;12;1;2;331;
16;9;1;2;358;
12;8;1;2;21;
16;23;1;2;278;
9;18;1;2;185;
25;27;1;2;297;
21;16;1;2;36;
9;8;1;2;237;
13;27;1;2;211;
10;21;1;2;156;
21;19;1;2;72;
15;16;1;2;219;
18;17;1;2;383;
12;10;1;2;376;
26;11;1;2;181;
9;14;1;2;349;
12;27;1;2;338;
10;9;1;2;241;
15;7;1;2;265;
12;7;1;2;32;
9;14;1;2;24;
16;9;1;2;488;
16;7;1;2;177;
1;1;16;208
2;1;4;247
3;1;19;674
4;1;17;189
5;1;5;788
6;1;1;522
7;1;20;273
8;1;1;707
9;1;15;154
10;1;8;62
11;1;15;572
12;1;19;642
13;1;12;87
*** EOF ***