**** 4 ****
50
17;17;1;2;15;
17;17;1;2;47;
17;17;1;2;392;
17;17;1;2;311;
17;17;1;2;237;
17;17;1;2;307;
17;17;1;2;490;
17;17;1;2;256;
17;17;1;2;448;
17;17;1;2;216;
17;17;1;2;128;
17;17;1;2;80;
17;17;1;2;252;
17;17;1;2;94;
17;17;1;2;352;
17;17;1;2;293;
17;17;1;2;405;
17;17;1;2;350;
17;17;1;2;179;
17;17;1;2;465;
17;17;1;2;157;
17;17;1;2;250;
17;17;1;2;247;
17;17;1;2;28;
17;17;1;2;462;
17;17;1;2;384;
17;17;1;2;211;
17;17;1;2;398;
17;17;1;2;19;
17;17;1;2;85;
17;17;1;2;18;
17;17;1;2;252;
17;17;1;2;264;
17;17;1;2;138;
17;17;1;2;293;
17;17;1;2;224;
17;17;1;2;204;
17;17;1;2;369;
17;17;1;2;320;
17;17;1;2;333;
17;17;1;2;458;
17;17;1;2;393;
17;17;1;2;378;
17;17;1;2;175;
17;17;1;2;132;
17;17;1;2;319;
17;17;1;2;246;
17;17;1;2;215;
17;17;1;2;404;
17;17;1;2;75;
1;1;2;310
2;1;5;722
3;1;15;413
4;1;3;497
5;1;19;379
6;1;13;515
7;1;16;860
8;1;12;220
9;1;6;505
10;1;18;802
11;1;10;741
12;1;13;963
13;1;9;123
*** EOF ***