**** 11 ****
50
25;23;1;2;224;
8;7;1;2;93;
16;22;1;2;365;
7;26;1;2;205;
29;28;1;2;397;
7;21;1;2;103;
16;6;1;2;376;
10;7;1;2;353;
4;21;1;2;251;
5;30;1;2;77;
4;12;1;2;302;
27;26;1;2;51;
9;23;1;2;79;
19;23;1;2;176;
11;23;1;2;185;
26;23;1;2;453;
6;16;1;2;174;
24;24;1;2;75;
14;27;1;2;7;
12;30;1;2;324;
11;8;1;2;34;
10;8;1;2;59;
10;25;1;2;441;
14;4;1;2;135;
23;14;1;2;63;
24;8;1;2;185;
24;30;1;2;400;
15;7;1;2;349;
5;24;1;2;45;
30;19;1;2;420;
16;23;1;2;365;
8;10;1;2;334;
17;16;1;2;424;
18;26;1;2;345;
25;4;1;2;221;
23;22;1;2;43;
29;20;1;2;65;
15;26;1;2;146;
27;28;1;2;436;
12;12;1;2;326;
9;7;1;2;66;
28;27;1;2;294;
19;26;1;2;407;
22;19;1;2;73;
25;13;1;2;320;
23;28;1;2;407;
9;19;1;2;96;
11;17;1;2;411;
12;10;1;2;276;
15;11;1;2;453;
1;1;3;766
2;1;8;911
3;1;16;677
4;1;1;698
5;1;18;631
6;1;16;197
7;1;6;305
8;1;12;829
9;1;4;534
10;1;4;459
11;1;17;90
12;1;4;291
13;1;11;414
*** EOF ***