**** 14 ****
50
17;17;1;2;345;
18;16;1;2;488;
16;17;1;2;342;
17;17;1;2;353;
18;18;1;2;266;
16;17;1;2;369;
17;17;1;2;405;
18;18;1;2;372;
16;18;1;2;492;
18;17;1;2;315;
18;18;1;2;92;
16;18;1;2;288;
18;16;1;2;191;
16;17;1;2;97;
17;18;1;2;280;
18;18;1;2;292;
18;16;1;2;41;
16;17;1;2;341;
17;18;1;2;234;
18;18;1;2;240;
18;17;1;2;467;
17;18;1;2;447;
18;16;1;2;309;
17;16;1;2;274;
17;18;1;2;403;
18;16;1;2;238;
16;17;1;2;145;
18;18;1;2;380;
17;18;1;2;252;
18;16;1;2;140;
16;17;1;2;484;
18;16;1;2;471;
16;17;1;2;390;
16;16;1;2;216;
17;16;1;2;285;
16;18;1;2;409;
18;16;1;2;406;
18;17;1;2;421;
17;16;1;2;179;
16;16;1;2;317;
17;17;1;2;189;
16;16;1;2;342;
18;16;1;2;301;
17;17;1;2;458;
17;18;1;2;118;
16;16;1;2;261;
17;16;1;2;236;
18;17;1;2;296;
18;18;1;2;321;
16;17;1;2;376;
1;1;15;858
2;1;7;128
3;1;10;1011
4;1;13;311
5;1;17;382
6;1;13;241
7;1;13;417
8;1;13;110
9;1;14;164
10;1;18;632
11;1;16;991
12;1;16;672
13;1;8;197
*** EOF ***