**** 15 ****
50
9;23;1;2;33;
18;20;1;2;442;
25;19;1;2;159;
21;23;1;2;367;
19;22;1;2;8;
18;12;1;2;426;
25;24;1;2;51;
22;22;1;2;287;
11;15;1;2;347;
17;22;1;2;374;
15;14;1;2;384;
12;12;1;2;441;
16;24;1;2;232;
20;22;1;2;400;
15;21;1;2;69;
9;23;1;2;436;
20;14;1;2;294;
23;23;1;2;388;
14;25;1;2;172;
21;12;1;2;184;
16;21;1;2;326;
23;12;1;2;91;
19;10;1;2;187;
20;9;1;2;475;
11;21;1;2;78;
15;24;1;2;468;
21;21;1;2;254;
11;9;1;2;182;
23;20;1;2;196;
18;11;1;2;301;
15;9;1;2;91;
9;23;1;2;282;
13;22;1;2;473;
25;17;1;2;171;
16;10;1;2;327;
9;22;1;2;68;
16;23;1;2;334;
23;9;1;2;30;
18;20;1;2;166;
15;12;1;2;142;
16;21;1;2;8;
17;9;1;2;212;
17;13;1;2;245;
16;22;1;2;474;
12;17;1;2;76;
14;15;1;2;407;
20;18;1;2;323;
9;21;1;2;473;
21;20;1;2;441;
22;24;1;2;22;
1;1;1;197
2;1;3;129
3;1;7;572
4;1;1;957
5;1;4;563
6;1;16;887
7;1;9;622
8;1;3;489
9;1;11;331
10;1;12;148
11;1;15;815
12;1;12;596
13;1;14;171
*** EOF ***