**** 5 ****
50
17;17;1;2;287;
17;17;1;2;75;
17;17;1;2;373;
17;17;1;2;28;
17;17;1;2;130;
17;17;1;2;193;
17;17;1;2;168;
17;17;1;2;135;
17;17;1;2;210;
17;17;1;2;115;
17;17;1;2;295;
17;17;1;2;344;
17;17;1;2;300;
17;17;1;2;228;
17;17;1;2;179;
17;17;1;2;345;
17;17;1;2;384;
17;17;1;2;360;
17;17;1;2;355;
17;17;1;2;287;
17;17;1;2;154;
17;17;1;2;424;
17;17;1;2;318;
17;17;1;2;464;
17;17;1;2;22;
17;17;1;2;356;
17;17;1;2;292;
17;17;1;2;410;
17;17;1;2;321;
17;17;1;2;303;
17;17;1;2;428;
17;17;1;2;92;
17;17;1;2;128;
17;17;1;2;14;
17;17;1;2;184;
17;17;1;2;269;
17;17;1;2;231;
17;17;1;2;288;
17;17;1;2;131;
17;17;1;2;134;
17;17;1;2;251;
17;17;1;2;268;
17;17;1;2;84;
17;17;1;2;374;
17;17;1;2;137;
17;17;1;2;464;
17;17;1;2;121;
17;17;1;2;390;
17;17;1;2;256;
17;17;1;2;319;
1;1;17;517
2;1;1;256
3;1;19;543
4;1;10;172
5;1;1;194
6;1;18;907
7;1;13;363
8;1;1;828
9;1;1;953
10;1;10;570
11;1;7;127
12;1;3;244
13;1;17;602
*** EOF ***