**** 14 ****
50
30;25;1;2;221;
4;15;1;2;451;
25;5;1;2;251;
2;12;1;2;440;
26;30;1;2;185;
3;31;1;2;115;
12;14;1;2;213;
19;30;1;2;47;
13;14;1;2;288;
14;19;1;2;13;
2;11;1;2;329;
13;21;1;2;236;
24;26;1;2;255;
12;20;1;2;241;
6;6;1;2;364;
15;9;1;2;36;
27;25;1;2;412;
28;3;1;2;5;
29;14;1;2;246;
24;2;1;2;24;
22;12;1;2;78;
21;26;1;2;259;
30;15;1;2;371;
23;16;1;2;499;
8;5;1;2;452;
21;32;1;2;483;
18;21;1;2;105;
18;22;1;2;161;
7;29;1;2;394;
28;31;1;2;215;
30;10;1;2;483;
31;26;1;2;161;
29;31;1;2;524;
21;30;1;2;315;
25;15;1;2;498;
27;28;1;2;199;
9;11;1;2;391;
20;10;1;2;111;
3;17;1;2;432;
16;22;1;2;476;
11;20;1;2;461;
26;23;1;2;206;
11;2;1;2;495;
20;7;1;2;189;
30;7;1;2;514;
13;21;1;2;234;
31;6;1;2;203;
8;9;1;2;131;
26;24;1;2;9;
5;12;1;2;475;
1;1;7;948
2;1;9;675
3;1;18;798
4;1;9;403
5;1;20;588
6;1;14;568
7;1;10;770
8;1;1;830
9;1;20;1048
10;1;8;252
11;1;6;71
12;1;18;453
13;1;6;1032
*** EOF ***