**** 2 ****
50
14;16;1;2;14;
26;25;1;2;412;
13;15;1;2;113;
19;29;1;2;319;
19;32;1;2;49;
17;24;1;2;333;
31;8;1;2;189;
24;30;1;2;457;
3;16;1;2;93;
19;25;1;2;452;
28;30;1;2;218;
22;26;1;2;254;
16;31;1;2;58;
16;5;1;2;503;
3;30;1;2;348;
20;8;1;2;388;
7;18;1;2;269;
29;11;1;2;75;
14;27;1;2;96;
21;27;1;2;245;
31;24;1;2;38;
27;20;1;2;42;
21;21;1;2;234;
23;18;1;2;181;
21;8;1;2;355;
25;28;1;2;282;
2;28;1;2;181;
14;22;1;2;52;
25;31;1;2;165;
9;3;1;2;96;
31;27;1;2;52;
23;24;1;2;332;
12;23;1;2;229;
6;26;1;2;205;
28;20;1;2;238;
4;25;1;2;135;
17;17;1;2;505;
30;25;1;2;278;
31;15;1;2;59;
18;23;1;2;239;
32;27;1;2;53;
4;10;1;2;349;
17;30;1;2;53;
9;6;1;2;459;
3;5;1;2;207;
20;18;1;2;21;
22;32;1;2;333;
10;13;1;2;440;
13;18;1;2;170;
23;19;1;2;422;
1;1;16;83
2;1;15;293
3;1;3;106
4;1;20;347
5;1;5;690
6;1;10;25
7;1;6;437
8;1;12;193
9;1;18;474
10;1;7;628
11;1;7;653
12;1;18;796
13;1;2;773
*** EOF ***