**** 11 ****
50
11;17;1;2;382;
18;26;1;2;237;
22;27;1;2;177;
7;24;1;2;73;
18;27;1;2;415;
17;17;1;2;213;
16;9;1;2;386;
26;23;1;2;216;
10;8;1;2;288;
26;13;1;2;16;
20;25;1;2;122;
23;22;1;2;117;
13;11;1;2;310;
7;16;1;2;177;
11;20;1;2;187;
7;14;1;2;86;
13;21;1;2;281;
12;20;1;2;208;
16;9;1;2;155;
12;18;1;2;284;
22;9;1;2;100;
11;24;1;2;179;
8;13;1;2;49;
14;15;1;2;241;
8;10;1;2;51;
8;22;1;2;444;
25;8;1;2;62;
14;15;1;2;255;
11;26;1;2;314;
12;25;1;2;116;
7;9;1;2;252;
20;24;1;2;452;
19;16;1;2;47;
26;26;1;2;64;
20;25;1;2;265;
25;18;1;2;220;
15;14;1;2;98;
24;17;1;2;197;
19;8;1;2;13;
13;20;1;2;52;
18;25;1;2;392;
10;14;1;2;132;
12;26;1;2;187;
21;24;1;2;385;
26;16;1;2;384;
18;14;1;2;277;
17;24;1;2;7;
14;21;1;2;169;
19;8;1;2;344;
7;22;1;2;388;
1;1;13;420
2;1;4;413
3;1;6;782
4;1;4;10
5;1;10;171
6;1;20;381
7;1;7;821
8;1;8;582
9;1;20;349
10;1;7;87
11;1;5;691
12;1;18;53
13;1;4;335
*** EOF ***