**** 6 ****
50
19;20;1;2;389;
20;14;1;2;37;
16;14;1;2;43;
17;16;1;2;430;
16;19;1;2;120;
15;14;1;2;33;
18;15;1;2;224;
16;18;1;2;222;
18;20;1;2;76;
18;14;1;2;47;
15;20;1;2;402;
20;19;1;2;106;
15;15;1;2;148;
18;16;1;2;393;
15;20;1;2;114;
18;16;1;2;43;
20;18;1;2;152;
20;19;1;2;47;
14;14;1;2;27;
16;20;1;2;191;
16;17;1;2;41;
15;20;1;2;285;
19;18;1;2;475;
20;14;1;2;284;
14;19;1;2;423;
19;19;1;2;501;
19;16;1;2;197;
18;15;1;2;61;
19;18;1;2;439;
18;15;1;2;192;
20;17;1;2;484;
16;18;1;2;137;
18;14;1;2;34;
19;19;1;2;305;
17;14;1;2;434;
18;15;1;2;217;
19;16;1;2;501;
19;14;1;2;86;
15;14;1;2;494;
15;16;1;2;418;
20;14;1;2;406;
15;14;1;2;218;
17;19;1;2;268;
15;19;1;2;498;
18;20;1;2;6;
15;14;1;2;216;
19;19;1;2;470;
17;14;1;2;368;
19;14;1;2;367;
16;14;1;2;448;
1;1;20;200
2;1;6;882
3;1;14;678
4;1;19;831
5;1;11;414
6;1;9;474
7;1;2;789
8;1;8;10
9;1;14;753
10;1;15;517
11;1;17;723
12;1;3;774
13;1;6;308
*** EOF ***