**** 2 ****
50
16;13;1;2;282;
25;25;1;2;387;
26;28;1;2;317;
6;28;1;2;64;
15;28;1;2;412;
25;20;1;2;362;
12;10;1;2;463;
23;12;1;2;230;
28;25;1;2;318;
18;23;1;2;23;
16;29;1;2;92;
7;30;1;2;442;
17;14;1;2;198;
9;17;1;2;468;
7;23;1;2;170;
12;20;1;2;426;
27;25;1;2;376;
22;20;1;2;458;
18;18;1;2;449;
4;8;1;2;318;
27;4;1;2;424;
13;18;1;2;232;
24;28;1;2;389;
29;11;1;2;207;
17;7;1;2;65;
21;7;1;2;41;
20;12;1;2;240;
5;6;1;2;387;
4;4;1;2;377;
23;25;1;2;244;
6;14;1;2;452;
14;10;1;2;205;
20;8;1;2;346;
19;24;1;2;1;
29;25;1;2;53;
28;9;1;2;216;
10;30;1;2;395;
7;22;1;2;314;
14;25;1;2;69;
12;19;1;2;397;
24;15;1;2;356;
26;5;1;2;322;
12;4;1;2;183;
14;30;1;2;297;
13;12;1;2;58;
18;19;1;2;228;
20;8;1;2;439;
4;18;1;2;365;
10;16;1;2;452;
20;4;1;2;203;
1;1;13;431
2;1;6;602
3;1;17;241
4;1;5;633
5;1;6;52
6;1;5;7
7;1;3;168
8;1;10;62
9;1;9;173
10;1;11;482
11;1;6;536
12;1;20;760
13;1;4;468
*** EOF ***