**** 17 ****
50
16;17;1;2;308;
16;17;1;2;456;
15;17;1;2;42;
18;19;1;2;369;
15;16;1;2;444;
18;18;1;2;472;
19;17;1;2;39;
17;19;1;2;437;
17;19;1;2;123;
17;17;1;2;56;
16;15;1;2;411;
16;17;1;2;331;
18;16;1;2;327;
16;16;1;2;280;
17;19;1;2;85;
16;19;1;2;305;
19;18;1;2;464;
16;15;1;2;385;
15;16;1;2;20;
19;19;1;2;418;
18;16;1;2;488;
17;17;1;2;136;
18;15;1;2;94;
16;19;1;2;474;
18;15;1;2;72;
19;18;1;2;310;
18;19;1;2;199;
17;17;1;2;491;
19;17;1;2;153;
16;15;1;2;90;
16;15;1;2;403;
15;17;1;2;384;
19;18;1;2;16;
16;15;1;2;105;
18;19;1;2;451;
17;18;1;2;136;
19;16;1;2;433;
18;15;1;2;465;
18;18;1;2;322;
15;16;1;2;349;
18;15;1;2;470;
16;19;1;2;3;
16;16;1;2;426;
15;17;1;2;469;
15;19;1;2;85;
17;18;1;2;437;
18;15;1;2;129;
16;16;1;2;492;
15;17;1;2;21;
16;16;1;2;265;
1;1;18;220
2;1;2;486
3;1;15;333
4;1;9;925
5;1;17;43
6;1;15;456
7;1;5;578
8;1;14;654
9;1;9;392
10;1;19;764
11;1;10;306
12;1;15;371
13;1;8;534
*** EOF ***