**** 7 ****
50
25;18;1;2;398;
25;14;1;2;293;
26;23;1;2;496;
11;15;1;2;26;
18;22;1;2;142;
8;25;1;2;63;
14;18;1;2;301;
21;13;1;2;236;
19;22;1;2;261;
25;17;1;2;7;
16;15;1;2;446;
13;14;1;2;155;
16;23;1;2;8;
18;9;1;2;233;
21;22;1;2;338;
25;24;1;2;37;
12;26;1;2;195;
12;15;1;2;8;
25;21;1;2;164;
15;15;1;2;453;
22;22;1;2;147;
21;18;1;2;448;
15;14;1;2;199;
24;22;1;2;147;
9;10;1;2;382;
25;16;1;2;359;
16;12;1;2;404;
17;12;1;2;317;
22;16;1;2;173;
21;10;1;2;424;
9;24;1;2;129;
8;10;1;2;204;
18;15;1;2;511;
11;11;1;2;428;
11;14;1;2;315;
21;10;1;2;453;
16;10;1;2;80;
23;13;1;2;242;
25;11;1;2;293;
26;16;1;2;116;
19;26;1;2;152;
24;8;1;2;427;
21;23;1;2;465;
24;13;1;2;197;
26;25;1;2;179;
8;18;1;2;103;
15;18;1;2;495;
26;22;1;2;302;
11;19;1;2;391;
24;8;1;2;266;
1;1;9;57
2;1;19;153
3;1;2;640
4;1;9;895
5;1;3;786
6;1;18;679
7;1;2;965
8;1;9;84
9;1;20;275
10;1;2;946
11;1;20;1031
12;1;11;252
13;1;2;760
*** EOF ***