**** 16 ****
50
18;20;1;2;175;
18;16;1;2;18;
18;20;1;2;272;
20;17;1;2;304;
20;18;1;2;86;
15;19;1;2;175;
18;16;1;2;137;
15;14;1;2;114;
19;17;1;2;11;
20;19;1;2;64;
14;15;1;2;259;
20;19;1;2;131;
17;20;1;2;242;
15;17;1;2;491;
16;20;1;2;261;
16;16;1;2;246;
18;20;1;2;297;
19;15;1;2;416;
18;16;1;2;311;
17;15;1;2;354;
20;17;1;2;178;
18;18;1;2;195;
15;16;1;2;232;
19;19;1;2;262;
19;20;1;2;412;
15;18;1;2;437;
16;14;1;2;283;
16;14;1;2;298;
15;18;1;2;9;
16;16;1;2;27;
14;20;1;2;475;
18;14;1;2;360;
19;15;1;2;16;
20;20;1;2;318;
17;15;1;2;468;
20;18;1;2;235;
20;20;1;2;474;
20;19;1;2;226;
16;15;1;2;175;
15;15;1;2;206;
14;18;1;2;475;
19;15;1;2;469;
15;18;1;2;94;
16;19;1;2;484;
15;16;1;2;380;
16;18;1;2;120;
16;15;1;2;60;
15;20;1;2;111;
19;19;1;2;72;
20;17;1;2;321;
1;1;20;64
2;1;6;634
3;1;17;101
4;1;9;697
5;1;13;805
6;1;10;866
7;1;14;750
8;1;1;499
9;1;1;976
10;1;8;232
11;1;16;419
12;1;18;551
13;1;3;383
*** EOF ***