**** 13 ****
50
23;13;1;2;365;
20;21;1;2;293;
13;19;1;2;373;
11;21;1;2;408;
16;23;1;2;406;
17;14;1;2;232;
15;14;1;2;239;
23;16;1;2;439;
23;23;1;2;320;
19;20;1;2;411;
17;20;1;2;196;
17;16;1;2;444;
20;12;1;2;250;
23;14;1;2;282;
23;16;1;2;176;
17;23;1;2;165;
12;12;1;2;18;
19;11;1;2;425;
15;17;1;2;512;
23;22;1;2;491;
23;11;1;2;169;
13;12;1;2;43;
17;11;1;2;480;
17;15;1;2;244;
12;11;1;2;397;
23;12;1;2;250;
23;12;1;2;395;
19;21;1;2;146;
13;22;1;2;507;
13;19;1;2;413;
22;23;1;2;445;
23;23;1;2;505;
20;12;1;2;7;
11;21;1;2;52;
21;15;1;2;74;
21;16;1;2;283;
16;20;1;2;141;
21;16;1;2;325;
11;11;1;2;314;
12;20;1;2;446;
23;12;1;2;176;
20;15;1;2;293;
15;21;1;2;91;
22;23;1;2;105;
16;13;1;2;387;
15;14;1;2;456;
22;17;1;2;367;
14;20;1;2;25;
12;19;1;2;241;
13;20;1;2;297;
1;1;7;495
2;1;11;999
3;1;11;968
4;1;18;702
5;1;10;385
6;1;4;365
7;1;19;1039
8;1;18;252
9;1;9;635
10;1;19;400
11;1;18;607
12;1;7;861
13;1;10;749
*** EOF ***