**** 0 ****
50
19;18;1;2;360;
17;19;1;2;278;
18;16;1;2;149;
19;16;1;2;139;
15;16;1;2;377;
16;15;1;2;185;
17;17;1;2;338;
16;18;1;2;103;
18;18;1;2;169;
17;18;1;2;125;
18;19;1;2;484;
17;17;1;2;454;
17;19;1;2;324;
15;16;1;2;89;
16;16;1;2;334;
16;18;1;2;439;
19;17;1;2;398;
18;19;1;2;285;
18;16;1;2;372;
19;19;1;2;68;
18;16;1;2;223;
15;19;1;2;121;
15;16;1;2;246;
17;16;1;2;69;
19;18;1;2;99;
17;15;1;2;325;
15;19;1;2;459;
19;16;1;2;198;
19;17;1;2;213;
19;16;1;2;123;
16;16;1;2;407;
16;17;1;2;445;
16;17;1;2;368;
15;19;1;2;66;
18;16;1;2;97;
18;17;1;2;330;
15;18;1;2;353;
15;19;1;2;468;
17;18;1;2;371;
19;16;1;2;341;
18;18;1;2;5;
17;18;1;2;482;
17;18;1;2;290;
16;15;1;2;93;
18;15;1;2;139;
16;18;1;2;181;
17;17;1;2;319;
17;17;1;2;447;
16;15;1;2;328;
15;15;1;2;452;
1;1;5;472
2;1;6;500
3;1;14;344
4;1;18;672
5;1;19;325
6;1;6;420
7;1;19;217
8;1;5;888
9;1;7;124
10;1;8;917
11;1;18;67
12;1;4;775
13;1;6;903
*** EOF ***