**** 2 ****
50
7;15;1;2;493;
17;23;1;2;181;
27;22;1;2;239;
21;14;1;2;164;
24;11;1;2;112;
11;10;1;2;355;
25;17;1;2;276;
18;28;1;2;216;
12;22;1;2;142;
11;24;1;2;255;
21;26;1;2;198;
16;20;1;2;211;
10;12;1;2;70;
22;22;1;2;16;
15;24;1;2;131;
21;26;1;2;85;
10;21;1;2;145;
9;24;1;2;480;
21;14;1;2;132;
8;28;1;2;124;
7;21;1;2;171;
17;8;1;2;457;
18;6;1;2;402;
8;21;1;2;115;
20;15;1;2;62;
11;22;1;2;119;
14;8;1;2;386;
20;13;1;2;224;
11;15;1;2;131;
8;11;1;2;171;
27;23;1;2;431;
27;22;1;2;16;
15;21;1;2;400;
6;24;1;2;267;
26;8;1;2;1;
28;6;1;2;370;
12;13;1;2;259;
24;24;1;2;212;
25;12;1;2;459;
21;9;1;2;467;
22;12;1;2;114;
27;21;1;2;247;
19;7;1;2;77;
17;26;1;2;148;
10;21;1;2;382;
11;27;1;2;387;
27;24;1;2;316;
27;20;1;2;107;
27;11;1;2;358;
6;17;1;2;19;
1;1;2;675
2;1;8;541
3;1;6;768
4;1;7;262
5;1;11;192
6;1;12;143
7;1;14;116
8;1;20;172
9;1;5;623
10;1;20;988
11;1;3;438
12;1;8;78
13;1;12;222
*** EOF ***