**** 5 ****
50
13;31;1;2;383;
12;21;1;2;243;
19;3;1;2;163;
5;29;1;2;217;
12;31;1;2;461;
7;6;1;2;346;
13;18;1;2;457;
15;12;1;2;388;
24;18;1;2;40;
10;13;1;2;206;
11;30;1;2;17;
29;3;1;2;349;
22;13;1;2;77;
20;8;1;2;490;
29;9;1;2;403;
4;28;1;2;246;
15;23;1;2;331;
18;17;1;2;255;
3;15;1;2;34;
11;23;1;2;26;
18;17;1;2;468;
3;13;1;2;418;
18;25;1;2;335;
5;18;1;2;485;
4;6;1;2;57;
11;6;1;2;161;
18;22;1;2;85;
26;12;1;2;107;
29;4;1;2;408;
12;16;1;2;184;
11;17;1;2;270;
25;18;1;2;139;
19;15;1;2;104;
8;20;1;2;315;
16;11;1;2;133;
15;7;1;2;290;
26;28;1;2;425;
27;30;1;2;152;
17;28;1;2;419;
15;20;1;2;413;
30;17;1;2;423;
30;21;1;2;186;
12;18;1;2;123;
3;7;1;2;15;
27;6;1;2;141;
11;22;1;2;305;
23;6;1;2;472;
31;4;1;2;340;
25;5;1;2;407;
10;19;1;2;229;
1;1;18;949
2;1;18;628
3;1;20;671
4;1;18;760
5;1;19;650
6;1;8;570
7;1;9;104
8;1;12;585
9;1;11;415
10;1;4;379
11;1;20;120
12;1;5;253
13;1;8;735
*** EOF ***