**** 7 ****
50
20;15;1;2;379;
15;18;1;2;22;
17;17;1;2;405;
14;21;1;2;442;
21;21;1;2;392;
21;16;1;2;155;
16;14;1;2;171;
13;16;1;2;401;
17;16;1;2;191;
19;14;1;2;461;
13;18;1;2;343;
15;18;1;2;160;
13;13;1;2;138;
20;16;1;2;319;
16;21;1;2;31;
14;13;1;2;121;
13;18;1;2;297;
17;20;1;2;357;
15;15;1;2;177;
14;13;1;2;312;
16;16;1;2;434;
13;19;1;2;208;
16;15;1;2;365;
13;14;1;2;129;
13;21;1;2;41;
15;20;1;2;344;
13;15;1;2;245;
20;17;1;2;23;
15;15;1;2;147;
19;18;1;2;84;
19;20;1;2;363;
15;17;1;2;29;
15;20;1;2;291;
20;19;1;2;180;
17;16;1;2;174;
20;18;1;2;358;
15;14;1;2;179;
19;16;1;2;315;
19;13;1;2;221;
13;17;1;2;69;
15;20;1;2;211;
15;13;1;2;382;
20;20;1;2;430;
14;14;1;2;233;
21;15;1;2;27;
13;20;1;2;265;
20;19;1;2;142;
18;18;1;2;269;
20;19;1;2;428;
20;19;1;2;363;
1;1;7;679
2;1;17;417
3;1;19;81
4;1;4;249
5;1;14;899
6;1;3;721
7;1;7;384
8;1;8;364
9;1;4;254
10;1;5;488
11;1;13;400
12;1;3;464
13;1;6;571
*** EOF ***