**** 3 ****
50
11;5;1;2;441;
18;13;1;2;274;
14;18;1;2;12;
6;30;1;2;90;
18;25;1;2;82;
24;6;1;2;238;
21;25;1;2;511;
24;11;1;2;56;
17;4;1;2;492;
8;14;1;2;20;
9;13;1;2;329;
19;20;1;2;385;
25;7;1;2;360;
10;10;1;2;432;
24;19;1;2;32;
19;28;1;2;501;
7;12;1;2;387;
27;18;1;2;223;
25;7;1;2;405;
24;28;1;2;111;
18;8;1;2;508;
20;27;1;2;323;
23;7;1;2;201;
17;22;1;2;138;
14;14;1;2;93;
29;15;1;2;354;
14;25;1;2;503;
29;7;1;2;192;
19;21;1;2;173;
15;6;1;2;145;
22;18;1;2;180;
21;17;1;2;405;
30;4;1;2;220;
5;5;1;2;69;
13;4;1;2;357;
30;26;1;2;136;
23;9;1;2;292;
7;10;1;2;319;
9;24;1;2;194;
8;14;1;2;296;
23;22;1;2;246;
19;23;1;2;328;
23;16;1;2;381;
15;21;1;2;363;
15;25;1;2;466;
15;13;1;2;102;
16;12;1;2;386;
8;30;1;2;459;
26;14;1;2;464;
24;11;1;2;438;
1;1;9;577
2;1;18;984
3;1;15;26
4;1;6;159
5;1;5;765
6;1;12;643
7;1;4;269
8;1;1;175
9;1;12;960
10;1;15;1009
11;1;15;909
12;1;14;608
13;1;4;540
*** EOF ***