**** 11 ****
50
22;15;1;2;69;
21;17;1;2;74;
19;22;1;2;76;
21;12;1;2;398;
22;12;1;2;513;
20;13;1;2;370;
19;20;1;2;276;
18;13;1;2;99;
14;17;1;2;81;
20;13;1;2;446;
17;20;1;2;42;
17;15;1;2;147;
19;15;1;2;457;
22;15;1;2;13;
13;20;1;2;205;
22;13;1;2;84;
21;12;1;2;68;
13;16;1;2;175;
21;18;1;2;315;
22;14;1;2;257;
18;16;1;2;413;
22;15;1;2;423;
14;15;1;2;448;
19;12;1;2;228;
14;14;1;2;126;
12;14;1;2;203;
17;12;1;2;478;
16;16;1;2;149;
17;18;1;2;348;
22;14;1;2;74;
15;21;1;2;420;
18;19;1;2;425;
13;20;1;2;320;
17;17;1;2;284;
22;18;1;2;35;
20;16;1;2;33;
21;17;1;2;387;
19;19;1;2;56;
22;21;1;2;270;
18;14;1;2;264;
14;19;1;2;252;
13;16;1;2;84;
18;20;1;2;337;
20;18;1;2;220;
14;22;1;2;36;
19;21;1;2;347;
19;18;1;2;46;
18;19;1;2;36;
17;18;1;2;182;
12;21;1;2;197;
1;1;9;632
2;1;9;417
3;1;13;286
4;1;8;712
5;1;7;154
6;1;4;767
7;1;8;907
8;1;7;1025
9;1;7;114
10;1;12;992
11;1;20;428
12;1;5;848
13;1;14;560
*** EOF ***