**** 11 ****
50
14;13;1;2;337;
12;16;1;2;239;
10;24;1;2;429;
18;21;1;2;337;
12;19;1;2;194;
9;12;1;2;345;
16;17;1;2;98;
10;18;1;2;327;
11;20;1;2;115;
15;21;1;2;418;
23;19;1;2;330;
25;20;1;2;63;
19;14;1;2;425;
12;10;1;2;203;
12;20;1;2;229;
16;13;1;2;293;
17;16;1;2;381;
22;14;1;2;68;
13;21;1;2;331;
14;16;1;2;70;
17;15;1;2;117;
15;16;1;2;304;
14;13;1;2;241;
11;19;1;2;90;
18;19;1;2;403;
21;24;1;2;14;
12;23;1;2;111;
18;12;1;2;107;
11;17;1;2;349;
9;22;1;2;58;
14;13;1;2;265;
11;15;1;2;168;
10;19;1;2;300;
11;14;1;2;247;
10;9;1;2;263;
17;15;1;2;316;
13;23;1;2;42;
21;16;1;2;147;
21;19;1;2;388;
24;15;1;2;224;
16;25;1;2;374;
20;16;1;2;73;
22;15;1;2;16;
14;19;1;2;330;
10;10;1;2;54;
17;17;1;2;271;
25;21;1;2;136;
12;17;1;2;383;
16;18;1;2;424;
18;11;1;2;327;
1;1;10;758
2;1;2;648
3;1;1;572
4;1;10;97
5;1;13;555
6;1;14;527
7;1;19;251
8;1;5;723
9;1;15;781
10;1;5;864
11;1;15;674
12;1;5;187
13;1;15;390
*** EOF ***