**** 2 ****
50
20;23;1;2;425;
24;9;1;2;405;
19;17;1;2;215;
17;19;1;2;213;
11;10;1;2;414;
19;14;1;2;236;
19;16;1;2;237;
20;23;1;2;225;
22;11;1;2;212;
19;14;1;2;442;
16;16;1;2;328;
10;23;1;2;108;
14;18;1;2;189;
24;25;1;2;6;
10;12;1;2;266;
12;22;1;2;268;
13;17;1;2;123;
23;24;1;2;279;
12;17;1;2;16;
12;17;1;2;330;
24;24;1;2;484;
14;14;1;2;221;
13;18;1;2;222;
15;23;1;2;121;
23;18;1;2;110;
25;15;1;2;473;
19;16;1;2;240;
25;12;1;2;322;
11;18;1;2;326;
11;21;1;2;86;
12;23;1;2;483;
10;16;1;2;21;
10;25;1;2;26;
12;14;1;2;351;
17;24;1;2;392;
20;22;1;2;10;
25;21;1;2;65;
10;11;1;2;416;
10;14;1;2;120;
18;17;1;2;195;
25;24;1;2;121;
25;21;1;2;179;
15;23;1;2;195;
13;25;1;2;309;
25;14;1;2;157;
24;15;1;2;231;
21;12;1;2;460;
10;16;1;2;409;
12;16;1;2;163;
13;9;1;2;487;
1;1;15;618
2;1;6;294
3;1;10;37
4;1;18;567
5;1;7;125
6;1;13;516
7;1;5;410
8;1;8;332
9;1;5;645
10;1;9;87
11;1;4;688
12;1;19;62
13;1;17;498
*** EOF ***