**** 6 ****
50
16;16;1;2;45;
18;16;1;2;202;
17;18;1;2;452;
16;16;1;2;385;
16;16;1;2;10;
17;17;1;2;122;
17;17;1;2;143;
17;17;1;2;270;
16;17;1;2;474;
18;18;1;2;89;
17;16;1;2;476;
18;18;1;2;347;
17;17;1;2;186;
17;17;1;2;317;
16;17;1;2;240;
16;18;1;2;334;
18;17;1;2;19;
16;16;1;2;462;
17;16;1;2;319;
18;18;1;2;454;
16;18;1;2;360;
17;16;1;2;135;
16;16;1;2;99;
18;17;1;2;475;
17;17;1;2;179;
17;16;1;2;41;
16;16;1;2;187;
16;17;1;2;275;
16;18;1;2;176;
18;18;1;2;421;
18;18;1;2;371;
17;16;1;2;239;
17;18;1;2;190;
18;18;1;2;390;
17;16;1;2;44;
16;17;1;2;257;
17;16;1;2;398;
16;16;1;2;255;
18;18;1;2;353;
18;18;1;2;388;
16;17;1;2;391;
16;16;1;2;272;
18;18;1;2;445;
17;17;1;2;20;
17;17;1;2;35;
16;16;1;2;54;
16;18;1;2;315;
17;16;1;2;66;
18;17;1;2;432;
18;18;1;2;373;
1;1;2;956
2;1;2;458
3;1;10;663
4;1;2;249
5;1;13;883
6;1;10;50
7;1;15;898
8;1;15;427
9;1;18;26
10;1;10;210
11;1;16;360
12;1;2;681
13;1;7;170
*** EOF ***