**** 17 ****
50
15;19;1;2;11;
14;15;1;2;140;
19;13;1;2;423;
14;20;1;2;111;
18;19;1;2;366;
21;14;1;2;272;
20;19;1;2;227;
17;21;1;2;315;
21;14;1;2;319;
16;21;1;2;383;
14;14;1;2;146;
17;14;1;2;506;
15;17;1;2;362;
17;19;1;2;383;
18;20;1;2;228;
14;21;1;2;149;
13;16;1;2;489;
20;17;1;2;447;
16;18;1;2;184;
20;21;1;2;28;
18;14;1;2;227;
18;19;1;2;128;
15;18;1;2;398;
19;16;1;2;515;
15;18;1;2;164;
13;21;1;2;503;
18;14;1;2;498;
18;19;1;2;401;
14;21;1;2;250;
14;14;1;2;252;
19;19;1;2;21;
13;20;1;2;507;
15;17;1;2;22;
19;16;1;2;2;
18;21;1;2;63;
18;20;1;2;438;
17;19;1;2;149;
19;19;1;2;429;
16;13;1;2;170;
16;14;1;2;188;
19;21;1;2;154;
13;20;1;2;339;
18;16;1;2;55;
15;15;1;2;362;
21;17;1;2;319;
17;15;1;2;17;
20;13;1;2;273;
14;14;1;2;63;
17;15;1;2;406;
21;19;1;2;398;
1;1;11;324
2;1;18;372
3;1;20;1008
4;1;16;61
5;1;10;753
6;1;13;420
7;1;10;354
8;1;14;725
9;1;14;599
10;1;18;80
11;1;7;832
12;1;20;649
13;1;18;549
*** EOF ***