**** 2 ****
50
20;14;1;2;167;
13;18;1;2;288;
13;21;1;2;29;
14;18;1;2;225;
19;17;1;2;129;
19;14;1;2;139;
16;13;1;2;383;
18;13;1;2;240;
17;14;1;2;424;
17;14;1;2;54;
19;14;1;2;345;
16;15;1;2;158;
13;21;1;2;152;
14;21;1;2;410;
19;13;1;2;417;
19;20;1;2;74;
18;21;1;2;466;
16;14;1;2;405;
18;19;1;2;267;
14;18;1;2;213;
20;14;1;2;346;
19;21;1;2;96;
19;15;1;2;267;
17;17;1;2;189;
18;18;1;2;232;
16;17;1;2;449;
17;21;1;2;171;
13;14;1;2;442;
19;13;1;2;239;
17;14;1;2;389;
13;20;1;2;426;
20;18;1;2;452;
16;21;1;2;366;
13;19;1;2;117;
17;14;1;2;116;
15;19;1;2;415;
21;13;1;2;140;
21;20;1;2;418;
19;16;1;2;305;
14;17;1;2;30;
17;17;1;2;291;
13;18;1;2;342;
13;18;1;2;451;
20;15;1;2;260;
16;18;1;2;301;
17;21;1;2;69;
18;19;1;2;203;
14;16;1;2;194;
15;21;1;2;349;
17;18;1;2;254;
1;1;8;68
2;1;9;52
3;1;20;183
4;1;8;773
5;1;10;516
6;1;1;580
7;1;19;269
8;1;7;352
9;1;6;318
10;1;11;300
11;1;12;742
12;1;1;109
13;1;5;923
*** EOF ***