**** 9 ****
50
18;22;1;2;399;
13;16;1;2;68;
22;11;1;2;393;
18;15;1;2;164;
16;22;1;2;327;
14;18;1;2;127;
16;20;1;2;25;
17;13;1;2;397;
17;21;1;2;40;
16;20;1;2;370;
22;19;1;2;308;
20;16;1;2;357;
21;15;1;2;87;
17;18;1;2;222;
12;20;1;2;86;
18;16;1;2;3;
12;17;1;2;181;
12;16;1;2;137;
23;11;1;2;321;
11;17;1;2;476;
14;13;1;2;39;
11;14;1;2;400;
16;12;1;2;117;
14;16;1;2;357;
20;23;1;2;317;
15;23;1;2;238;
18;22;1;2;391;
20;17;1;2;54;
14;12;1;2;203;
20;17;1;2;422;
19;14;1;2;117;
18;21;1;2;219;
22;13;1;2;285;
17;11;1;2;439;
15;22;1;2;38;
12;23;1;2;177;
18;19;1;2;66;
17;17;1;2;462;
11;14;1;2;469;
23;13;1;2;170;
12;20;1;2;145;
21;14;1;2;365;
22;20;1;2;34;
22;13;1;2;389;
17;20;1;2;41;
22;12;1;2;369;
16;11;1;2;493;
22;18;1;2;96;
12;15;1;2;294;
23;22;1;2;219;
1;1;3;823
2;1;17;500
3;1;14;797
4;1;20;466
5;1;4;917
6;1;2;234
7;1;6;947
8;1;20;770
9;1;10;620
10;1;10;361
11;1;10;588
12;1;12;551
13;1;12;241
*** EOF ***