**** 7 ****
50
22;6;1;2;221;
16;5;1;2;209;
19;6;1;2;504;
29;5;1;2;387;
9;9;1;2;102;
16;4;1;2;375;
20;14;1;2;534;
24;16;1;2;456;
9;30;1;2;269;
27;21;1;2;136;
32;32;1;2;455;
7;10;1;2;288;
32;23;1;2;448;
3;5;1;2;8;
12;7;1;2;265;
15;2;1;2;68;
18;9;1;2;137;
16;8;1;2;283;
14;24;1;2;257;
31;7;1;2;299;
31;26;1;2;407;
25;13;1;2;386;
14;8;1;2;425;
25;25;1;2;350;
30;32;1;2;484;
24;15;1;2;96;
27;16;1;2;455;
17;16;1;2;462;
30;11;1;2;46;
10;29;1;2;234;
9;6;1;2;223;
32;8;1;2;259;
4;25;1;2;13;
31;27;1;2;136;
12;5;1;2;97;
15;6;1;2;279;
16;31;1;2;60;
27;24;1;2;179;
21;6;1;2;504;
8;16;1;2;157;
26;3;1;2;195;
9;14;1;2;356;
19;11;1;2;58;
26;32;1;2;8;
27;9;1;2;139;
13;7;1;2;378;
17;27;1;2;522;
13;25;1;2;115;
10;3;1;2;313;
15;2;1;2;502;
1;1;8;991
2;1;14;929
3;1;3;1072
4;1;18;534
5;1;7;417
6;1;1;758
7;1;7;369
8;1;16;733
9;1;13;189
10;1;2;485
11;1;14;1043
12;1;17;229
13;1;11;450
*** EOF ***