**** 18 ****
50
19;15;1;2;429;
12;15;1;2;455;
16;14;1;2;16;
24;10;1;2;293;
12;14;1;2;238;
14;22;1;2;114;
17;10;1;2;404;
24;17;1;2;479;
11;12;1;2;275;
22;12;1;2;104;
20;15;1;2;432;
11;15;1;2;155;
10;10;1;2;433;
14;19;1;2;338;
23;24;1;2;100;
16;23;1;2;118;
15;18;1;2;267;
17;23;1;2;67;
23;19;1;2;338;
22;11;1;2;442;
22;24;1;2;184;
19;24;1;2;138;
17;21;1;2;441;
12;17;1;2;186;
18;23;1;2;79;
23;10;1;2;123;
20;11;1;2;478;
11;18;1;2;415;
22;23;1;2;68;
12;24;1;2;359;
20;12;1;2;340;
18;18;1;2;221;
12;11;1;2;424;
20;19;1;2;422;
10;16;1;2;380;
19;14;1;2;96;
19;14;1;2;331;
15;12;1;2;68;
12;21;1;2;65;
24;12;1;2;376;
22;14;1;2;74;
18;11;1;2;93;
10;15;1;2;157;
16;11;1;2;109;
15;24;1;2;218;
14;13;1;2;454;
14;18;1;2;466;
19;22;1;2;253;
17;16;1;2;455;
10;11;1;2;10;
1;1;7;714
2;1;20;783
3;1;14;846
4;1;16;161
5;1;5;803
6;1;11;502
7;1;8;139
8;1;12;109
9;1;10;534
10;1;11;880
11;1;9;475
12;1;6;450
13;1;4;555
*** EOF ***