**** 18 ****
50
19;14;1;2;416;
21;13;1;2;404;
23;16;1;2;436;
18;25;1;2;485;
4;12;1;2;392;
17;17;1;2;280;
15;15;1;2;260;
14;25;1;2;293;
20;15;1;2;373;
10;20;1;2;181;
26;9;1;2;38;
14;19;1;2;25;
5;7;1;2;405;
23;26;1;2;241;
23;10;1;2;70;
29;10;1;2;17;
25;11;1;2;308;
10;18;1;2;80;
14;12;1;2;201;
9;28;1;2;390;
7;30;1;2;298;
25;21;1;2;24;
17;16;1;2;110;
23;12;1;2;67;
25;22;1;2;135;
8;29;1;2;30;
4;30;1;2;263;
26;15;1;2;101;
21;16;1;2;253;
4;7;1;2;351;
28;4;1;2;132;
14;19;1;2;220;
5;27;1;2;363;
4;7;1;2;102;
13;13;1;2;281;
9;20;1;2;22;
22;21;1;2;406;
29;27;1;2;431;
15;10;1;2;224;
21;17;1;2;53;
22;17;1;2;439;
5;13;1;2;161;
16;11;1;2;103;
5;25;1;2;115;
16;24;1;2;392;
28;16;1;2;210;
27;23;1;2;40;
18;22;1;2;45;
19;24;1;2;130;
28;26;1;2;481;
1;1;17;782
2;1;17;917
3;1;18;324
4;1;2;534
5;1;15;28
6;1;19;649
7;1;2;739
8;1;14;287
9;1;20;742
10;1;18;1006
11;1;16;621
12;1;5;221
13;1;2;839
*** EOF ***