**** 1 ****
50
10;23;1;2;204;
19;9;1;2;468;
13;25;1;2;184;
16;17;1;2;177;
17;9;1;2;274;
10;21;1;2;445;
19;22;1;2;369;
12;18;1;2;410;
18;22;1;2;110;
15;22;1;2;216;
9;22;1;2;208;
22;19;1;2;419;
24;11;1;2;381;
24;13;1;2;48;
23;20;1;2;312;
10;21;1;2;214;
15;19;1;2;145;
20;20;1;2;278;
25;23;1;2;266;
20;10;1;2;465;
10;18;1;2;257;
10;15;1;2;123;
11;12;1;2;229;
16;20;1;2;381;
19;14;1;2;212;
17;17;1;2;296;
23;15;1;2;420;
19;15;1;2;404;
13;20;1;2;51;
20;17;1;2;160;
13;21;1;2;7;
17;22;1;2;376;
17;9;1;2;120;
19;17;1;2;416;
18;15;1;2;175;
11;18;1;2;444;
18;15;1;2;50;
23;24;1;2;42;
23;16;1;2;216;
12;13;1;2;423;
18;15;1;2;378;
24;22;1;2;423;
17;11;1;2;92;
11;14;1;2;159;
10;21;1;2;96;
25;18;1;2;482;
25;15;1;2;390;
22;11;1;2;387;
9;14;1;2;232;
19;19;1;2;368;
1;1;16;247
2;1;6;623
3;1;19;68
4;1;17;705
5;1;11;855
6;1;6;448
7;1;18;750
8;1;12;164
9;1;8;684
10;1;7;472
11;1;14;993
12;1;1;386
13;1;11;456
*** EOF ***