**** 12 ****
50
16;19;1;2;52;
19;18;1;2;24;
16;15;1;2;409;
15;17;1;2;326;
16;16;1;2;136;
18;18;1;2;407;
17;16;1;2;71;
18;17;1;2;30;
19;17;1;2;98;
19;17;1;2;76;
15;16;1;2;258;
15;17;1;2;383;
16;15;1;2;251;
18;15;1;2;442;
15;16;1;2;390;
15;18;1;2;492;
16;15;1;2;162;
15;15;1;2;334;
18;16;1;2;273;
18;19;1;2;323;
17;15;1;2;93;
16;19;1;2;68;
17;15;1;2;344;
16;15;1;2;270;
18;15;1;2;413;
19;18;1;2;204;
17;15;1;2;145;
17;16;1;2;456;
18;19;1;2;34;
18;18;1;2;426;
17;17;1;2;438;
18;17;1;2;207;
17;16;1;2;59;
15;17;1;2;491;
17;15;1;2;489;
17;16;1;2;238;
18;19;1;2;185;
18;15;1;2;227;
17;16;1;2;311;
19;19;1;2;68;
18;18;1;2;323;
16;16;1;2;228;
16;17;1;2;52;
16;17;1;2;373;
16;17;1;2;487;
19;16;1;2;480;
17;19;1;2;232;
18;19;1;2;397;
18;19;1;2;59;
16;19;1;2;160;
1;1;5;483
2;1;13;770
3;1;9;921
4;1;3;50
5;1;2;838
6;1;13;692
7;1;18;335
8;1;4;237
9;1;18;374
10;1;14;198
11;1;19;460
12;1;13;138
13;1;19;168
*** EOF ***