**** 15 ****
50
13;11;1;2;195;
7;9;1;2;346;
8;25;1;2;324;
17;25;1;2;457;
12;17;1;2;389;
16;7;1;2;406;
26;27;1;2;378;
16;25;1;2;170;
24;18;1;2;439;
13;15;1;2;298;
27;17;1;2;58;
14;21;1;2;351;
26;26;1;2;127;
16;26;1;2;275;
15;18;1;2;201;
25;9;1;2;27;
18;26;1;2;326;
25;7;1;2;214;
19;23;1;2;165;
11;21;1;2;272;
24;25;1;2;20;
24;26;1;2;248;
8;14;1;2;494;
12;21;1;2;459;
16;14;1;2;111;
7;12;1;2;363;
22;23;1;2;158;
13;19;1;2;243;
18;15;1;2;423;
8;18;1;2;351;
8;18;1;2;226;
17;11;1;2;266;
17;21;1;2;113;
16;9;1;2;324;
12;20;1;2;484;
26;21;1;2;344;
24;7;1;2;207;
19;19;1;2;10;
20;27;1;2;245;
20;14;1;2;144;
20;27;1;2;78;
13;8;1;2;34;
25;18;1;2;205;
24;10;1;2;270;
15;7;1;2;388;
18;11;1;2;18;
23;8;1;2;126;
27;24;1;2;409;
10;27;1;2;376;
9;22;1;2;72;
1;1;19;243
2;1;7;974
3;1;19;568
4;1;20;296
5;1;2;933
6;1;9;450
7;1;15;383
8;1;6;762
9;1;17;333
10;1;12;658
11;1;18;407
12;1;7;162
13;1;20;74
*** EOF ***