**** 10 ****
50
9;17;1;2;297;
5;30;1;2;303;
23;17;1;2;306;
19;27;1;2;289;
30;29;1;2;62;
19;10;1;2;448;
23;25;1;2;287;
6;21;1;2;445;
9;4;1;2;362;
8;19;1;2;438;
29;29;1;2;283;
22;7;1;2;240;
22;30;1;2;94;
20;13;1;2;369;
6;7;1;2;172;
17;17;1;2;40;
24;23;1;2;213;
20;30;1;2;207;
23;26;1;2;411;
4;23;1;2;240;
18;17;1;2;94;
13;25;1;2;81;
4;7;1;2;385;
21;15;1;2;137;
28;8;1;2;191;
20;21;1;2;426;
18;15;1;2;207;
20;30;1;2;226;
6;6;1;2;285;
19;17;1;2;215;
21;14;1;2;249;
14;24;1;2;200;
4;29;1;2;46;
13;18;1;2;437;
20;23;1;2;165;
6;11;1;2;356;
30;11;1;2;44;
9;12;1;2;84;
7;7;1;2;68;
9;9;1;2;66;
29;5;1;2;266;
6;13;1;2;342;
6;11;1;2;152;
24;25;1;2;265;
24;20;1;2;339;
16;5;1;2;13;
27;26;1;2;77;
7;20;1;2;72;
20;25;1;2;18;
4;23;1;2;253;
1;1;12;394
2;1;20;740
3;1;14;317
4;1;17;434
5;1;5;56
6;1;1;406
7;1;1;463
8;1;6;92
9;1;10;838
10;1;4;797
11;1;2;603
12;1;16;700
13;1;17;236
*** EOF ***