**** 5 ****
50
21;13;1;2;221;
21;22;1;2;439;
19;19;1;2;109;
14;21;1;2;291;
16;16;1;2;143;
21;15;1;2;25;
17;19;1;2;326;
12;16;1;2;468;
16;15;1;2;279;
19;12;1;2;471;
14;22;1;2;28;
14;15;1;2;165;
22;19;1;2;461;
16;16;1;2;320;
15;13;1;2;28;
13;16;1;2;212;
12;16;1;2;397;
15;21;1;2;96;
16;17;1;2;380;
17;14;1;2;118;
21;18;1;2;59;
19;15;1;2;421;
12;21;1;2;116;
22;20;1;2;323;
16;13;1;2;186;
13;21;1;2;354;
18;22;1;2;167;
17;12;1;2;455;
12;19;1;2;62;
15;20;1;2;362;
13;20;1;2;129;
21;18;1;2;276;
22;16;1;2;482;
22;16;1;2;271;
22;22;1;2;338;
16;17;1;2;79;
18;18;1;2;176;
13;13;1;2;227;
15;18;1;2;293;
19;12;1;2;345;
17;16;1;2;222;
22;16;1;2;36;
22;13;1;2;38;
15;13;1;2;96;
17;15;1;2;461;
13;19;1;2;143;
21;14;1;2;310;
14;21;1;2;238;
16;18;1;2;27;
12;18;1;2;150;
1;1;6;94
2;1;19;967
3;1;3;544
4;1;15;914
5;1;1;134
6;1;16;884
7;1;2;578
8;1;11;58
9;1;16;337
10;1;13;740
11;1;12;603
12;1;3;413
13;1;6;225
*** EOF ***