**** 11 ****
50
16;19;1;2;183;
14;17;1;2;407;
16;18;1;2;463;
19;17;1;2;417;
18;18;1;2;249;
15;19;1;2;287;
20;16;1;2;208;
18;15;1;2;2;
14;15;1;2;325;
14;14;1;2;170;
16;20;1;2;212;
18;17;1;2;268;
16;17;1;2;158;
16;16;1;2;326;
17;18;1;2;200;
14;17;1;2;212;
19;18;1;2;166;
15;20;1;2;268;
18;18;1;2;2;
19;18;1;2;157;
15;18;1;2;117;
15;19;1;2;398;
18;16;1;2;320;
16;19;1;2;316;
14;18;1;2;327;
15;20;1;2;393;
19;17;1;2;227;
17;18;1;2;76;
15;14;1;2;427;
18;14;1;2;435;
18;17;1;2;397;
20;19;1;2;354;
14;18;1;2;164;
18;16;1;2;410;
14;20;1;2;465;
16;20;1;2;115;
20;20;1;2;257;
17;17;1;2;136;
15;17;1;2;143;
16;19;1;2;352;
20;19;1;2;68;
19;16;1;2;438;
15;19;1;2;49;
19;18;1;2;435;
16;16;1;2;206;
18;17;1;2;6;
19;16;1;2;118;
18;15;1;2;61;
16;15;1;2;139;
17;19;1;2;443;
1;1;12;94
2;1;13;251
3;1;2;895
4;1;14;629
5;1;19;278
6;1;6;441
7;1;5;272
8;1;12;543
9;1;3;878
10;1;18;807
11;1;1;508
12;1;2;790
13;1;13;326
*** EOF ***