**** 2 ****
50
15;19;1;2;219;
19;12;1;2;469;
15;22;1;2;112;
22;18;1;2;261;
22;20;1;2;358;
14;18;1;2;180;
16;13;1;2;242;
17;16;1;2;343;
18;17;1;2;253;
18;14;1;2;361;
17;12;1;2;438;
14;14;1;2;115;
18;22;1;2;139;
21;21;1;2;169;
21;12;1;2;30;
16;17;1;2;487;
18;14;1;2;306;
19;14;1;2;95;
14;15;1;2;150;
18;17;1;2;138;
12;15;1;2;244;
17;18;1;2;96;
21;15;1;2;291;
12;12;1;2;74;
20;15;1;2;203;
17;15;1;2;3;
16;18;1;2;491;
14;17;1;2;225;
17;15;1;2;355;
16;14;1;2;312;
19;16;1;2;90;
13;14;1;2;140;
21;19;1;2;441;
15;14;1;2;187;
12;19;1;2;296;
19;20;1;2;465;
17;15;1;2;171;
14;18;1;2;239;
21;15;1;2;160;
14;18;1;2;182;
14;22;1;2;498;
17;19;1;2;491;
22;12;1;2;298;
12;18;1;2;344;
21;20;1;2;59;
16;17;1;2;369;
12;14;1;2;161;
17;13;1;2;310;
14;13;1;2;243;
17;12;1;2;92;
1;1;19;888
2;1;9;279
3;1;12;230
4;1;9;942
5;1;5;262
6;1;16;182
7;1;15;373
8;1;19;688
9;1;14;741
10;1;20;557
11;1;6;987
12;1;19;311
13;1;2;288
*** EOF ***