**** 14 ****
50
12;21;1;2;138;
21;23;1;2;151;
15;21;1;2;480;
19;14;1;2;382;
20;23;1;2;191;
20;22;1;2;480;
12;19;1;2;393;
13;11;1;2;126;
11;13;1;2;336;
12;11;1;2;155;
13;12;1;2;128;
15;20;1;2;54;
14;17;1;2;439;
17;20;1;2;278;
20;20;1;2;231;
23;22;1;2;121;
14;19;1;2;102;
14;11;1;2;238;
18;13;1;2;351;
15;19;1;2;336;
17;12;1;2;481;
23;16;1;2;237;
20;23;1;2;39;
14;15;1;2;175;
19;17;1;2;119;
21;16;1;2;79;
19;12;1;2;107;
19;11;1;2;283;
18;20;1;2;227;
23;19;1;2;3;
12;12;1;2;145;
20;13;1;2;468;
18;19;1;2;160;
12;11;1;2;63;
22;19;1;2;320;
19;11;1;2;271;
23;17;1;2;186;
16;19;1;2;188;
16;11;1;2;224;
19;19;1;2;74;
14;19;1;2;48;
20;12;1;2;346;
22;18;1;2;367;
15;11;1;2;56;
15;16;1;2;137;
15;23;1;2;328;
20;22;1;2;130;
21;13;1;2;203;
13;20;1;2;429;
14;23;1;2;120;
1;1;4;979
2;1;5;535
3;1;15;444
4;1;1;359
5;1;18;950
6;1;19;837
7;1;4;241
8;1;20;35
9;1;20;337
10;1;20;122
11;1;3;218
12;1;12;173
13;1;13;104
*** EOF ***