**** 1 ****
50
10;7;1;2;55;
26;13;1;2;410;
7;11;1;2;194;
13;22;1;2;300;
16;24;1;2;206;
29;10;1;2;135;
22;7;1;2;384;
26;8;1;2;187;
22;10;1;2;328;
6;11;1;2;488;
17;18;1;2;295;
22;29;1;2;431;
23;18;1;2;68;
27;16;1;2;373;
24;8;1;2;241;
27;24;1;2;64;
6;20;1;2;177;
10;19;1;2;485;
27;19;1;2;15;
26;8;1;2;479;
9;9;1;2;218;
7;19;1;2;413;
5;8;1;2;180;
19;25;1;2;478;
29;23;1;2;478;
22;17;1;2;402;
27;26;1;2;415;
15;8;1;2;220;
18;7;1;2;221;
25;20;1;2;17;
14;23;1;2;174;
28;16;1;2;4;
17;11;1;2;475;
11;23;1;2;365;
12;11;1;2;489;
12;29;1;2;341;
19;28;1;2;298;
7;28;1;2;221;
6;22;1;2;254;
20;29;1;2;260;
7;27;1;2;262;
18;9;1;2;297;
18;24;1;2;68;
12;5;1;2;195;
12;27;1;2;85;
15;18;1;2;428;
14;18;1;2;376;
5;27;1;2;387;
9;9;1;2;371;
18;8;1;2;109;
1;1;11;236
2;1;11;567
3;1;14;694
4;1;3;687
5;1;12;911
6;1;18;623
7;1;14;549
8;1;15;953
9;1;9;731
10;1;4;972
11;1;14;828
12;1;8;368
13;1;9;803
*** EOF ***