**** 16 ****
50
8;28;1;2;333;
26;21;1;2;329;
14;18;1;2;345;
9;23;1;2;155;
15;7;1;2;325;
17;24;1;2;451;
26;19;1;2;103;
7;17;1;2;12;
13;25;1;2;296;
24;7;1;2;321;
16;18;1;2;467;
22;18;1;2;156;
26;15;1;2;198;
19;24;1;2;214;
12;23;1;2;5;
21;23;1;2;277;
7;13;1;2;145;
24;11;1;2;54;
28;11;1;2;25;
7;11;1;2;77;
21;9;1;2;123;
28;24;1;2;178;
12;18;1;2;305;
27;9;1;2;51;
9;25;1;2;342;
7;23;1;2;317;
11;7;1;2;430;
10;27;1;2;331;
12;26;1;2;332;
28;23;1;2;179;
10;27;1;2;108;
24;7;1;2;132;
6;22;1;2;245;
18;10;1;2;343;
22;11;1;2;296;
12;9;1;2;220;
17;7;1;2;389;
23;15;1;2;247;
9;20;1;2;321;
15;21;1;2;214;
6;7;1;2;86;
10;10;1;2;53;
9;10;1;2;400;
6;8;1;2;122;
18;12;1;2;34;
18;19;1;2;308;
25;8;1;2;429;
26;28;1;2;368;
21;18;1;2;95;
25;28;1;2;127;
1;1;7;251
2;1;8;524
3;1;1;596
4;1;20;465
5;1;12;320
6;1;6;101
7;1;1;904
8;1;3;230
9;1;3;820
10;1;10;171
11;1;18;28
12;1;17;361
13;1;4;802
*** EOF ***