**** 1 ****
50
18;9;1;2;126;
5;30;1;2;331;
30;11;1;2;87;
8;32;1;2;398;
14;18;1;2;307;
15;23;1;2;399;
23;26;1;2;415;
29;11;1;2;108;
15;2;1;2;27;
17;21;1;2;43;
11;29;1;2;379;
3;3;1;2;229;
15;6;1;2;197;
12;3;1;2;228;
28;6;1;2;18;
14;5;1;2;4;
28;27;1;2;278;
23;16;1;2;110;
31;22;1;2;308;
22;17;1;2;46;
30;3;1;2;462;
6;6;1;2;440;
24;17;1;2;318;
5;22;1;2;386;
7;12;1;2;85;
21;24;1;2;41;
16;11;1;2;275;
13;20;1;2;352;
5;21;1;2;468;
25;16;1;2;357;
5;31;1;2;219;
12;25;1;2;349;
5;26;1;2;163;
9;21;1;2;178;
9;24;1;2;59;
29;17;1;2;358;
8;32;1;2;405;
27;17;1;2;313;
10;25;1;2;64;
11;14;1;2;354;
11;21;1;2;167;
25;27;1;2;47;
3;18;1;2;431;
27;3;1;2;241;
9;18;1;2;284;
7;31;1;2;351;
12;17;1;2;325;
10;10;1;2;332;
9;2;1;2;334;
30;24;1;2;197;
1;1;5;240
2;1;17;865
3;1;17;522
4;1;17;794
5;1;4;916
6;1;13;899
7;1;1;763
8;1;19;308
9;1;11;282
10;1;13;885
11;1;5;851
12;1;18;184
13;1;18;373
*** EOF ***