**** 12 ****
50
15;21;1;2;158;
20;14;1;2;424;
14;14;1;2;43;
14;17;1;2;291;
18;19;1;2;335;
16;13;1;2;24;
19;21;1;2;381;
21;15;1;2;332;
14;15;1;2;420;
17;20;1;2;352;
20;20;1;2;421;
14;19;1;2;148;
16;15;1;2;259;
14;19;1;2;241;
13;17;1;2;159;
14;21;1;2;99;
13;18;1;2;208;
14;14;1;2;119;
13;16;1;2;323;
21;21;1;2;216;
15;14;1;2;127;
21;17;1;2;324;
21;13;1;2;74;
19;14;1;2;112;
21;13;1;2;227;
18;20;1;2;154;
13;19;1;2;102;
21;17;1;2;430;
14;18;1;2;218;
18;19;1;2;152;
19;13;1;2;165;
20;20;1;2;270;
18;20;1;2;457;
15;19;1;2;444;
14;17;1;2;72;
19;18;1;2;174;
15;20;1;2;287;
14;19;1;2;346;
18;13;1;2;359;
17;18;1;2;216;
14;18;1;2;57;
20;17;1;2;411;
13;21;1;2;333;
18;15;1;2;212;
15;16;1;2;333;
15;14;1;2;378;
17;21;1;2;42;
16;14;1;2;463;
13;14;1;2;76;
17;17;1;2;383;
1;1;1;559
2;1;15;397
3;1;9;723
4;1;5;381
5;1;10;516
6;1;1;181
7;1;4;244
8;1;3;321
9;1;20;112
10;1;6;814
11;1;5;132
12;1;20;632
13;1;15;46
*** EOF ***