**** 1 ****
50
28;6;1;2;304;
9;17;1;2;377;
14;22;1;2;215;
25;10;1;2;288;
19;18;1;2;13;
9;23;1;2;105;
26;23;1;2;296;
17;26;1;2;356;
22;16;1;2;325;
15;22;1;2;463;
22;19;1;2;65;
12;12;1;2;475;
21;24;1;2;490;
16;27;1;2;398;
19;27;1;2;428;
17;16;1;2;361;
10;17;1;2;78;
9;26;1;2;358;
28;12;1;2;198;
13;28;1;2;75;
26;21;1;2;483;
22;15;1;2;236;
9;7;1;2;140;
16;17;1;2;33;
18;25;1;2;52;
7;14;1;2;436;
28;18;1;2;266;
19;19;1;2;223;
25;17;1;2;59;
9;20;1;2;28;
19;26;1;2;131;
13;12;1;2;420;
11;6;1;2;173;
12;27;1;2;143;
9;24;1;2;206;
16;26;1;2;250;
28;23;1;2;460;
17;9;1;2;437;
27;26;1;2;121;
24;14;1;2;6;
24;10;1;2;33;
23;26;1;2;37;
10;26;1;2;26;
24;28;1;2;193;
20;15;1;2;186;
13;28;1;2;316;
26;9;1;2;345;
11;25;1;2;129;
15;26;1;2;91;
9;11;1;2;98;
1;1;12;402
2;1;7;600
3;1;6;989
4;1;1;554
5;1;17;254
6;1;18;668
7;1;15;369
8;1;3;744
9;1;2;686
10;1;8;143
11;1;5;890
12;1;19;967
13;1;1;487
*** EOF ***