**** 8 ****
50
15;18;1;2;298;
17;18;1;2;357;
17;17;1;2;330;
16;17;1;2;447;
16;19;1;2;434;
16;18;1;2;135;
15;16;1;2;369;
18;16;1;2;72;
18;15;1;2;335;
18;16;1;2;456;
17;15;1;2;1;
19;19;1;2;301;
15;19;1;2;54;
19;16;1;2;337;
16;16;1;2;109;
16;17;1;2;7;
17;18;1;2;348;
17;18;1;2;144;
16;19;1;2;342;
15;16;1;2;226;
16;18;1;2;323;
15;17;1;2;260;
15;16;1;2;165;
17;17;1;2;240;
15;18;1;2;251;
18;15;1;2;63;
15;15;1;2;452;
16;17;1;2;482;
15;17;1;2;112;
16;16;1;2;244;
17;18;1;2;278;
18;15;1;2;293;
16;15;1;2;140;
16;18;1;2;223;
15;19;1;2;155;
19;15;1;2;305;
19;17;1;2;450;
15;18;1;2;341;
18;16;1;2;431;
17;18;1;2;63;
15;19;1;2;476;
16;18;1;2;197;
18;17;1;2;132;
16;15;1;2;245;
17;15;1;2;345;
16;19;1;2;408;
16;18;1;2;149;
19;16;1;2;86;
19;19;1;2;204;
15;16;1;2;177;
1;1;15;290
2;1;19;357
3;1;6;178
4;1;6;189
5;1;19;540
6;1;6;309
7;1;2;597
8;1;8;156
9;1;17;241
10;1;13;461
11;1;7;718
12;1;12;519
13;1;7;327
*** EOF ***