**** 4 ****
50
17;18;1;2;323;
17;18;1;2;314;
18;16;1;2;36;
18;18;1;2;25;
16;18;1;2;300;
17;18;1;2;111;
17;17;1;2;68;
18;16;1;2;357;
17;17;1;2;23;
17;16;1;2;81;
16;18;1;2;298;
17;17;1;2;163;
17;18;1;2;33;
18;18;1;2;346;
18;18;1;2;3;
17;16;1;2;306;
17;17;1;2;190;
16;17;1;2;457;
17;16;1;2;36;
18;17;1;2;136;
16;17;1;2;173;
16;16;1;2;486;
17;18;1;2;211;
17;17;1;2;212;
18;18;1;2;16;
18;18;1;2;150;
18;18;1;2;19;
17;18;1;2;299;
16;16;1;2;153;
16;16;1;2;89;
16;18;1;2;143;
18;17;1;2;471;
18;17;1;2;43;
17;17;1;2;98;
16;17;1;2;373;
18;16;1;2;59;
17;18;1;2;241;
18;17;1;2;104;
16;16;1;2;380;
18;16;1;2;338;
16;16;1;2;399;
16;17;1;2;447;
16;18;1;2;115;
18;16;1;2;42;
16;16;1;2;244;
16;18;1;2;218;
18;17;1;2;118;
18;18;1;2;27;
17;17;1;2;412;
16;16;1;2;331;
1;1;3;49
2;1;20;309
3;1;9;572
4;1;11;396
5;1;15;438
6;1;8;501
7;1;1;141
8;1;13;712
9;1;15;72
10;1;2;965
11;1;18;236
12;1;1;696
13;1;7;473
*** EOF ***