**** 0 ****
50
17;17;1;2;286;
17;17;1;2;443;
17;17;1;2;169;
17;17;1;2;317;
17;17;1;2;43;
17;17;1;2;177;
17;17;1;2;471;
17;17;1;2;394;
17;17;1;2;39;
17;17;1;2;203;
17;17;1;2;129;
17;17;1;2;9;
17;17;1;2;109;
17;17;1;2;150;
17;17;1;2;195;
17;17;1;2;51;
17;17;1;2;39;
17;17;1;2;206;
17;17;1;2;397;
17;17;1;2;467;
17;17;1;2;280;
17;17;1;2;474;
17;17;1;2;169;
17;17;1;2;17;
17;17;1;2;131;
17;17;1;2;484;
17;17;1;2;20;
17;17;1;2;470;
17;17;1;2;233;
17;17;1;2;455;
17;17;1;2;300;
17;17;1;2;496;
17;17;1;2;170;
17;17;1;2;34;
17;17;1;2;220;
17;17;1;2;369;
17;17;1;2;289;
17;17;1;2;346;
17;17;1;2;48;
17;17;1;2;11;
17;17;1;2;263;
17;17;1;2;75;
17;17;1;2;218;
17;17;1;2;363;
17;17;1;2;7;
17;17;1;2;242;
17;17;1;2;109;
17;17;1;2;185;
17;17;1;2;372;
17;17;1;2;280;
1;1;13;670
2;1;6;787
3;1;14;939
4;1;9;776
5;1;19;854
6;1;6;98
7;1;9;567
8;1;13;879
9;1;18;519
10;1;20;635
11;1;12;306
12;1;20;578
13;1;12;359
*** EOF ***