**** 1 ****
50
16;16;1;2;71;
20;16;1;2;430;
20;16;1;2;184;
20;15;1;2;347;
19;22;1;2;251;
13;16;1;2;130;
15;21;1;2;116;
14;14;1;2;11;
20;19;1;2;454;
18;21;1;2;201;
16;19;1;2;305;
21;14;1;2;460;
21;19;1;2;363;
20;17;1;2;305;
15;20;1;2;235;
13;15;1;2;407;
17;22;1;2;400;
13;20;1;2;271;
22;15;1;2;196;
12;21;1;2;107;
22;12;1;2;101;
12;15;1;2;489;
17;21;1;2;307;
20;22;1;2;398;
18;15;1;2;108;
17;14;1;2;492;
18;20;1;2;451;
22;14;1;2;355;
16;15;1;2;13;
20;18;1;2;169;
19;21;1;2;291;
15;19;1;2;399;
18;17;1;2;309;
13;21;1;2;460;
16;19;1;2;274;
17;19;1;2;426;
16;17;1;2;249;
14;21;1;2;341;
18;22;1;2;188;
16;14;1;2;268;
13;15;1;2;99;
22;22;1;2;197;
17;12;1;2;334;
13;13;1;2;47;
18;21;1;2;128;
20;22;1;2;271;
14;22;1;2;382;
13;22;1;2;25;
17;12;1;2;62;
18;20;1;2;245;
1;1;12;760
2;1;2;170
3;1;4;955
4;1;4;229
5;1;16;455
6;1;20;858
7;1;7;736
8;1;14;236
9;1;20;706
10;1;2;978
11;1;11;659
12;1;20;113
13;1;5;896
*** EOF ***