**** 11 ****
50
17;17;1;2;66;
17;17;1;2;81;
17;17;1;2;444;
17;17;1;2;112;
17;17;1;2;303;
17;17;1;2;103;
17;17;1;2;24;
17;17;1;2;176;
17;17;1;2;422;
17;17;1;2;64;
17;17;1;2;225;
17;17;1;2;359;
17;17;1;2;168;
17;17;1;2;470;
17;17;1;2;396;
17;17;1;2;214;
17;17;1;2;466;
17;17;1;2;143;
17;17;1;2;198;
17;17;1;2;322;
17;17;1;2;311;
17;17;1;2;264;
17;17;1;2;59;
17;17;1;2;403;
17;17;1;2;91;
17;17;1;2;187;
17;17;1;2;165;
17;17;1;2;41;
17;17;1;2;50;
17;17;1;2;381;
17;17;1;2;481;
17;17;1;2;186;
17;17;1;2;15;
17;17;1;2;165;
17;17;1;2;370;
17;17;1;2;393;
17;17;1;2;97;
17;17;1;2;4;
17;17;1;2;154;
17;17;1;2;36;
17;17;1;2;389;
17;17;1;2;271;
17;17;1;2;178;
17;17;1;2;483;
17;17;1;2;235;
17;17;1;2;327;
17;17;1;2;111;
17;17;1;2;307;
17;17;1;2;4;
17;17;1;2;383;
1;1;8;394
2;1;19;517
3;1;8;600
4;1;2;791
5;1;14;954
6;1;19;692
7;1;13;755
8;1;9;890
9;1;10;843
10;1;12;54
11;1;1;361
12;1;1;260
13;1;1;350
*** EOF ***