**** 8 ****
50
15;14;1;2;9;
11;23;1;2;375;
16;22;1;2;107;
18;15;1;2;67;
23;22;1;2;36;
11;17;1;2;215;
18;21;1;2;447;
18;16;1;2;322;
16;11;1;2;165;
16;23;1;2;300;
17;11;1;2;10;
17;14;1;2;190;
19;14;1;2;262;
13;15;1;2;28;
20;12;1;2;443;
21;17;1;2;310;
14;15;1;2;258;
21;22;1;2;348;
20;11;1;2;213;
18;15;1;2;488;
16;23;1;2;476;
14;18;1;2;46;
15;21;1;2;173;
19;20;1;2;229;
21;16;1;2;188;
12;15;1;2;26;
18;19;1;2;260;
13;12;1;2;46;
23;15;1;2;182;
12;11;1;2;50;
23;14;1;2;140;
22;21;1;2;30;
17;14;1;2;95;
14;11;1;2;404;
11;14;1;2;72;
19;19;1;2;175;
19;16;1;2;108;
17;22;1;2;277;
19;14;1;2;398;
21;15;1;2;4;
16;18;1;2;48;
16;13;1;2;51;
11;22;1;2;1;
11;14;1;2;223;
16;21;1;2;46;
12;11;1;2;327;
16;16;1;2;344;
14;16;1;2;394;
23;23;1;2;28;
12;21;1;2;206;
1;1;7;513
2;1;2;596
3;1;15;888
4;1;18;553
5;1;9;26
6;1;19;230
7;1;15;457
8;1;16;91
9;1;9;283
10;1;17;807
11;1;14;740
12;1;2;434
13;1;12;269
*** EOF ***