**** 10 ****
50
23;21;1;2;451;
7;21;1;2;320;
14;13;1;2;348;
18;14;1;2;58;
13;9;1;2;65;
19;22;1;2;23;
22;20;1;2;374;
10;16;1;2;429;
25;26;1;2;461;
18;8;1;2;397;
21;15;1;2;318;
27;14;1;2;365;
26;13;1;2;483;
24;26;1;2;341;
9;18;1;2;407;
24;11;1;2;475;
15;20;1;2;128;
9;8;1;2;253;
23;21;1;2;431;
20;14;1;2;468;
25;10;1;2;469;
9;14;1;2;89;
22;14;1;2;393;
9;14;1;2;425;
9;26;1;2;173;
15;11;1;2;142;
12;23;1;2;88;
7;18;1;2;265;
8;12;1;2;140;
19;21;1;2;91;
16;26;1;2;374;
11;17;1;2;136;
14;20;1;2;205;
13;17;1;2;389;
16;15;1;2;227;
27;16;1;2;138;
23;23;1;2;72;
17;22;1;2;107;
25;11;1;2;117;
16;19;1;2;61;
19;9;1;2;219;
26;21;1;2;240;
12;18;1;2;142;
9;8;1;2;10;
16;11;1;2;471;
26;11;1;2;450;
16;22;1;2;37;
16;21;1;2;128;
22;9;1;2;87;
7;10;1;2;430;
1;1;13;341
2;1;2;834
3;1;9;873
4;1;12;582
5;1;18;700
6;1;14;528
7;1;4;195
8;1;6;631
9;1;12;232
10;1;2;494
11;1;17;408
12;1;18;757
13;1;9;843
*** EOF ***