**** 4 ****
50
16;19;1;2;90;
19;19;1;2;333;
18;15;1;2;228;
17;17;1;2;346;
18;19;1;2;157;
16;16;1;2;328;
17;15;1;2;178;
18;16;1;2;382;
19;15;1;2;155;
17;15;1;2;191;
15;19;1;2;368;
16;16;1;2;380;
16;19;1;2;47;
16;15;1;2;47;
17;18;1;2;328;
17;18;1;2;339;
15;18;1;2;58;
19;17;1;2;370;
17;16;1;2;95;
18;18;1;2;86;
16;17;1;2;410;
15;15;1;2;411;
18;17;1;2;447;
19;17;1;2;97;
17;19;1;2;345;
17;17;1;2;305;
17;18;1;2;148;
18;19;1;2;239;
15;17;1;2;8;
16;15;1;2;138;
17;19;1;2;133;
15;18;1;2;451;
18;16;1;2;122;
16;19;1;2;264;
15;17;1;2;343;
15;16;1;2;163;
18;16;1;2;317;
16;18;1;2;346;
15;17;1;2;261;
15;16;1;2;471;
16;19;1;2;186;
17;15;1;2;46;
16;18;1;2;35;
17;15;1;2;305;
18;17;1;2;390;
19;16;1;2;306;
15;16;1;2;61;
15;17;1;2;309;
15;16;1;2;120;
19;17;1;2;406;
1;1;6;668
2;1;16;327
3;1;11;222
4;1;10;629
5;1;3;789
6;1;12;743
7;1;5;173
8;1;5;412
9;1;8;284
10;1;8;420
11;1;9;502
12;1;5;704
13;1;17;251
*** EOF ***