**** 7 ****
50
8;30;1;2;323;
20;15;1;2;148;
27;6;1;2;414;
14;29;1;2;241;
16;18;1;2;144;
21;13;1;2;450;
26;13;1;2;48;
19;27;1;2;19;
24;24;1;2;214;
4;21;1;2;266;
16;25;1;2;38;
7;9;1;2;228;
21;22;1;2;323;
15;21;1;2;214;
13;18;1;2;101;
15;8;1;2;26;
15;23;1;2;399;
8;15;1;2;143;
22;16;1;2;61;
19;6;1;2;350;
22;6;1;2;67;
23;12;1;2;260;
29;7;1;2;429;
19;14;1;2;395;
16;19;1;2;406;
19;16;1;2;191;
11;19;1;2;120;
20;30;1;2;238;
30;20;1;2;250;
9;8;1;2;466;
9;9;1;2;358;
20;6;1;2;431;
25;5;1;2;214;
19;25;1;2;366;
10;10;1;2;296;
29;7;1;2;406;
23;18;1;2;10;
10;27;1;2;168;
9;18;1;2;164;
7;26;1;2;441;
10;4;1;2;46;
13;7;1;2;447;
30;26;1;2;285;
5;11;1;2;9;
9;11;1;2;241;
19;11;1;2;179;
9;4;1;2;320;
15;30;1;2;262;
10;23;1;2;379;
19;30;1;2;463;
1;1;11;834
2;1;13;774
3;1;1;567
4;1;6;195
5;1;9;319
6;1;8;24
7;1;17;47
8;1;18;100
9;1;7;282
10;1;9;700
11;1;18;736
12;1;10;896
13;1;13;456
*** EOF ***