**** 10 ****
50
3;30;1;2;445;
9;15;1;2;143;
12;11;1;2;142;
29;22;1;2;388;
24;5;1;2;109;
9;24;1;2;419;
6;9;1;2;307;
20;13;1;2;29;
21;28;1;2;458;
9;13;1;2;425;
13;15;1;2;393;
5;21;1;2;163;
14;25;1;2;414;
16;27;1;2;1;
20;25;1;2;24;
14;17;1;2;254;
11;14;1;2;379;
4;4;1;2;98;
8;26;1;2;471;
22;18;1;2;173;
29;29;1;2;96;
3;15;1;2;207;
29;4;1;2;304;
12;24;1;2;458;
4;27;1;2;182;
30;19;1;2;192;
7;31;1;2;260;
24;24;1;2;439;
28;5;1;2;153;
24;28;1;2;306;
11;10;1;2;474;
26;24;1;2;178;
8;18;1;2;234;
21;7;1;2;246;
13;8;1;2;151;
10;27;1;2;231;
9;30;1;2;399;
20;27;1;2;360;
29;20;1;2;204;
28;5;1;2;141;
26;17;1;2;399;
29;8;1;2;3;
4;5;1;2;189;
15;14;1;2;393;
9;17;1;2;78;
27;12;1;2;7;
10;30;1;2;461;
3;18;1;2;366;
23;22;1;2;74;
21;31;1;2;298;
1;1;8;862
2;1;19;323
3;1;17;435
4;1;18;66
5;1;14;179
6;1;4;250
7;1;20;808
8;1;9;926
9;1;1;306
10;1;1;686
11;1;9;907
12;1;17;949
13;1;20;37
*** EOF ***