**** 1 ****
50
16;19;1;2;4;
19;16;1;2;394;
17;18;1;2;47;
19;15;1;2;142;
15;18;1;2;178;
19;17;1;2;24;
18;15;1;2;170;
16;15;1;2;189;
16;16;1;2;124;
15;19;1;2;291;
15;18;1;2;426;
18;18;1;2;21;
19;15;1;2;149;
16;15;1;2;35;
18;17;1;2;410;
15;18;1;2;449;
17;19;1;2;47;
16;16;1;2;92;
15;19;1;2;106;
15;18;1;2;166;
15;16;1;2;55;
19;15;1;2;52;
19;19;1;2;28;
19;19;1;2;187;
16;18;1;2;111;
16;19;1;2;254;
18;16;1;2;275;
17;18;1;2;230;
19;18;1;2;390;
18;16;1;2;321;
15;18;1;2;41;
19;17;1;2;111;
19;17;1;2;180;
15;19;1;2;421;
15;19;1;2;157;
15;19;1;2;204;
15;17;1;2;110;
19;15;1;2;246;
16;18;1;2;309;
16;15;1;2;238;
17;16;1;2;453;
17;19;1;2;340;
16;19;1;2;316;
15;16;1;2;63;
15;18;1;2;3;
15;18;1;2;340;
18;18;1;2;70;
17;19;1;2;126;
19;19;1;2;47;
15;16;1;2;100;
1;1;3;435
2;1;7;488
3;1;7;683
4;1;15;571
5;1;1;698
6;1;4;258
7;1;3;733
8;1;3;515
9;1;14;141
10;1;9;710
11;1;5;426
12;1;9;346
13;1;10;101
*** EOF ***