**** 6 ****
50
13;15;1;2;252;
18;13;1;2;388;
23;21;1;2;282;
16;21;1;2;100;
15;23;1;2;155;
14;13;1;2;175;
17;13;1;2;37;
21;13;1;2;473;
23;22;1;2;381;
19;18;1;2;282;
14;22;1;2;243;
15;21;1;2;31;
11;23;1;2;187;
22;19;1;2;459;
23;14;1;2;20;
18;23;1;2;57;
15;23;1;2;408;
15;11;1;2;109;
18;14;1;2;350;
11;22;1;2;166;
20;12;1;2;237;
18;22;1;2;107;
15;17;1;2;411;
12;18;1;2;278;
23;18;1;2;131;
19;13;1;2;400;
16;13;1;2;251;
13;17;1;2;113;
19;11;1;2;271;
12;19;1;2;221;
20;17;1;2;23;
20;20;1;2;72;
22;18;1;2;191;
16;22;1;2;393;
15;21;1;2;255;
21;17;1;2;93;
17;14;1;2;261;
12;22;1;2;144;
13;16;1;2;55;
19;18;1;2;202;
12;11;1;2;232;
17;16;1;2;471;
12;15;1;2;320;
22;14;1;2;266;
19;11;1;2;62;
23;16;1;2;236;
14;23;1;2;260;
17;16;1;2;9;
13;12;1;2;223;
22;12;1;2;164;
1;1;5;664
2;1;18;673
3;1;9;494
4;1;2;572
5;1;7;414
6;1;15;770
7;1;1;464
8;1;6;210
9;1;5;611
10;1;1;186
11;1;15;123
12;1;18;58
13;1;20;920
*** EOF ***