**** 2 ****
50
17;17;1;2;73;
17;17;1;2;137;
17;17;1;2;302;
17;17;1;2;60;
17;17;1;2;116;
17;17;1;2;471;
17;17;1;2;370;
17;17;1;2;137;
17;17;1;2;331;
17;17;1;2;244;
17;17;1;2;96;
17;17;1;2;428;
17;17;1;2;202;
17;17;1;2;53;
17;17;1;2;334;
17;17;1;2;222;
17;17;1;2;182;
17;17;1;2;371;
17;17;1;2;76;
17;17;1;2;178;
17;17;1;2;282;
17;17;1;2;161;
17;17;1;2;76;
17;17;1;2;364;
17;17;1;2;108;
17;17;1;2;59;
17;17;1;2;94;
17;17;1;2;7;
17;17;1;2;227;
17;17;1;2;255;
17;17;1;2;465;
17;17;1;2;471;
17;17;1;2;444;
17;17;1;2;28;
17;17;1;2;171;
17;17;1;2;311;
17;17;1;2;342;
17;17;1;2;311;
17;17;1;2;439;
17;17;1;2;300;
17;17;1;2;40;
17;17;1;2;253;
17;17;1;2;210;
17;17;1;2;214;
17;17;1;2;71;
17;17;1;2;5;
17;17;1;2;267;
17;17;1;2;375;
17;17;1;2;330;
17;17;1;2;235;
1;1;13;285
2;1;18;896
3;1;5;156
4;1;10;220
5;1;5;815
6;1;11;652
7;1;16;89
8;1;11;923
9;1;11;683
10;1;14;705
11;1;4;376
12;1;15;798
13;1;9;964
*** EOF ***