**** 7 ****
50
17;17;1;2;79;
17;17;1;2;106;
17;17;1;2;469;
17;17;1;2;328;
17;17;1;2;302;
17;17;1;2;170;
17;17;1;2;418;
17;17;1;2;23;
17;17;1;2;85;
17;17;1;2;503;
17;17;1;2;79;
17;17;1;2;182;
17;17;1;2;430;
17;17;1;2;191;
17;17;1;2;437;
17;17;1;2;329;
17;17;1;2;278;
17;17;1;2;138;
17;17;1;2;475;
17;17;1;2;260;
17;17;1;2;442;
17;17;1;2;511;
17;17;1;2;282;
17;17;1;2;287;
17;17;1;2;184;
17;17;1;2;279;
17;17;1;2;284;
17;17;1;2;124;
17;17;1;2;68;
17;17;1;2;64;
17;17;1;2;47;
17;17;1;2;42;
17;17;1;2;113;
17;17;1;2;403;
17;17;1;2;293;
17;17;1;2;66;
17;17;1;2;382;
17;17;1;2;511;
17;17;1;2;509;
17;17;1;2;250;
17;17;1;2;159;
17;17;1;2;385;
17;17;1;2;493;
17;17;1;2;146;
17;17;1;2;104;
17;17;1;2;496;
17;17;1;2;413;
17;17;1;2;145;
17;17;1;2;433;
17;17;1;2;57;
1;1;12;1031
2;1;17;840
3;1;19;646
4;1;9;608
5;1;19;496
6;1;20;372
7;1;8;753
8;1;11;796
9;1;7;152
10;1;11;334
11;1;16;403
12;1;15;540
13;1;18;722
*** EOF ***