**** 12 ****
50
24;12;1;2;199;
15;17;1;2;253;
11;6;1;2;169;
15;6;1;2;469;
20;16;1;2;267;
17;9;1;2;10;
30;21;1;2;435;
20;29;1;2;364;
6;31;1;2;88;
17;12;1;2;385;
19;13;1;2;443;
9;8;1;2;185;
15;4;1;2;142;
10;9;1;2;447;
22;19;1;2;469;
29;4;1;2;259;
17;25;1;2;65;
17;23;1;2;73;
12;25;1;2;237;
31;3;1;2;482;
10;20;1;2;410;
8;29;1;2;162;
21;14;1;2;252;
4;24;1;2;416;
30;14;1;2;287;
14;20;1;2;2;
25;8;1;2;27;
8;14;1;2;225;
9;6;1;2;193;
12;20;1;2;272;
16;15;1;2;355;
22;17;1;2;24;
7;31;1;2;302;
11;22;1;2;326;
24;11;1;2;408;
18;28;1;2;275;
14;23;1;2;27;
31;23;1;2;343;
24;29;1;2;13;
6;8;1;2;282;
7;30;1;2;214;
11;10;1;2;457;
8;6;1;2;401;
18;7;1;2;367;
26;22;1;2;239;
14;26;1;2;279;
22;12;1;2;20;
20;9;1;2;197;
28;23;1;2;158;
6;3;1;2;410;
1;1;14;285
2;1;17;475
3;1;20;590
4;1;11;399
5;1;3;916
6;1;6;817
7;1;3;428
8;1;6;354
9;1;18;742
10;1;17;53
11;1;14;871
12;1;5;638
13;1;12;145
*** EOF ***