**** 6 ****
50
9;11;1;2;76;
16;30;1;2;258;
21;22;1;2;74;
20;22;1;2;5;
18;12;1;2;394;
22;14;1;2;300;
30;10;1;2;38;
3;27;1;2;299;
14;23;1;2;495;
21;4;1;2;328;
27;20;1;2;162;
25;3;1;2;38;
17;6;1;2;194;
13;6;1;2;163;
20;14;1;2;383;
28;7;1;2;17;
28;16;1;2;328;
11;18;1;2;129;
3;24;1;2;349;
21;4;1;2;68;
18;28;1;2;124;
12;13;1;2;141;
19;6;1;2;166;
7;23;1;2;412;
13;12;1;2;242;
12;23;1;2;431;
6;16;1;2;386;
18;15;1;2;18;
29;3;1;2;158;
15;13;1;2;367;
31;17;1;2;285;
24;12;1;2;36;
30;27;1;2;342;
30;25;1;2;441;
26;19;1;2;337;
22;19;1;2;63;
30;29;1;2;192;
13;26;1;2;405;
13;28;1;2;36;
11;20;1;2;237;
12;28;1;2;261;
21;5;1;2;446;
16;5;1;2;483;
8;18;1;2;492;
7;4;1;2;435;
9;12;1;2;330;
23;28;1;2;222;
30;27;1;2;191;
10;9;1;2;5;
18;25;1;2;210;
1;1;11;723
2;1;3;635
3;1;14;333
4;1;10;151
5;1;2;867
6;1;10;574
7;1;14;385
8;1;14;520
9;1;3;540
10;1;2;3
11;1;14;223
12;1;16;268
13;1;1;37
*** EOF ***