**** 8 ****
50
14;28;1;2;170;
8;25;1;2;210;
28;6;1;2;174;
29;31;1;2;275;
2;14;1;2;110;
9;32;1;2;421;
28;11;1;2;113;
20;26;1;2;35;
22;2;1;2;193;
17;16;1;2;176;
4;17;1;2;88;
6;32;1;2;314;
15;22;1;2;150;
25;15;1;2;298;
27;17;1;2;34;
3;25;1;2;438;
4;16;1;2;156;
15;8;1;2;308;
16;15;1;2;452;
8;31;1;2;99;
14;23;1;2;345;
16;12;1;2;239;
32;11;1;2;424;
21;9;1;2;354;
21;29;1;2;31;
11;30;1;2;257;
5;25;1;2;132;
26;5;1;2;370;
22;26;1;2;408;
8;9;1;2;392;
18;25;1;2;187;
19;12;1;2;380;
16;31;1;2;370;
7;14;1;2;26;
19;10;1;2;218;
30;32;1;2;307;
17;13;1;2;347;
28;29;1;2;235;
26;29;1;2;464;
8;21;1;2;88;
10;18;1;2;343;
11;29;1;2;428;
8;23;1;2;256;
10;25;1;2;150;
17;31;1;2;73;
2;26;1;2;231;
16;14;1;2;420;
20;21;1;2;463;
14;23;1;2;302;
22;2;1;2;178;
1;1;20;324
2;1;7;105
3;1;10;154
4;1;11;747
5;1;20;840
6;1;13;861
7;1;11;267
8;1;13;418
9;1;4;47
10;1;2;360
11;1;1;33
12;1;3;446
13;1;19;685
*** EOF ***