**** 9 ****
50
17;17;1;2;110;
17;17;1;2;262;
17;17;1;2;456;
17;17;1;2;434;
17;17;1;2;183;
17;17;1;2;397;
17;17;1;2;17;
17;17;1;2;265;
17;17;1;2;356;
17;17;1;2;220;
17;17;1;2;289;
17;17;1;2;164;
17;17;1;2;364;
17;17;1;2;176;
17;17;1;2;170;
17;17;1;2;142;
17;17;1;2;327;
17;17;1;2;127;
17;17;1;2;115;
17;17;1;2;382;
17;17;1;2;390;
17;17;1;2;334;
17;17;1;2;300;
17;17;1;2;169;
17;17;1;2;131;
17;17;1;2;405;
17;17;1;2;67;
17;17;1;2;493;
17;17;1;2;477;
17;17;1;2;381;
17;17;1;2;137;
17;17;1;2;211;
17;17;1;2;93;
17;17;1;2;403;
17;17;1;2;395;
17;17;1;2;272;
17;17;1;2;385;
17;17;1;2;3;
17;17;1;2;19;
17;17;1;2;307;
17;17;1;2;324;
17;17;1;2;470;
17;17;1;2;101;
17;17;1;2;155;
17;17;1;2;339;
17;17;1;2;350;
17;17;1;2;178;
17;17;1;2;207;
17;17;1;2;303;
17;17;1;2;200;
1;1;14;736
2;1;11;419
3;1;3;444
4;1;4;479
5;1;1;212
6;1;5;769
7;1;15;91
8;1;19;64
9;1;20;259
10;1;19;606
11;1;1;150
12;1;10;185
13;1;14;932
*** EOF ***