**** 13 ****
50
14;12;1;2;387;
29;28;1;2;241;
11;14;1;2;337;
18;24;1;2;167;
5;19;1;2;180;
5;30;1;2;92;
29;26;1;2;50;
7;28;1;2;163;
29;20;1;2;285;
15;10;1;2;242;
26;13;1;2;75;
26;22;1;2;444;
17;17;1;2;389;
22;26;1;2;333;
20;9;1;2;74;
31;24;1;2;283;
29;8;1;2;119;
15;18;1;2;182;
5;30;1;2;378;
21;19;1;2;55;
29;23;1;2;67;
24;26;1;2;345;
16;19;1;2;284;
7;3;1;2;44;
4;10;1;2;94;
21;13;1;2;37;
24;21;1;2;255;
25;28;1;2;334;
15;31;1;2;173;
14;7;1;2;177;
30;19;1;2;402;
15;10;1;2;455;
16;22;1;2;469;
7;10;1;2;257;
5;26;1;2;205;
9;29;1;2;76;
14;27;1;2;16;
12;22;1;2;480;
29;3;1;2;214;
16;27;1;2;464;
28;11;1;2;82;
14;25;1;2;267;
12;16;1;2;339;
25;30;1;2;379;
15;29;1;2;149;
8;17;1;2;170;
12;21;1;2;339;
16;15;1;2;485;
13;11;1;2;361;
25;21;1;2;232;
1;1;16;363
2;1;11;296
3;1;4;842
4;1;14;989
5;1;17;176
6;1;6;821
7;1;14;29
8;1;8;121
9;1;19;1016
10;1;17;278
11;1;7;890
12;1;15;94
13;1;9;397
*** EOF ***