**** 10 ****
50
27;3;1;2;12;
14;4;1;2;240;
24;29;1;2;176;
7;15;1;2;430;
13;16;1;2;319;
15;20;1;2;338;
27;32;1;2;385;
6;5;1;2;456;
21;19;1;2;231;
4;17;1;2;35;
10;27;1;2;417;
2;26;1;2;168;
19;7;1;2;456;
21;24;1;2;333;
13;24;1;2;431;
24;15;1;2;453;
5;23;1;2;41;
6;3;1;2;256;
16;19;1;2;320;
25;31;1;2;424;
11;24;1;2;454;
8;10;1;2;9;
8;23;1;2;427;
25;19;1;2;373;
30;28;1;2;114;
28;31;1;2;249;
11;19;1;2;121;
5;2;1;2;339;
24;32;1;2;381;
6;31;1;2;452;
30;27;1;2;358;
7;7;1;2;307;
9;4;1;2;186;
20;26;1;2;68;
14;6;1;2;349;
29;11;1;2;270;
21;11;1;2;399;
30;12;1;2;385;
30;29;1;2;453;
6;5;1;2;178;
24;31;1;2;130;
28;15;1;2;55;
21;19;1;2;325;
2;7;1;2;110;
14;18;1;2;410;
6;5;1;2;135;
17;23;1;2;356;
12;32;1;2;293;
5;29;1;2;187;
21;16;1;2;373;
1;1;4;5
2;1;16;118
3;1;17;572
4;1;7;659
5;1;3;408
6;1;13;669
7;1;19;508
8;1;6;210
9;1;4;461
10;1;4;820
11;1;6;317
12;1;5;911
13;1;17;26
*** EOF ***