**** 17 ****
50
21;10;1;2;280;
17;18;1;2;38;
10;23;1;2;159;
18;8;1;2;38;
8;19;1;2;241;
26;18;1;2;231;
23;12;1;2;357;
17;10;1;2;161;
25;8;1;2;233;
9;10;1;2;14;
8;21;1;2;499;
16;16;1;2;348;
25;14;1;2;302;
8;10;1;2;72;
19;24;1;2;252;
13;26;1;2;401;
26;10;1;2;398;
9;25;1;2;27;
8;15;1;2;383;
22;17;1;2;181;
15;16;1;2;31;
8;12;1;2;80;
14;12;1;2;131;
17;22;1;2;44;
9;23;1;2;351;
21;14;1;2;362;
24;15;1;2;138;
24;14;1;2;56;
26;10;1;2;130;
8;24;1;2;38;
16;14;1;2;463;
10;26;1;2;91;
19;9;1;2;274;
26;26;1;2;320;
12;8;1;2;318;
21;20;1;2;465;
22;9;1;2;276;
19;14;1;2;486;
11;9;1;2;140;
26;14;1;2;443;
17;12;1;2;485;
15;18;1;2;188;
18;11;1;2;42;
8;14;1;2;163;
26;13;1;2;388;
19;11;1;2;387;
20;15;1;2;98;
17;15;1;2;118;
8;8;1;2;156;
11;14;1;2;180;
1;1;7;256
2;1;16;887
3;1;18;534
4;1;19;415
5;1;16;906
6;1;20;465
7;1;19;266
8;1;14;825
9;1;3;460
10;1;12;72
11;1;7;84
12;1;18;744
13;1;14;446
*** EOF ***