**** 18 ****
50
24;26;1;2;270;
32;24;1;2;369;
20;15;1;2;362;
16;28;1;2;313;
4;23;1;2;16;
5;21;1;2;400;
13;25;1;2;221;
10;30;1;2;449;
15;17;1;2;415;
2;22;1;2;327;
30;11;1;2;33;
5;24;1;2;243;
14;17;1;2;184;
31;28;1;2;359;
7;8;1;2;254;
7;14;1;2;200;
6;26;1;2;2;
8;13;1;2;405;
31;13;1;2;120;
23;4;1;2;362;
8;13;1;2;63;
15;30;1;2;196;
29;25;1;2;296;
5;26;1;2;215;
10;2;1;2;133;
9;17;1;2;167;
25;31;1;2;160;
25;27;1;2;302;
8;21;1;2;127;
5;28;1;2;213;
18;5;1;2;94;
6;28;1;2;349;
11;26;1;2;438;
10;31;1;2;325;
18;4;1;2;143;
3;16;1;2;7;
30;15;1;2;306;
28;23;1;2;242;
21;13;1;2;264;
19;3;1;2;152;
26;2;1;2;216;
9;2;1;2;370;
24;32;1;2;11;
6;28;1;2;389;
21;8;1;2;407;
8;30;1;2;273;
8;8;1;2;355;
21;32;1;2;347;
17;9;1;2;93;
29;18;1;2;84;
1;1;3;440
2;1;2;509
3;1;8;832
4;1;11;150
5;1;3;799
6;1;17;747
7;1;18;676
8;1;17;381
9;1;19;455
10;1;2;128
11;1;4;822
12;1;9;717
13;1;12;866
*** EOF ***