**** 13 ****
50
22;15;1;2;368;
22;26;1;2;219;
18;22;1;2;362;
10;6;1;2;22;
21;13;1;2;365;
10;21;1;2;118;
28;18;1;2;109;
14;7;1;2;279;
22;17;1;2;430;
8;19;1;2;223;
13;19;1;2;445;
10;27;1;2;255;
16;23;1;2;63;
12;10;1;2;144;
24;25;1;2;330;
22;14;1;2;426;
18;27;1;2;357;
15;27;1;2;328;
28;28;1;2;446;
8;11;1;2;45;
24;28;1;2;354;
15;25;1;2;50;
9;13;1;2;214;
23;24;1;2;359;
15;26;1;2;53;
23;27;1;2;22;
10;18;1;2;245;
13;23;1;2;33;
19;9;1;2;450;
9;24;1;2;285;
23;23;1;2;124;
18;21;1;2;58;
22;27;1;2;67;
26;9;1;2;38;
16;22;1;2;230;
11;20;1;2;436;
28;9;1;2;113;
7;26;1;2;210;
16;20;1;2;55;
6;27;1;2;313;
22;14;1;2;296;
27;6;1;2;384;
15;23;1;2;467;
10;24;1;2;450;
16;18;1;2;366;
16;6;1;2;93;
15;21;1;2;467;
19;19;1;2;303;
14;27;1;2;365;
20;12;1;2;25;
1;1;19;243
2;1;20;698
3;1;3;334
4;1;15;924
5;1;13;414
6;1;3;940
7;1;4;837
8;1;4;764
9;1;4;862
10;1;5;844
11;1;2;523
12;1;6;293
13;1;8;571
*** EOF ***