**** 17 ****
50
17;20;1;2;323;
22;6;1;2;96;
7;19;1;2;474;
12;21;1;2;176;
23;25;1;2;457;
25;12;1;2;29;
11;16;1;2;393;
27;13;1;2;421;
21;7;1;2;356;
29;6;1;2;248;
28;21;1;2;285;
13;5;1;2;123;
19;25;1;2;141;
7;17;1;2;56;
9;17;1;2;486;
10;7;1;2;290;
20;17;1;2;14;
9;23;1;2;22;
29;14;1;2;67;
9;25;1;2;119;
19;11;1;2;111;
19;11;1;2;333;
20;19;1;2;421;
6;29;1;2;473;
13;22;1;2;352;
13;9;1;2;422;
25;9;1;2;231;
10;27;1;2;207;
22;9;1;2;22;
19;15;1;2;41;
11;15;1;2;369;
17;12;1;2;259;
16;5;1;2;399;
26;10;1;2;457;
10;8;1;2;232;
12;9;1;2;364;
22;23;1;2;206;
28;25;1;2;103;
25;28;1;2;327;
20;27;1;2;219;
8;27;1;2;253;
22;17;1;2;134;
9;12;1;2;159;
24;8;1;2;42;
8;10;1;2;487;
29;21;1;2;119;
10;20;1;2;131;
26;15;1;2;181;
8;29;1;2;448;
12;14;1;2;426;
1;1;7;317
2;1;17;593
3;1;11;202
4;1;16;157
5;1;15;769
6;1;7;946
7;1;11;482
8;1;5;541
9;1;16;299
10;1;9;398
11;1;17;653
12;1;7;756
13;1;2;248
*** EOF ***