**** 17 ****
50
19;14;1;2;175;
19;16;1;2;399;
16;20;1;2;300;
17;19;1;2;36;
18;19;1;2;301;
17;16;1;2;138;
20;17;1;2;240;
15;18;1;2;75;
19;15;1;2;250;
18;19;1;2;114;
14;18;1;2;87;
20;17;1;2;130;
20;17;1;2;350;
17;15;1;2;436;
15;16;1;2;51;
16;20;1;2;40;
16;16;1;2;513;
14;18;1;2;465;
16;20;1;2;502;
15;20;1;2;129;
14;19;1;2;144;
20;17;1;2;109;
16;15;1;2;105;
15;17;1;2;100;
19;18;1;2;30;
19;20;1;2;360;
19;17;1;2;5;
16;19;1;2;414;
17;16;1;2;271;
18;20;1;2;278;
14;15;1;2;149;
17;16;1;2;456;
20;15;1;2;459;
16;16;1;2;271;
16;18;1;2;147;
20;18;1;2;459;
20;20;1;2;296;
20;20;1;2;284;
15;19;1;2;66;
18;20;1;2;363;
16;18;1;2;60;
18;20;1;2;319;
19;17;1;2;222;
14;17;1;2;179;
16;15;1;2;329;
20;20;1;2;28;
18;16;1;2;375;
15;16;1;2;16;
18;15;1;2;70;
17;18;1;2;307;
1;1;17;92
2;1;5;996
3;1;7;146
4;1;14;678
5;1;18;427
6;1;13;1016
7;1;8;181
8;1;19;525
9;1;5;586
10;1;17;862
11;1;14;565
12;1;14;314
13;1;16;402
*** EOF ***