**** 1 ****
50
22;22;1;2;339;
15;23;1;2;247;
21;22;1;2;194;
21;15;1;2;465;
22;23;1;2;356;
12;16;1;2;302;
11;26;1;2;475;
10;12;1;2;471;
17;21;1;2;141;
23;20;1;2;490;
20;14;1;2;363;
20;12;1;2;197;
12;17;1;2;336;
16;8;1;2;254;
10;13;1;2;351;
23;26;1;2;195;
19;15;1;2;375;
24;16;1;2;370;
24;23;1;2;80;
24;14;1;2;487;
17;24;1;2;72;
8;16;1;2;404;
22;13;1;2;27;
14;8;1;2;223;
19;24;1;2;457;
17;25;1;2;235;
8;22;1;2;307;
24;14;1;2;156;
25;12;1;2;504;
17;13;1;2;456;
24;15;1;2;5;
25;16;1;2;39;
9;9;1;2;310;
19;21;1;2;278;
8;22;1;2;332;
23;15;1;2;102;
12;13;1;2;398;
10;24;1;2;198;
11;12;1;2;481;
23;25;1;2;72;
17;24;1;2;454;
22;12;1;2;35;
12;14;1;2;499;
11;13;1;2;486;
25;15;1;2;422;
18;20;1;2;218;
17;25;1;2;20;
19;22;1;2;237;
16;10;1;2;272;
18;8;1;2;370;
1;1;9;116
2;1;14;57
3;1;10;262
4;1;13;342
5;1;12;782
6;1;9;990
7;1;10;45
8;1;10;808
9;1;14;277
10;1;10;30
11;1;14;360
12;1;9;190
13;1;1;207
*** EOF ***