**** 13 ****
50
11;20;1;2;451;
13;17;1;2;474;
10;14;1;2;471;
25;10;1;2;182;
25;17;1;2;156;
10;11;1;2;343;
15;10;1;2;320;
9;16;1;2;298;
25;9;1;2;319;
20;24;1;2;419;
19;18;1;2;184;
16;23;1;2;330;
11;23;1;2;263;
12;14;1;2;415;
12;21;1;2;170;
11;23;1;2;121;
19;24;1;2;206;
13;25;1;2;458;
22;14;1;2;60;
15;12;1;2;422;
15;14;1;2;255;
24;18;1;2;74;
15;15;1;2;335;
25;11;1;2;421;
19;24;1;2;365;
13;24;1;2;460;
21;10;1;2;206;
22;13;1;2;59;
12;13;1;2;84;
11;21;1;2;48;
15;25;1;2;332;
14;10;1;2;193;
18;19;1;2;195;
9;24;1;2;166;
18;9;1;2;173;
15;12;1;2;168;
23;14;1;2;210;
15;17;1;2;470;
23;15;1;2;314;
10;9;1;2;454;
21;22;1;2;34;
17;17;1;2;29;
17;14;1;2;362;
22;12;1;2;6;
14;12;1;2;305;
14;19;1;2;102;
25;9;1;2;403;
9;17;1;2;233;
15;18;1;2;263;
14;25;1;2;29;
1;1;1;220
2;1;2;147
3;1;19;334
4;1;19;426
5;1;5;160
6;1;17;480
7;1;11;882
8;1;16;99
9;1;9;35
10;1;20;536
11;1;8;248
12;1;19;941
13;1;5;689
*** EOF ***