**** 3 ****
50
20;10;1;2;411;
8;13;1;2;110;
6;23;1;2;85;
29;26;1;2;256;
13;15;1;2;198;
15;22;1;2;364;
23;28;1;2;63;
23;28;1;2;167;
6;11;1;2;409;
22;14;1;2;259;
8;7;1;2;384;
22;20;1;2;160;
12;7;1;2;280;
28;12;1;2;431;
12;27;1;2;353;
8;16;1;2;113;
23;7;1;2;209;
15;12;1;2;178;
12;8;1;2;27;
24;22;1;2;278;
8;26;1;2;7;
9;29;1;2;128;
6;29;1;2;107;
12;23;1;2;314;
9;12;1;2;232;
18;14;1;2;257;
8;27;1;2;298;
28;24;1;2;206;
23;10;1;2;131;
9;29;1;2;365;
10;15;1;2;349;
17;7;1;2;115;
16;5;1;2;63;
9;9;1;2;326;
7;10;1;2;399;
16;23;1;2;189;
9;10;1;2;246;
19;7;1;2;179;
11;18;1;2;65;
27;25;1;2;270;
21;25;1;2;238;
16;7;1;2;48;
16;29;1;2;308;
10;21;1;2;421;
16;29;1;2;43;
9;25;1;2;332;
17;24;1;2;96;
14;5;1;2;114;
7;13;1;2;129;
22;8;1;2;169;
1;1;9;259
2;1;16;313
3;1;13;161
4;1;15;38
5;1;6;15
6;1;6;356
7;1;4;423
8;1;11;721
9;1;15;752
10;1;4;154
11;1;7;337
12;1;3;417
13;1;17;471
*** EOF ***