**** 10 ****
50
15;19;1;2;29;
14;18;1;2;476;
12;14;1;2;384;
13;22;1;2;91;
12;20;1;2;352;
16;15;1;2;411;
17;21;1;2;395;
21;20;1;2;428;
15;20;1;2;359;
18;14;1;2;86;
14;18;1;2;87;
18;17;1;2;170;
12;15;1;2;317;
13;16;1;2;315;
19;15;1;2;429;
20;21;1;2;112;
21;15;1;2;430;
17;20;1;2;266;
19;14;1;2;270;
13;16;1;2;182;
14;12;1;2;124;
21;13;1;2;65;
17;22;1;2;109;
13;20;1;2;407;
16;18;1;2;112;
13;12;1;2;323;
17;20;1;2;333;
17;13;1;2;190;
14;21;1;2;68;
18;12;1;2;114;
13;12;1;2;286;
21;18;1;2;333;
19;22;1;2;314;
18;13;1;2;117;
18;14;1;2;432;
14;16;1;2;452;
21;19;1;2;130;
15;18;1;2;2;
15;20;1;2;304;
12;19;1;2;230;
12;13;1;2;391;
19;15;1;2;217;
20;18;1;2;392;
17;16;1;2;76;
12;16;1;2;149;
14;21;1;2;230;
17;13;1;2;111;
18;22;1;2;426;
15;18;1;2;433;
19;13;1;2;96;
1;1;12;68
2;1;4;346
3;1;15;323
4;1;5;765
5;1;16;797
6;1;6;888
7;1;3;390
8;1;15;150
9;1;16;938
10;1;14;556
11;1;13;578
12;1;20;486
13;1;17;529
*** EOF ***