**** 14 ****
50
17;17;1;2;425;
17;17;1;2;178;
17;17;1;2;442;
17;17;1;2;162;
17;17;1;2;198;
17;17;1;2;123;
17;17;1;2;72;
17;17;1;2;386;
17;17;1;2;364;
17;17;1;2;99;
17;17;1;2;354;
17;17;1;2;94;
17;17;1;2;444;
17;17;1;2;162;
17;17;1;2;277;
17;17;1;2;299;
17;17;1;2;458;
17;17;1;2;232;
17;17;1;2;46;
17;17;1;2;17;
17;17;1;2;258;
17;17;1;2;376;
17;17;1;2;200;
17;17;1;2;137;
17;17;1;2;482;
17;17;1;2;475;
17;17;1;2;69;
17;17;1;2;236;
17;17;1;2;236;
17;17;1;2;482;
17;17;1;2;149;
17;17;1;2;272;
17;17;1;2;2;
17;17;1;2;7;
17;17;1;2;348;
17;17;1;2;29;
17;17;1;2;223;
17;17;1;2;198;
17;17;1;2;346;
17;17;1;2;465;
17;17;1;2;128;
17;17;1;2;165;
17;17;1;2;109;
17;17;1;2;238;
17;17;1;2;214;
17;17;1;2;427;
17;17;1;2;207;
17;17;1;2;13;
17;17;1;2;191;
17;17;1;2;490;
1;1;12;194
2;1;8;792
3;1;13;569
4;1;4;554
5;1;13;946
6;1;11;420
7;1;15;155
8;1;11;974
9;1;19;621
10;1;11;461
11;1;11;286
12;1;6;76
13;1;5;524
*** EOF ***