**** 15 ****
50
24;10;1;2;311;
28;14;1;2;392;
5;21;1;2;147;
18;11;1;2;193;
23;5;1;2;396;
19;29;1;2;362;
25;16;1;2;114;
27;14;1;2;373;
13;29;1;2;474;
12;16;1;2;328;
10;9;1;2;284;
20;18;1;2;201;
11;7;1;2;378;
24;16;1;2;279;
8;27;1;2;497;
21;14;1;2;124;
25;8;1;2;258;
10;7;1;2;494;
19;10;1;2;387;
24;17;1;2;497;
19;13;1;2;256;
27;16;1;2;432;
25;5;1;2;291;
12;22;1;2;381;
15;23;1;2;500;
7;27;1;2;488;
24;11;1;2;484;
8;25;1;2;143;
18;22;1;2;398;
18;18;1;2;204;
25;6;1;2;414;
21;18;1;2;512;
8;27;1;2;388;
6;23;1;2;175;
9;11;1;2;334;
18;11;1;2;208;
5;22;1;2;330;
17;13;1;2;488;
6;18;1;2;204;
14;23;1;2;212;
11;20;1;2;308;
5;18;1;2;427;
29;12;1;2;504;
24;15;1;2;235;
23;16;1;2;419;
8;17;1;2;473;
29;29;1;2;453;
26;10;1;2;31;
8;7;1;2;131;
29;24;1;2;295;
1;1;12;75
2;1;18;351
3;1;20;420
4;1;10;535
5;1;12;267
6;1;8;1012
7;1;5;678
8;1;7;551
9;1;18;729
10;1;11;332
11;1;18;242
12;1;7;234
13;1;18;202
*** EOF ***