**** 0 ****
50
24;13;1;2;459;
14;8;1;2;445;
15;4;1;2;9;
20;13;1;2;477;
19;7;1;2;172;
15;7;1;2;184;
19;23;1;2;424;
26;25;1;2;134;
23;6;1;2;255;
15;26;1;2;134;
23;4;1;2;435;
21;15;1;2;232;
30;9;1;2;224;
5;9;1;2;220;
18;6;1;2;459;
11;6;1;2;26;
29;7;1;2;353;
3;18;1;2;161;
29;26;1;2;459;
22;21;1;2;6;
18;17;1;2;485;
15;24;1;2;211;
18;14;1;2;381;
7;14;1;2;442;
29;13;1;2;429;
9;3;1;2;394;
22;8;1;2;462;
13;18;1;2;489;
9;9;1;2;56;
25;13;1;2;432;
3;31;1;2;478;
9;7;1;2;408;
26;30;1;2;366;
5;25;1;2;12;
12;16;1;2;291;
8;3;1;2;490;
21;27;1;2;46;
16;12;1;2;89;
9;24;1;2;152;
31;17;1;2;262;
31;20;1;2;411;
25;26;1;2;262;
20;27;1;2;479;
4;30;1;2;345;
11;29;1;2;112;
4;13;1;2;336;
4;12;1;2;285;
14;31;1;2;157;
5;10;1;2;65;
13;6;1;2;58;
1;1;13;819
2;1;17;923
3;1;6;602
4;1;17;639
5;1;12;395
6;1;17;138
7;1;13;795
8;1;14;328
9;1;7;300
10;1;12;15
11;1;2;755
12;1;18;477
13;1;18;943
*** EOF ***