**** 4 ****
50
19;17;1;2;407;
10;13;1;2;402;
21;13;1;2;93;
10;21;1;2;225;
24;15;1;2;182;
16;20;1;2;356;
18;15;1;2;13;
14;17;1;2;93;
13;12;1;2;48;
12;23;1;2;232;
11;14;1;2;241;
13;19;1;2;466;
12;24;1;2;497;
11;11;1;2;303;
11;24;1;2;242;
21;13;1;2;482;
24;19;1;2;17;
20;18;1;2;464;
24;20;1;2;40;
14;13;1;2;127;
21;13;1;2;176;
14;10;1;2;285;
17;18;1;2;489;
13;13;1;2;331;
16;12;1;2;378;
14;21;1;2;308;
15;16;1;2;423;
20;15;1;2;468;
15;15;1;2;477;
24;10;1;2;85;
15;12;1;2;393;
13;16;1;2;487;
20;16;1;2;281;
21;18;1;2;422;
14;22;1;2;86;
13;22;1;2;6;
18;11;1;2;94;
13;15;1;2;223;
17;19;1;2;193;
21;21;1;2;288;
19;14;1;2;24;
13;24;1;2;447;
15;16;1;2;250;
12;12;1;2;111;
17;16;1;2;146;
15;14;1;2;57;
16;14;1;2;375;
17;15;1;2;233;
18;22;1;2;488;
18;10;1;2;92;
1;1;20;558
2;1;19;869
3;1;17;428
4;1;15;670
5;1;19;637
6;1;7;391
7;1;16;341
8;1;12;202
9;1;20;741
10;1;17;137
11;1;17;372
12;1;10;902
13;1;13;823
*** EOF ***