**** 7 ****
50
16;12;1;2;360;
16;15;1;2;200;
22;15;1;2;80;
15;21;1;2;260;
22;14;1;2;270;
19;22;1;2;436;
12;21;1;2;179;
20;21;1;2;162;
19;18;1;2;381;
17;13;1;2;477;
19;12;1;2;97;
15;18;1;2;335;
17;19;1;2;451;
13;22;1;2;85;
19;12;1;2;406;
15;22;1;2;38;
20;20;1;2;398;
13;18;1;2;46;
16;15;1;2;299;
17;13;1;2;319;
14;22;1;2;481;
18;14;1;2;30;
16;17;1;2;142;
13;19;1;2;41;
16;20;1;2;242;
16;19;1;2;41;
12;21;1;2;301;
16;17;1;2;10;
22;13;1;2;285;
12;12;1;2;476;
21;21;1;2;203;
22;18;1;2;228;
14;21;1;2;316;
13;17;1;2;108;
22;14;1;2;12;
13;22;1;2;277;
15;20;1;2;275;
19;19;1;2;300;
14;22;1;2;468;
20;22;1;2;484;
15;13;1;2;189;
19;19;1;2;366;
21;17;1;2;375;
15;13;1;2;50;
20;13;1;2;326;
17;15;1;2;235;
12;13;1;2;69;
17;17;1;2;108;
21;22;1;2;139;
22;13;1;2;468;
1;1;12;110
2;1;16;227
3;1;8;216
4;1;7;246
5;1;2;891
6;1;14;31
7;1;18;284
8;1;13;701
9;1;7;365
10;1;11;470
11;1;12;778
12;1;6;804
13;1;1;859
*** EOF ***