**** 1 ****
50
26;4;1;2;427;
12;17;1;2;200;
12;4;1;2;408;
28;9;1;2;258;
16;11;1;2;493;
27;12;1;2;258;
11;15;1;2;242;
19;26;1;2;67;
24;28;1;2;176;
15;6;1;2;491;
30;6;1;2;142;
23;3;1;2;181;
7;15;1;2;469;
28;4;1;2;288;
6;17;1;2;300;
26;11;1;2;72;
9;22;1;2;347;
12;5;1;2;243;
25;7;1;2;17;
22;18;1;2;453;
12;29;1;2;397;
6;29;1;2;359;
25;31;1;2;5;
22;9;1;2;299;
8;12;1;2;36;
31;14;1;2;476;
5;11;1;2;319;
4;18;1;2;118;
28;17;1;2;80;
25;10;1;2;315;
19;29;1;2;336;
6;28;1;2;235;
4;10;1;2;24;
17;31;1;2;154;
3;13;1;2;41;
29;28;1;2;271;
19;17;1;2;280;
10;6;1;2;32;
10;5;1;2;116;
13;18;1;2;280;
28;5;1;2;208;
19;24;1;2;7;
11;23;1;2;281;
4;22;1;2;483;
25;4;1;2;442;
20;13;1;2;244;
29;21;1;2;140;
13;5;1;2;195;
13;26;1;2;395;
31;28;1;2;73;
1;1;20;173
2;1;18;78
3;1;16;860
4;1;20;234
5;1;18;485
6;1;3;538
7;1;18;924
8;1;10;1013
9;1;13;518
10;1;14;582
11;1;2;663
12;1;15;1027
13;1;8;198
*** EOF ***