**** 2 ****
50
16;15;1;2;396;
19;20;1;2;273;
18;16;1;2;138;
15;19;1;2;456;
18;18;1;2;26;
14;18;1;2;130;
20;17;1;2;480;
16;18;1;2;355;
17;14;1;2;52;
19;18;1;2;371;
14;14;1;2;274;
19;17;1;2;428;
20;17;1;2;38;
14;16;1;2;10;
17;16;1;2;238;
14;18;1;2;109;
16;14;1;2;259;
17;17;1;2;410;
16;14;1;2;276;
15;15;1;2;24;
20;16;1;2;127;
16;20;1;2;345;
18;20;1;2;471;
14;19;1;2;392;
15;15;1;2;161;
20;20;1;2;101;
15;15;1;2;67;
15;19;1;2;463;
18;18;1;2;243;
16;17;1;2;370;
19;16;1;2;60;
15;19;1;2;60;
16;19;1;2;242;
16;14;1;2;165;
18;19;1;2;25;
17;14;1;2;70;
15;17;1;2;477;
14;20;1;2;311;
19;14;1;2;287;
15;20;1;2;322;
19;17;1;2;298;
18;14;1;2;444;
14;16;1;2;278;
15;18;1;2;107;
17;20;1;2;136;
16;18;1;2;375;
14;15;1;2;348;
17;16;1;2;61;
19;15;1;2;424;
14;17;1;2;166;
1;1;8;450
2;1;17;863
3;1;5;353
4;1;3;6
5;1;14;689
6;1;6;836
7;1;15;887
8;1;3;570
9;1;10;303
10;1;15;460
11;1;9;481
12;1;20;48
13;1;9;618
*** EOF ***