**** 17 ****
50
25;25;1;2;221;
17;12;1;2;341;
16;9;1;2;189;
11;19;1;2;435;
17;25;1;2;417;
18;22;1;2;80;
12;22;1;2;454;
15;24;1;2;104;
11;14;1;2;473;
17;17;1;2;205;
21;19;1;2;403;
16;19;1;2;422;
21;13;1;2;97;
9;25;1;2;220;
16;21;1;2;353;
22;25;1;2;200;
19;20;1;2;251;
12;17;1;2;60;
11;10;1;2;348;
14;12;1;2;33;
17;12;1;2;57;
10;13;1;2;129;
16;23;1;2;185;
20;11;1;2;367;
20;23;1;2;124;
9;10;1;2;428;
17;18;1;2;14;
21;21;1;2;110;
21;14;1;2;282;
24;12;1;2;398;
24;23;1;2;218;
13;13;1;2;409;
14;18;1;2;453;
14;10;1;2;61;
16;19;1;2;137;
10;22;1;2;440;
14;20;1;2;379;
15;9;1;2;383;
24;22;1;2;359;
9;13;1;2;472;
19;17;1;2;249;
23;11;1;2;125;
20;13;1;2;364;
13;15;1;2;97;
21;16;1;2;39;
12;20;1;2;383;
21;25;1;2;200;
13;17;1;2;127;
11;24;1;2;442;
16;22;1;2;287;
1;1;16;139
2;1;9;771
3;1;13;295
4;1;5;184
5;1;11;191
6;1;2;549
7;1;6;423
8;1;2;924
9;1;16;660
10;1;17;250
11;1;10;582
12;1;12;383
13;1;11;628
*** EOF ***