**** 9 ****
50
14;11;1;2;171;
14;30;1;2;69;
5;20;1;2;459;
29;20;1;2;437;
7;31;1;2;312;
16;15;1;2;249;
6;16;1;2;243;
14;30;1;2;465;
27;26;1;2;424;
30;18;1;2;351;
10;4;1;2;300;
3;23;1;2;1;
9;18;1;2;338;
19;14;1;2;97;
26;5;1;2;217;
11;8;1;2;161;
7;5;1;2;294;
11;15;1;2;101;
19;4;1;2;51;
8;28;1;2;23;
3;25;1;2;95;
25;5;1;2;15;
25;22;1;2;111;
15;15;1;2;345;
30;20;1;2;273;
6;13;1;2;180;
31;14;1;2;39;
12;21;1;2;82;
18;17;1;2;190;
8;24;1;2;282;
24;22;1;2;105;
17;18;1;2;141;
16;11;1;2;148;
29;11;1;2;213;
30;6;1;2;298;
26;6;1;2;460;
4;29;1;2;314;
12;20;1;2;238;
6;23;1;2;420;
29;21;1;2;399;
10;30;1;2;109;
27;8;1;2;163;
10;12;1;2;8;
17;25;1;2;143;
13;26;1;2;264;
27;30;1;2;215;
9;3;1;2;281;
6;27;1;2;33;
13;24;1;2;304;
12;3;1;2;153;
1;1;3;529
2;1;18;86
3;1;16;136
4;1;12;886
5;1;1;183
6;1;11;626
7;1;20;36
8;1;13;597
9;1;8;822
10;1;19;244
11;1;8;232
12;1;17;155
13;1;12;846
*** EOF ***