**** 19 ****
50
30;19;1;2;244;
16;28;1;2;476;
5;7;1;2;62;
7;29;1;2;407;
26;11;1;2;240;
9;5;1;2;430;
26;30;1;2;292;
6;28;1;2;136;
5;28;1;2;30;
5;29;1;2;268;
31;21;1;2;181;
23;29;1;2;418;
13;25;1;2;48;
23;24;1;2;180;
24;14;1;2;199;
9;8;1;2;281;
8;8;1;2;14;
22;19;1;2;467;
10;27;1;2;233;
6;27;1;2;195;
31;8;1;2;111;
19;24;1;2;315;
15;5;1;2;173;
10;4;1;2;424;
28;23;1;2;110;
25;5;1;2;236;
30;22;1;2;80;
10;23;1;2;296;
3;9;1;2;343;
4;15;1;2;115;
20;5;1;2;376;
29;17;1;2;79;
15;28;1;2;431;
5;16;1;2;32;
28;5;1;2;193;
6;30;1;2;29;
22;28;1;2;176;
18;24;1;2;289;
13;9;1;2;187;
31;7;1;2;215;
30;6;1;2;208;
3;8;1;2;466;
24;25;1;2;230;
13;10;1;2;66;
26;7;1;2;424;
9;19;1;2;434;
24;26;1;2;333;
31;6;1;2;369;
13;27;1;2;361;
21;26;1;2;436;
1;1;16;724
2;1;2;807
3;1;18;68
4;1;2;588
5;1;1;270
6;1;2;750
7;1;4;127
8;1;12;872
9;1;5;224
10;1;16;821
11;1;7;338
12;1;19;91
13;1;13;274
*** EOF ***