**** 15 ****
50
17;20;1;2;308;
11;24;1;2;159;
18;16;1;2;388;
8;13;1;2;185;
19;7;1;2;80;
19;19;1;2;170;
22;18;1;2;74;
15;8;1;2;225;
22;21;1;2;369;
21;15;1;2;292;
9;7;1;2;130;
17;9;1;2;330;
11;25;1;2;189;
19;22;1;2;211;
23;27;1;2;311;
10;18;1;2;429;
7;21;1;2;392;
23;26;1;2;319;
15;18;1;2;61;
20;16;1;2;253;
7;6;1;2;115;
21;6;1;2;417;
17;7;1;2;216;
28;28;1;2;313;
27;26;1;2;453;
7;18;1;2;80;
19;17;1;2;154;
13;13;1;2;115;
20;23;1;2;27;
14;10;1;2;177;
20;18;1;2;378;
18;7;1;2;345;
27;25;1;2;208;
22;16;1;2;459;
14;23;1;2;395;
6;6;1;2;368;
6;24;1;2;213;
25;6;1;2;1;
23;27;1;2;281;
14;11;1;2;444;
15;6;1;2;61;
8;14;1;2;232;
21;18;1;2;256;
15;18;1;2;469;
28;8;1;2;190;
20;28;1;2;216;
11;24;1;2;424;
6;9;1;2;346;
19;25;1;2;1;
16;15;1;2;10;
1;1;1;220
2;1;10;839
3;1;4;864
4;1;2;38
5;1;5;96
6;1;5;135
7;1;9;684
8;1;13;165
9;1;16;945
10;1;19;350
11;1;3;806
12;1;19;705
13;1;11;196
*** EOF ***