**** 3 ****
50
16;18;1;2;128;
15;17;1;2;162;
18;16;1;2;437;
17;15;1;2;433;
17;17;1;2;280;
18;15;1;2;156;
18;18;1;2;43;
17;19;1;2;43;
19;19;1;2;364;
17;17;1;2;193;
18;16;1;2;438;
17;15;1;2;165;
18;18;1;2;69;
19;15;1;2;131;
19;15;1;2;298;
18;19;1;2;298;
17;15;1;2;354;
18;17;1;2;308;
16;15;1;2;432;
18;18;1;2;338;
18;15;1;2;98;
18;16;1;2;292;
15;16;1;2;27;
17;15;1;2;267;
15;17;1;2;485;
18;19;1;2;356;
17;18;1;2;80;
18;17;1;2;464;
16;16;1;2;344;
17;15;1;2;371;
17;19;1;2;40;
15;16;1;2;170;
17;19;1;2;353;
18;17;1;2;17;
15;18;1;2;119;
19;15;1;2;432;
19;16;1;2;350;
17;15;1;2;162;
19;16;1;2;444;
16;16;1;2;360;
16;16;1;2;45;
18;15;1;2;250;
16;19;1;2;346;
18;15;1;2;169;
18;18;1;2;212;
19;17;1;2;153;
15;16;1;2;32;
18;16;1;2;74;
15;19;1;2;347;
16;15;1;2;156;
1;1;13;41
2;1;14;951
3;1;18;385
4;1;14;770
5;1;3;240
6;1;3;837
7;1;20;593
8;1;10;1020
9;1;7;228
10;1;11;168
11;1;20;869
12;1;20;967
13;1;19;695
*** EOF ***