**** 9 ****
50
12;16;1;2;270;
24;19;1;2;168;
23;14;1;2;479;
17;21;1;2;425;
18;18;1;2;300;
10;17;1;2;265;
23;17;1;2;160;
10;14;1;2;81;
13;19;1;2;163;
17;21;1;2;427;
17;23;1;2;139;
20;14;1;2;402;
16;21;1;2;339;
20;12;1;2;385;
10;15;1;2;208;
23;12;1;2;344;
18;20;1;2;372;
16;16;1;2;183;
20;18;1;2;42;
14;24;1;2;182;
23;19;1;2;116;
19;11;1;2;168;
19;19;1;2;90;
18;19;1;2;252;
12;18;1;2;411;
10;19;1;2;9;
24;21;1;2;177;
19;20;1;2;200;
15;16;1;2;308;
20;12;1;2;321;
14;15;1;2;346;
11;11;1;2;470;
23;19;1;2;392;
15;24;1;2;315;
16;10;1;2;141;
19;15;1;2;160;
19;19;1;2;340;
23;23;1;2;166;
12;24;1;2;377;
18;20;1;2;421;
19;21;1;2;162;
14;13;1;2;408;
17;14;1;2;58;
18;22;1;2;382;
24;22;1;2;247;
15;17;1;2;274;
12;17;1;2;76;
23;13;1;2;78;
22;12;1;2;345;
19;16;1;2;273;
1;1;3;14
2;1;6;516
3;1;14;890
4;1;9;646
5;1;3;741
6;1;10;879
7;1;2;159
8;1;14;131
9;1;2;604
10;1;2;207
11;1;1;224
12;1;9;540
13;1;11;803
*** EOF ***