**** 10 ****
50
14;18;1;2;220;
19;25;1;2;230;
18;17;1;2;191;
13;24;1;2;269;
23;11;1;2;17;
9;25;1;2;141;
15;20;1;2;44;
16;10;1;2;236;
9;16;1;2;343;
19;20;1;2;257;
25;14;1;2;121;
16;22;1;2;197;
14;17;1;2;333;
14;22;1;2;242;
16;16;1;2;481;
12;20;1;2;104;
22;22;1;2;46;
18;9;1;2;194;
23;10;1;2;76;
16;16;1;2;327;
18;25;1;2;258;
20;12;1;2;305;
11;18;1;2;320;
23;22;1;2;69;
24;14;1;2;243;
19;22;1;2;224;
19;16;1;2;467;
16;14;1;2;254;
24;21;1;2;18;
23;21;1;2;451;
9;13;1;2;18;
19;20;1;2;328;
22;15;1;2;131;
19;9;1;2;238;
12;10;1;2;227;
20;24;1;2;158;
18;18;1;2;370;
13;10;1;2;105;
14;23;1;2;407;
10;11;1;2;320;
11;19;1;2;240;
14;15;1;2;253;
11;12;1;2;310;
17;9;1;2;301;
16;18;1;2;97;
14;21;1;2;140;
15;23;1;2;216;
24;18;1;2;340;
21;23;1;2;187;
18;12;1;2;37;
1;1;16;475
2;1;2;202
3;1;16;609
4;1;12;49
5;1;6;321
6;1;15;805
7;1;3;293
8;1;8;666
9;1;4;219
10;1;10;890
11;1;15;341
12;1;3;627
13;1;18;568
*** EOF ***