**** 14 ****
50
19;16;1;2;265;
17;18;1;2;295;
17;16;1;2;98;
16;21;1;2;172;
15;13;1;2;514;
17;14;1;2;223;
16;15;1;2;113;
14;18;1;2;471;
21;18;1;2;155;
21;15;1;2;119;
21;16;1;2;511;
20;16;1;2;425;
19;20;1;2;11;
19;16;1;2;240;
20;17;1;2;332;
18;19;1;2;360;
19;17;1;2;8;
15;18;1;2;415;
16;18;1;2;343;
19;19;1;2;455;
13;18;1;2;379;
15;15;1;2;431;
13;13;1;2;81;
15;18;1;2;54;
21;15;1;2;189;
16;19;1;2;194;
19;17;1;2;159;
16;15;1;2;57;
16;18;1;2;333;
19;14;1;2;500;
20;16;1;2;205;
16;16;1;2;68;
18;14;1;2;125;
15;19;1;2;398;
21;20;1;2;197;
18;14;1;2;116;
15;16;1;2;351;
21;16;1;2;228;
21;19;1;2;304;
15;14;1;2;190;
15;15;1;2;16;
19;20;1;2;284;
17;13;1;2;98;
18;19;1;2;59;
15;18;1;2;177;
20;13;1;2;392;
18;18;1;2;509;
19;14;1;2;444;
13;16;1;2;202;
18;18;1;2;453;
1;1;9;682
2;1;4;284
3;1;16;49
4;1;17;414
5;1;19;606
6;1;12;269
7;1;2;22
8;1;9;564
9;1;10;936
10;1;15;214
11;1;13;856
12;1;20;986
13;1;15;801
*** EOF ***