**** 14 ****
50
22;21;1;2;228;
18;11;1;2;428;
13;10;1;2;399;
19;15;1;2;340;
12;10;1;2;379;
11;19;1;2;4;
22;22;1;2;116;
11;17;1;2;358;
13;18;1;2;111;
22;13;1;2;106;
22;19;1;2;314;
20;23;1;2;50;
22;21;1;2;99;
17;18;1;2;326;
12;20;1;2;105;
18;14;1;2;106;
12;15;1;2;194;
15;17;1;2;282;
17;10;1;2;85;
11;15;1;2;159;
22;15;1;2;59;
12;19;1;2;91;
13;12;1;2;475;
17;16;1;2;77;
16;11;1;2;466;
13;19;1;2;61;
24;15;1;2;166;
21;17;1;2;111;
22;20;1;2;261;
15;10;1;2;226;
14;10;1;2;386;
13;10;1;2;7;
13;14;1;2;459;
12;21;1;2;211;
21;13;1;2;32;
10;17;1;2;32;
10;16;1;2;62;
11;10;1;2;192;
20;12;1;2;37;
23;12;1;2;96;
22;16;1;2;434;
23;17;1;2;320;
22;15;1;2;22;
16;19;1;2;55;
20;10;1;2;299;
12;10;1;2;131;
21;10;1;2;98;
16;21;1;2;190;
14;14;1;2;331;
23;11;1;2;294;
1;1;11;574
2;1;17;311
3;1;11;130
4;1;19;283
5;1;13;45
6;1;7;432
7;1;2;661
8;1;16;195
9;1;7;58
10;1;1;534
11;1;4;628
12;1;15;216
13;1;1;535
*** EOF ***