**** 2 ****
50
11;22;1;2;31;
24;26;1;2;345;
11;27;1;2;455;
21;15;1;2;448;
11;9;1;2;514;
23;16;1;2;512;
5;18;1;2;353;
22;28;1;2;1;
29;27;1;2;66;
28;12;1;2;150;
14;24;1;2;269;
14;29;1;2;195;
24;12;1;2;409;
27;20;1;2;525;
20;15;1;2;403;
25;6;1;2;7;
29;8;1;2;505;
28;17;1;2;77;
6;21;1;2;501;
28;22;1;2;280;
8;13;1;2;148;
22;10;1;2;514;
17;16;1;2;12;
9;17;1;2;466;
7;18;1;2;146;
27;21;1;2;357;
5;28;1;2;19;
11;10;1;2;258;
12;6;1;2;400;
29;12;1;2;37;
12;7;1;2;13;
22;27;1;2;119;
26;18;1;2;192;
20;20;1;2;338;
29;19;1;2;259;
24;11;1;2;480;
5;14;1;2;370;
11;19;1;2;163;
9;25;1;2;389;
25;24;1;2;40;
11;25;1;2;415;
16;9;1;2;50;
19;26;1;2;272;
26;18;1;2;525;
22;12;1;2;204;
27;10;1;2;358;
5;25;1;2;509;
29;15;1;2;182;
25;18;1;2;183;
27;12;1;2;408;
1;1;16;739
2;1;18;825
3;1;15;19
4;1;12;942
5;1;14;984
6;1;5;855
7;1;12;676
8;1;2;448
9;1;13;232
10;1;1;563
11;1;16;257
12;1;8;603
13;1;19;499
*** EOF ***