**** 0 ****
50
22;14;1;2;164;
10;19;1;2;66;
23;13;1;2;150;
24;19;1;2;29;
23;16;1;2;276;
16;23;1;2;109;
19;16;1;2;6;
17;18;1;2;44;
12;16;1;2;61;
22;19;1;2;428;
16;14;1;2;137;
12;12;1;2;373;
24;13;1;2;447;
15;23;1;2;335;
15;22;1;2;143;
16;23;1;2;248;
10;14;1;2;451;
13;19;1;2;224;
10;23;1;2;425;
13;12;1;2;253;
10;13;1;2;108;
12;19;1;2;37;
11;10;1;2;53;
10;11;1;2;439;
24;16;1;2;44;
15;21;1;2;25;
15;23;1;2;265;
16;22;1;2;161;
13;10;1;2;130;
20;11;1;2;106;
12;21;1;2;3;
10;16;1;2;163;
13;14;1;2;162;
15;16;1;2;247;
20;18;1;2;237;
13;18;1;2;384;
13;18;1;2;96;
23;22;1;2;253;
18;23;1;2;200;
22;23;1;2;128;
10;19;1;2;255;
14;20;1;2;400;
17;18;1;2;247;
16;21;1;2;30;
23;10;1;2;149;
23;23;1;2;127;
16;11;1;2;194;
15;18;1;2;420;
12;22;1;2;370;
18;16;1;2;17;
1;1;6;413
2;1;14;501
3;1;4;656
4;1;8;932
5;1;16;366
6;1;2;163
7;1;9;906
8;1;9;461
9;1;18;820
10;1;16;37
11;1;18;437
12;1;18;721
13;1;5;761
*** EOF ***