**** 9 ****
50
13;16;1;2;425;
21;26;1;2;188;
8;14;1;2;253;
23;25;1;2;444;
26;11;1;2;348;
25;13;1;2;36;
11;25;1;2;324;
14;18;1;2;433;
12;9;1;2;57;
19;12;1;2;351;
15;25;1;2;196;
10;10;1;2;292;
14;19;1;2;257;
24;11;1;2;55;
20;12;1;2;350;
13;19;1;2;154;
8;25;1;2;430;
13;8;1;2;434;
12;14;1;2;224;
15;15;1;2;215;
13;16;1;2;163;
15;11;1;2;126;
11;10;1;2;186;
23;20;1;2;443;
9;20;1;2;173;
15;23;1;2;214;
23;22;1;2;172;
13;11;1;2;298;
14;9;1;2;391;
11;11;1;2;320;
24;25;1;2;37;
12;10;1;2;346;
20;10;1;2;136;
22;21;1;2;338;
21;26;1;2;292;
8;15;1;2;177;
13;23;1;2;178;
16;8;1;2;72;
22;14;1;2;33;
10;20;1;2;321;
8;20;1;2;38;
14;20;1;2;194;
23;10;1;2;110;
26;9;1;2;381;
11;9;1;2;218;
14;8;1;2;71;
17;13;1;2;359;
18;21;1;2;248;
16;11;1;2;320;
20;18;1;2;68;
1;1;17;523
2;1;14;98
3;1;5;404
4;1;19;325
5;1;1;151
6;1;11;289
7;1;10;389
8;1;7;672
9;1;14;215
10;1;19;498
11;1;2;457
12;1;12;776
13;1;11;861
*** EOF ***