**** 4 ****
50
12;23;1;2;439;
22;24;1;2;23;
8;27;1;2;173;
21;23;1;2;178;
17;18;1;2;133;
12;16;1;2;156;
8;15;1;2;483;
8;22;1;2;427;
17;23;1;2;30;
16;9;1;2;150;
17;15;1;2;117;
7;15;1;2;179;
20;13;1;2;88;
18;19;1;2;220;
19;9;1;2;124;
25;25;1;2;321;
22;25;1;2;453;
11;15;1;2;187;
14;22;1;2;426;
21;20;1;2;371;
27;26;1;2;474;
17;27;1;2;484;
26;7;1;2;81;
16;16;1;2;147;
13;12;1;2;453;
9;14;1;2;394;
21;25;1;2;427;
10;25;1;2;262;
27;12;1;2;291;
25;23;1;2;280;
24;17;1;2;401;
27;23;1;2;68;
15;12;1;2;4;
16;24;1;2;205;
7;11;1;2;58;
7;16;1;2;264;
15;19;1;2;337;
14;23;1;2;204;
15;11;1;2;346;
10;9;1;2;64;
13;20;1;2;27;
8;15;1;2;145;
7;9;1;2;393;
27;19;1;2;477;
17;16;1;2;284;
8;21;1;2;9;
16;15;1;2;21;
21;13;1;2;358;
27;13;1;2;230;
20;23;1;2;23;
1;1;9;880
2;1;9;960
3;1;19;642
4;1;13;761
5;1;11;697
6;1;9;925
7;1;18;138
8;1;15;194
9;1;14;857
10;1;15;826
11;1;12;945
12;1;4;104
13;1;1;318
*** EOF ***