**** 11 ****
50
20;10;1;2;415;
24;8;1;2;11;
8;23;1;2;392;
24;16;1;2;208;
14;18;1;2;393;
25;10;1;2;421;
23;18;1;2;150;
24;26;1;2;167;
14;11;1;2;6;
16;21;1;2;290;
26;17;1;2;500;
15;23;1;2;386;
17;25;1;2;48;
23;22;1;2;186;
14;26;1;2;179;
26;15;1;2;55;
21;18;1;2;5;
11;13;1;2;215;
12;25;1;2;4;
11;23;1;2;34;
19;8;1;2;109;
16;23;1;2;182;
18;22;1;2;212;
23;24;1;2;423;
17;25;1;2;508;
21;10;1;2;303;
10;14;1;2;166;
18;12;1;2;379;
23;17;1;2;373;
25;13;1;2;22;
9;24;1;2;197;
18;20;1;2;446;
15;8;1;2;231;
10;26;1;2;125;
18;8;1;2;240;
19;22;1;2;140;
17;26;1;2;286;
17;10;1;2;257;
8;19;1;2;123;
18;18;1;2;48;
19;17;1;2;397;
12;22;1;2;45;
8;18;1;2;378;
10;10;1;2;133;
20;11;1;2;288;
21;9;1;2;10;
16;21;1;2;427;
20;16;1;2;65;
16;16;1;2;297;
14;9;1;2;382;
1;1;18;293
2;1;18;734
3;1;16;567
4;1;11;87
5;1;2;872
6;1;2;71
7;1;20;458
8;1;10;335
9;1;15;708
10;1;6;389
11;1;12;211
12;1;13;35
13;1;19;840
*** EOF ***