**** 19 ****
50
15;22;1;2;515;
16;18;1;2;69;
20;11;1;2;454;
21;20;1;2;4;
21;13;1;2;72;
22;15;1;2;18;
19;18;1;2;307;
18;16;1;2;194;
21;13;1;2;478;
16;18;1;2;25;
11;19;1;2;211;
19;18;1;2;408;
15;17;1;2;149;
12;21;1;2;161;
19;15;1;2;77;
16;17;1;2;358;
17;23;1;2;35;
22;20;1;2;375;
19;16;1;2;475;
18;18;1;2;13;
19;17;1;2;214;
11;21;1;2;306;
13;12;1;2;395;
17;22;1;2;328;
14;11;1;2;480;
14;17;1;2;250;
18;22;1;2;308;
21;19;1;2;101;
15;15;1;2;176;
19;14;1;2;224;
19;14;1;2;246;
13;15;1;2;441;
11;13;1;2;375;
17;14;1;2;351;
23;20;1;2;82;
19;13;1;2;297;
15;15;1;2;283;
19;12;1;2;272;
16;11;1;2;299;
18;19;1;2;468;
19;15;1;2;55;
23;18;1;2;324;
16;21;1;2;407;
20;15;1;2;324;
16;22;1;2;240;
11;15;1;2;43;
20;19;1;2;7;
17;16;1;2;326;
22;22;1;2;5;
18;20;1;2;105;
1;1;15;756
2;1;3;309
3;1;3;92
4;1;19;689
5;1;20;478
6;1;14;209
7;1;18;163
8;1;20;866
9;1;8;981
10;1;20;120
11;1;8;893
12;1;5;279
13;1;15;917
*** EOF ***