**** 5 ****
50
16;18;1;2;404;
18;17;1;2;238;
18;16;1;2;259;
16;17;1;2;265;
17;16;1;2;182;
17;17;1;2;293;
18;18;1;2;464;
16;18;1;2;299;
16;16;1;2;78;
16;17;1;2;325;
17;17;1;2;371;
16;17;1;2;202;
17;16;1;2;238;
16;16;1;2;225;
17;17;1;2;269;
16;17;1;2;476;
18;18;1;2;245;
17;18;1;2;97;
17;17;1;2;379;
17;17;1;2;250;
18;16;1;2;138;
17;16;1;2;88;
18;18;1;2;15;
17;17;1;2;160;
17;16;1;2;434;
17;18;1;2;350;
17;17;1;2;291;
18;16;1;2;68;
16;16;1;2;339;
16;18;1;2;439;
17;16;1;2;444;
18;16;1;2;218;
17;16;1;2;73;
17;18;1;2;387;
16;16;1;2;439;
17;18;1;2;313;
18;16;1;2;52;
17;18;1;2;225;
16;16;1;2;105;
16;16;1;2;286;
18;18;1;2;451;
17;17;1;2;271;
17;16;1;2;485;
16;16;1;2;134;
16;17;1;2;381;
17;18;1;2;24;
18;18;1;2;460;
17;16;1;2;371;
17;17;1;2;143;
18;16;1;2;133;
1;1;8;126
2;1;13;938
3;1;6;305
4;1;17;279
5;1;1;7
6;1;2;146
7;1;10;567
8;1;13;404
9;1;17;167
10;1;18;683
11;1;14;496
12;1;16;741
13;1;4;856
*** EOF ***