**** 5 ****
50
8;23;1;2;111;
23;11;1;2;376;
12;7;1;2;206;
10;14;1;2;14;
13;28;1;2;443;
24;22;1;2;274;
13;13;1;2;379;
19;20;1;2;482;
27;25;1;2;398;
24;18;1;2;104;
21;23;1;2;246;
28;28;1;2;292;
15;21;1;2;469;
18;22;1;2;250;
22;11;1;2;298;
10;19;1;2;15;
12;17;1;2;30;
22;16;1;2;237;
6;12;1;2;141;
15;14;1;2;167;
28;7;1;2;451;
26;18;1;2;111;
7;22;1;2;421;
9;17;1;2;300;
23;12;1;2;358;
27;6;1;2;176;
6;18;1;2;238;
14;28;1;2;248;
16;12;1;2;375;
24;20;1;2;293;
8;6;1;2;399;
8;20;1;2;257;
22;23;1;2;221;
7;23;1;2;412;
15;26;1;2;30;
18;13;1;2;270;
24;24;1;2;372;
13;7;1;2;368;
12;7;1;2;53;
11;12;1;2;256;
24;10;1;2;184;
23;11;1;2;50;
28;13;1;2;271;
8;15;1;2;283;
23;7;1;2;191;
6;22;1;2;386;
18;8;1;2;12;
9;27;1;2;156;
20;19;1;2;371;
11;21;1;2;467;
1;1;19;90
2;1;11;836
3;1;10;952
4;1;3;359
5;1;3;138
6;1;2;476
7;1;15;150
8;1;4;245
9;1;18;112
10;1;19;392
11;1;12;325
12;1;4;677
13;1;20;511
*** EOF ***