**** 3 ****
50
16;24;1;2;439;
9;8;1;2;165;
13;15;1;2;153;
21;24;1;2;63;
18;13;1;2;83;
19;11;1;2;456;
9;25;1;2;397;
12;25;1;2;206;
15;11;1;2;69;
20;14;1;2;178;
8;12;1;2;76;
10;22;1;2;144;
18;18;1;2;108;
17;19;1;2;2;
20;26;1;2;125;
25;21;1;2;442;
8;17;1;2;14;
23;11;1;2;340;
13;25;1;2;375;
16;22;1;2;92;
13;13;1;2;417;
9;20;1;2;17;
10;19;1;2;404;
17;14;1;2;12;
15;21;1;2;92;
13;14;1;2;156;
8;23;1;2;278;
19;11;1;2;448;
13;24;1;2;153;
25;11;1;2;49;
19;17;1;2;42;
13;24;1;2;194;
18;26;1;2;390;
22;15;1;2;396;
10;17;1;2;349;
9;24;1;2;56;
10;17;1;2;165;
10;11;1;2;109;
13;18;1;2;270;
22;10;1;2;283;
13;22;1;2;365;
21;20;1;2;425;
12;26;1;2;329;
25;19;1;2;144;
11;18;1;2;311;
26;9;1;2;22;
26;22;1;2;313;
20;11;1;2;412;
16;16;1;2;244;
11;18;1;2;187;
1;1;19;632
2;1;20;660
3;1;16;401
4;1;8;141
5;1;16;611
6;1;10;11
7;1;10;758
8;1;6;211
9;1;12;265
10;1;9;437
11;1;13;341
12;1;2;604
13;1;17;546
*** EOF ***