**** 5 ****
50
15;18;1;2;443;
19;20;1;2;430;
15;21;1;2;218;
20;15;1;2;399;
18;15;1;2;119;
17;19;1;2;183;
18;19;1;2;138;
20;13;1;2;26;
20;16;1;2;331;
14;13;1;2;134;
20;19;1;2;240;
19;21;1;2;129;
21;17;1;2;91;
20;14;1;2;163;
19;15;1;2;351;
21;20;1;2;80;
21;16;1;2;33;
13;15;1;2;241;
15;19;1;2;481;
13;21;1;2;151;
17;14;1;2;314;
14;16;1;2;395;
18;20;1;2;270;
19;16;1;2;457;
15;14;1;2;471;
14;18;1;2;183;
13;20;1;2;14;
13;21;1;2;428;
15;16;1;2;293;
18;13;1;2;285;
18;16;1;2;140;
14;18;1;2;238;
18;14;1;2;442;
13;17;1;2;258;
18;18;1;2;128;
18;17;1;2;381;
19;18;1;2;241;
17;17;1;2;451;
20;17;1;2;447;
20;17;1;2;23;
17;17;1;2;115;
18;19;1;2;271;
13;14;1;2;440;
20;16;1;2;439;
13;16;1;2;348;
19;18;1;2;368;
13;16;1;2;329;
19;21;1;2;126;
16;16;1;2;430;
13;17;1;2;329;
1;1;7;840
2;1;20;505
3;1;8;746
4;1;18;961
5;1;10;453
6;1;19;849
7;1;9;239
8;1;3;486
9;1;5;586
10;1;9;109
11;1;12;991
12;1;20;377
13;1;6;433
*** EOF ***