**** 6 ****
50
17;17;1;2;410;
17;17;1;2;300;
17;17;1;2;273;
17;17;1;2;86;
17;17;1;2;469;
17;17;1;2;389;
17;17;1;2;46;
17;17;1;2;267;
17;17;1;2;319;
17;17;1;2;424;
17;17;1;2;200;
17;17;1;2;412;
17;17;1;2;148;
17;17;1;2;46;
17;17;1;2;28;
17;17;1;2;410;
17;17;1;2;442;
17;17;1;2;345;
17;17;1;2;47;
17;17;1;2;449;
17;17;1;2;424;
17;17;1;2;357;
17;17;1;2;120;
17;17;1;2;422;
17;17;1;2;63;
17;17;1;2;133;
17;17;1;2;8;
17;17;1;2;43;
17;17;1;2;393;
17;17;1;2;288;
17;17;1;2;291;
17;17;1;2;285;
17;17;1;2;239;
17;17;1;2;307;
17;17;1;2;239;
17;17;1;2;310;
17;17;1;2;440;
17;17;1;2;242;
17;17;1;2;8;
17;17;1;2;272;
17;17;1;2;361;
17;17;1;2;93;
17;17;1;2;282;
17;17;1;2;299;
17;17;1;2;461;
17;17;1;2;1;
17;17;1;2;252;
17;17;1;2;163;
17;17;1;2;403;
17;17;1;2;295;
1;1;2;432
2;1;4;949
3;1;10;867
4;1;3;109
5;1;9;197
6;1;18;288
7;1;16;410
8;1;2;822
9;1;19;531
10;1;17;721
11;1;6;308
12;1;1;160
13;1;3;27
*** EOF ***