**** 12 ****
50
13;22;1;2;213;
20;13;1;2;366;
21;15;1;2;421;
15;22;1;2;413;
16;22;1;2;229;
13;14;1;2;50;
13;16;1;2;215;
15;16;1;2;259;
15;21;1;2;227;
22;19;1;2;463;
14;15;1;2;142;
14;13;1;2;25;
19;22;1;2;159;
22;18;1;2;424;
12;20;1;2;396;
15;15;1;2;422;
12;15;1;2;85;
18;13;1;2;266;
21;21;1;2;328;
22;19;1;2;74;
14;17;1;2;272;
19;13;1;2;1;
22;20;1;2;279;
19;15;1;2;226;
16;13;1;2;133;
21;14;1;2;125;
22;14;1;2;235;
21;21;1;2;255;
19;13;1;2;134;
21;21;1;2;375;
22;17;1;2;145;
17;18;1;2;100;
13;13;1;2;407;
19;21;1;2;92;
12;13;1;2;7;
21;13;1;2;127;
15;14;1;2;401;
13;15;1;2;160;
13;13;1;2;142;
17;14;1;2;220;
13;19;1;2;55;
13;20;1;2;240;
16;12;1;2;123;
12;21;1;2;467;
15;17;1;2;35;
17;19;1;2;197;
19;19;1;2;29;
18;19;1;2;205;
21;16;1;2;239;
12;13;1;2;431;
1;1;15;710
2;1;4;139
3;1;20;921
4;1;18;580
5;1;5;760
6;1;6;957
7;1;16;820
8;1;5;92
9;1;12;525
10;1;1;246
11;1;6;619
12;1;5;307
13;1;11;429
*** EOF ***