**** 11 ****
50
4;16;1;2;119;
7;12;1;2;389;
5;13;1;2;148;
10;6;1;2;194;
11;16;1;2;424;
3;27;1;2;390;
22;4;1;2;102;
9;6;1;2;185;
23;3;1;2;284;
23;5;1;2;452;
20;6;1;2;317;
12;9;1;2;102;
9;6;1;2;332;
29;27;1;2;7;
25;14;1;2;268;
25;25;1;2;406;
15;3;1;2;364;
29;11;1;2;446;
4;17;1;2;415;
22;9;1;2;237;
6;11;1;2;268;
12;26;1;2;60;
14;26;1;2;348;
15;14;1;2;215;
18;8;1;2;178;
18;22;1;2;267;
31;29;1;2;252;
6;21;1;2;66;
21;25;1;2;436;
10;8;1;2;374;
11;25;1;2;278;
11;5;1;2;404;
23;4;1;2;318;
14;14;1;2;182;
15;7;1;2;53;
23;16;1;2;186;
9;11;1;2;37;
7;24;1;2;120;
28;28;1;2;337;
14;12;1;2;179;
14;6;1;2;330;
18;4;1;2;295;
30;9;1;2;175;
31;31;1;2;420;
7;31;1;2;475;
14;13;1;2;219;
21;29;1;2;66;
8;6;1;2;376;
21;17;1;2;387;
31;18;1;2;443;
1;1;7;158
2;1;8;258
3;1;18;513
4;1;6;682
5;1;18;696
6;1;10;210
7;1;11;729
8;1;20;584
9;1;14;566
10;1;17;929
11;1;7;415
12;1;10;33
13;1;10;868
*** EOF ***