**** 9 ****
50
27;13;1;2;91;
2;17;1;2;7;
18;32;1;2;147;
25;25;1;2;326;
21;2;1;2;49;
5;26;1;2;254;
29;29;1;2;250;
8;17;1;2;214;
28;28;1;2;106;
5;13;1;2;222;
26;23;1;2;113;
27;8;1;2;143;
21;32;1;2;217;
30;2;1;2;122;
22;4;1;2;8;
25;4;1;2;10;
22;8;1;2;429;
26;31;1;2;343;
32;4;1;2;71;
5;15;1;2;389;
17;15;1;2;318;
18;6;1;2;172;
18;6;1;2;129;
7;5;1;2;97;
16;17;1;2;256;
11;26;1;2;309;
19;3;1;2;257;
16;8;1;2;326;
7;2;1;2;171;
22;30;1;2;318;
6;21;1;2;447;
19;22;1;2;451;
2;5;1;2;428;
2;29;1;2;344;
29;18;1;2;67;
2;2;1;2;330;
8;12;1;2;258;
22;26;1;2;179;
2;2;1;2;137;
15;9;1;2;135;
29;9;1;2;86;
9;5;1;2;396;
9;18;1;2;14;
8;2;1;2;84;
2;16;1;2;306;
7;22;1;2;332;
20;14;1;2;252;
3;26;1;2;414;
3;16;1;2;91;
15;16;1;2;103;
1;1;6;96
2;1;7;721
3;1;18;513
4;1;17;892
5;1;18;668
6;1;11;404
7;1;9;14
8;1;8;255
9;1;16;792
10;1;8;550
11;1;7;163
12;1;11;42
13;1;2;609
*** EOF ***