**** 17 ****
50
31;29;1;2;253;
33;29;1;2;799;
32;33;1;2;616;
28;32;1;2;430;
30;33;1;2;484;
32;34;1;2;585;
30;32;1;2;153;
30;35;1;2;406;
28;35;1;2;676;
30;30;1;2;791;
34;31;1;2;141;
32;30;1;2;383;
29;31;1;2;361;
29;32;1;2;367;
32;34;1;2;337;
34;34;1;2;43;
28;32;1;2;682;
34;31;1;2;97;
29;30;1;2;566;
32;31;1;2;414;
32;30;1;2;469;
34;28;1;2;463;
30;32;1;2;849;
33;35;1;2;833;
34;35;1;2;244;
33;33;1;2;252;
34;30;1;2;431;
29;28;1;2;312;
31;31;1;2;717;
31;33;1;2;632;
32;30;1;2;763;
31;34;1;2;51;
31;35;1;2;408;
32;32;1;2;292;
32;34;1;2;174;
31;30;1;2;533;
31;31;1;2;617;
34;33;1;2;764;
29;29;1;2;560;
34;30;1;2;283;
34;29;1;2;241;
35;32;1;2;147;
34;32;1;2;123;
30;32;1;2;575;
33;28;1;2;18;
28;28;1;2;436;
29;30;1;2;535;
34;34;1;2;153;
30;33;1;2;755;
34;32;1;2;606;
1;1;18;1232
2;1;19;299
3;1;4;20
4;1;12;388
5;1;9;1452
6;1;9;1115
7;1;13;524
8;1;4;225
9;1;5;320
10;1;8;1150
11;1;1;1601
12;1;15;1693
13;1;14;616
*** EOF ***