**** 8 ****
50
26;35;1;2;501;
32;23;1;2;634;
20;30;1;2;23;
35;25;1;2;190;
33;20;1;2;469;
21;25;1;2;590;
20;32;1;2;568;
25;23;1;2;527;
23;34;1;2;496;
31;32;1;2;20;
34;32;1;2;416;
24;21;1;2;274;
23;29;1;2;638;
22;28;1;2;664;
25;26;1;2;552;
25;28;1;2;554;
23;35;1;2;456;
20;20;1;2;638;
26;22;1;2;507;
30;29;1;2;524;
28;32;1;2;351;
20;29;1;2;291;
22;23;1;2;511;
21;31;1;2;219;
21;34;1;2;604;
31;21;1;2;619;
26;31;1;2;16;
23;23;1;2;464;
31;22;1;2;312;
31;28;1;2;497;
35;21;1;2;47;
30;24;1;2;496;
32;25;1;2;646;
20;32;1;2;585;
20;30;1;2;95;
25;32;1;2;641;
35;21;1;2;605;
31;28;1;2;642;
32;24;1;2;407;
20;28;1;2;537;
25;32;1;2;104;
23;27;1;2;523;
26;30;1;2;175;
29;31;1;2;268;
25;34;1;2;345;
23;35;1;2;425;
23;21;1;2;340;
29;28;1;2;491;
26;20;1;2;86;
20;31;1;2;632;
1;1;2;468
2;1;6;440
3;1;1;737
4;1;10;173
5;1;12;455
6;1;4;306
7;1;7;1294
8;1;13;1121
9;1;3;693
10;1;6;1081
11;1;4;1150
12;1;12;316
13;1;16;820
*** EOF ***