**** 3 ****
50
14;8;1;2;24;
13;10;1;2;95;
28;9;1;2;8;
5;29;1;2;185;
31;17;1;2;48;
24;14;1;2;521;
13;25;1;2;299;
25;25;1;2;159;
19;5;1;2;63;
16;21;1;2;250;
30;22;1;2;357;
21;5;1;2;187;
22;29;1;2;375;
14;7;1;2;418;
7;12;1;2;321;
24;34;1;2;128;
7;6;1;2;256;
30;27;1;2;81;
26;28;1;2;24;
10;32;1;2;102;
34;20;1;2;378;
6;24;1;2;263;
23;19;1;2;74;
31;20;1;2;277;
5;31;1;2;211;
13;8;1;2;206;
21;25;1;2;419;
34;28;1;2;514;
25;21;1;2;199;
10;25;1;2;271;
12;6;1;2;224;
6;16;1;2;490;
15;16;1;2;446;
25;29;1;2;2;
22;34;1;2;396;
34;29;1;2;379;
10;33;1;2;447;
12;35;1;2;76;
24;27;1;2;27;
6;20;1;2;77;
28;28;1;2;426;
13;13;1;2;228;
11;33;1;2;390;
10;25;1;2;77;
15;34;1;2;331;
33;25;1;2;512;
18;29;1;2;133;
16;22;1;2;120;
12;16;1;2;131;
25;34;1;2;473;
1;1;17;956
2;1;9;609
3;1;5;524
4;1;1;222
5;1;7;984
6;1;18;466
7;1;13;251
8;1;15;575
9;1;18;315
10;1;14;365
11;1;19;80
12;1;10;663
13;1;10;164
*** EOF ***