**** 2 ****
50
8;24;1;2;145;
16;29;1;2;84;
30;26;1;2;108;
31;33;1;2;325;
19;23;1;2;429;
26;26;1;2;480;
17;16;1;2;17;
12;20;1;2;101;
24;29;1;2;219;
33;9;1;2;44;
28;30;1;2;242;
21;16;1;2;229;
27;9;1;2;429;
34;12;1;2;566;
32;17;1;2;499;
35;25;1;2;247;
13;29;1;2;593;
35;9;1;2;325;
22;10;1;2;401;
26;14;1;2;601;
15;12;1;2;417;
31;34;1;2;505;
14;17;1;2;57;
17;18;1;2;117;
21;30;1;2;560;
23;31;1;2;85;
26;21;1;2;391;
27;29;1;2;326;
33;29;1;2;616;
22;34;1;2;554;
32;11;1;2;487;
9;22;1;2;539;
27;35;1;2;41;
19;16;1;2;1;
10;19;1;2;568;
20;17;1;2;356;
12;24;1;2;489;
19;17;1;2;609;
11;14;1;2;347;
17;31;1;2;357;
10;12;1;2;508;
18;25;1;2;501;
30;23;1;2;415;
34;15;1;2;423;
30;32;1;2;214;
18;16;1;2;306;
18;18;1;2;26;
34;23;1;2;311;
15;32;1;2;536;
12;11;1;2;441;
1;1;9;1015
2;1;13;697
3;1;1;970
4;1;16;1154
5;1;9;512
6;1;3;66
7;1;10;418
8;1;2;817
9;1;2;295
10;1;17;789
11;1;14;333
12;1;6;180
13;1;19;489
*** EOF ***