**** 16 ****
50
24;25;1;2;172;
30;25;1;2;135;
34;28;1;2;722;
25;32;1;2;457;
24;32;1;2;712;
35;33;1;2;437;
27;30;1;2;746;
27;28;1;2;595;
27;24;1;2;229;
28;26;1;2;765;
32;27;1;2;541;
26;33;1;2;321;
25;27;1;2;789;
30;26;1;2;491;
30;32;1;2;399;
27;35;1;2;581;
34;26;1;2;228;
24;32;1;2;413;
34;35;1;2;190;
32;27;1;2;419;
31;25;1;2;598;
24;33;1;2;311;
34;35;1;2;781;
26;27;1;2;149;
24;25;1;2;224;
32;24;1;2;657;
34;34;1;2;781;
26;28;1;2;756;
30;29;1;2;610;
35;29;1;2;362;
26;30;1;2;305;
34;33;1;2;431;
33;30;1;2;411;
30;30;1;2;16;
32;33;1;2;222;
30;24;1;2;451;
26;31;1;2;231;
30;26;1;2;83;
33;30;1;2;106;
35;32;1;2;429;
29;26;1;2;54;
26;27;1;2;618;
31;31;1;2;750;
31;29;1;2;347;
35;25;1;2;88;
24;35;1;2;183;
32;25;1;2;334;
31;25;1;2;391;
26;24;1;2;684;
25;25;1;2;436;
1;1;5;660
2;1;4;1589
3;1;9;475
4;1;6;903
5;1;3;870
6;1;17;747
7;1;2;428
8;1;10;164
9;1;17;1015
10;1;9;143
11;1;10;985
12;1;12;509
13;1;20;604
*** EOF ***