**** 0 ****
50
24;25;1;2;651;
27;27;1;2;707;
28;35;1;2;6;
24;31;1;2;94;
28;27;1;2;29;
28;28;1;2;759;
24;24;1;2;473;
29;29;1;2;87;
31;28;1;2;76;
31;27;1;2;673;
30;26;1;2;632;
33;25;1;2;164;
31;34;1;2;407;
26;34;1;2;664;
28;24;1;2;545;
25;25;1;2;284;
31;32;1;2;81;
31;35;1;2;436;
35;27;1;2;407;
34;35;1;2;198;
35;31;1;2;111;
28;34;1;2;445;
32;28;1;2;619;
28;27;1;2;658;
29;29;1;2;211;
27;30;1;2;339;
28;35;1;2;240;
26;26;1;2;145;
33;32;1;2;365;
28;31;1;2;462;
27;26;1;2;1;
31;31;1;2;624;
30;32;1;2;657;
35;28;1;2;772;
33;28;1;2;161;
29;25;1;2;350;
33;35;1;2;516;
26;25;1;2;350;
33;33;1;2;657;
34;32;1;2;69;
34;34;1;2;421;
28;33;1;2;676;
28;30;1;2;591;
32;34;1;2;188;
25;26;1;2;576;
33;33;1;2;190;
27;26;1;2;295;
29;26;1;2;645;
27;28;1;2;690;
26;29;1;2;219;
1;1;6;180
2;1;20;254
3;1;18;367
4;1;5;1336
5;1;7;1391
6;1;6;473
7;1;19;1223
8;1;11;841
9;1;15;117
10;1;18;1005
11;1;18;589
12;1;15;1131
13;1;18;1285
*** EOF ***