**** 7 ****
50
8;7;1;2;167;
15;8;1;2;209;
15;31;1;2;269;
28;20;1;2;566;
18;34;1;2;364;
34;11;1;2;48;
20;15;1;2;108;
22;19;1;2;195;
15;29;1;2;32;
9;22;1;2;223;
30;20;1;2;164;
10;6;1;2;205;
21;33;1;2;265;
17;17;1;2;385;
13;19;1;2;325;
12;23;1;2;292;
14;25;1;2;16;
22;20;1;2;263;
28;18;1;2;499;
11;7;1;2;404;
19;29;1;2;107;
32;33;1;2;417;
25;7;1;2;551;
14;16;1;2;539;
34;9;1;2;36;
10;11;1;2;98;
21;34;1;2;52;
29;35;1;2;448;
28;31;1;2;577;
7;22;1;2;207;
21;16;1;2;81;
21;29;1;2;491;
22;31;1;2;318;
17;10;1;2;170;
31;6;1;2;361;
30;31;1;2;110;
33;23;1;2;518;
31;32;1;2;88;
11;14;1;2;75;
15;27;1;2;142;
11;28;1;2;152;
15;17;1;2;390;
28;34;1;2;191;
20;14;1;2;268;
29;8;1;2;544;
10;17;1;2;417;
22;6;1;2;193;
16;18;1;2;512;
24;9;1;2;539;
16;8;1;2;285;
1;1;9;828
2;1;20;866
3;1;14;29
4;1;12;389
5;1;7;435
6;1;16;756
7;1;15;372
8;1;19;1086
9;1;16;646
10;1;1;925
11;1;14;481
12;1;10;907
13;1;18;620
*** EOF ***