**** 12 ****
50
24;25;1;2;14;
13;15;1;2;400;
16;33;1;2;511;
34;24;1;2;560;
17;13;1;2;409;
23;13;1;2;489;
35;22;1;2;420;
17;24;1;2;78;
18;22;1;2;231;
29;19;1;2;512;
32;29;1;2;397;
20;33;1;2;458;
12;22;1;2;559;
14;34;1;2;609;
22;24;1;2;174;
22;29;1;2;247;
13;27;1;2;609;
24;30;1;2;602;
21;23;1;2;35;
20;16;1;2;398;
12;20;1;2;527;
17;21;1;2;383;
23;35;1;2;71;
34;20;1;2;404;
14;30;1;2;39;
31;22;1;2;292;
14;13;1;2;156;
12;12;1;2;489;
32;27;1;2;363;
30;30;1;2;183;
27;30;1;2;275;
31;24;1;2;133;
30;18;1;2;75;
18;23;1;2;59;
20;33;1;2;331;
23;12;1;2;520;
27;33;1;2;592;
31;14;1;2;556;
30;17;1;2;36;
13;24;1;2;60;
12;17;1;2;106;
30;24;1;2;32;
30;27;1;2;392;
20;18;1;2;544;
24;16;1;2;298;
18;26;1;2;414;
32;24;1;2;466;
29;30;1;2;98;
13;16;1;2;474;
17;25;1;2;179;
1;1;20;844
2;1;15;1075
3;1;16;904
4;1;2;1128
5;1;19;330
6;1;13;185
7;1;12;417
8;1;4;1123
9;1;6;133
10;1;3;364
11;1;6;665
12;1;3;389
13;1;11;760
*** EOF ***