**** 14 ****
50
28;19;1;2;235;
30;10;1;2;198;
7;11;1;2;475;
12;19;1;2;524;
21;21;1;2;83;
8;26;1;2;573;
11;7;1;2;340;
24;23;1;2;372;
12;20;1;2;159;
34;32;1;2;488;
6;18;1;2;446;
35;8;1;2;278;
28;19;1;2;548;
30;28;1;2;308;
30;22;1;2;122;
27;22;1;2;21;
13;15;1;2;250;
31;21;1;2;262;
27;16;1;2;104;
13;31;1;2;265;
14;35;1;2;378;
34;15;1;2;319;
26;12;1;2;386;
18;26;1;2;44;
33;22;1;2;378;
27;8;1;2;500;
15;6;1;2;425;
33;29;1;2;321;
12;26;1;2;285;
35;21;1;2;298;
30;29;1;2;357;
29;15;1;2;422;
18;20;1;2;464;
26;8;1;2;4;
26;8;1;2;147;
8;27;1;2;18;
8;11;1;2;108;
13;6;1;2;282;
24;19;1;2;408;
16;12;1;2;441;
24;28;1;2;512;
27;30;1;2;449;
26;35;1;2;503;
22;14;1;2;42;
33;33;1;2;33;
22;7;1;2;573;
33;19;1;2;94;
34;29;1;2;284;
16;8;1;2;586;
20;22;1;2;39;
1;1;20;499
2;1;7;613
3;1;13;360
4;1;13;238
5;1;2;771
6;1;15;1255
7;1;20;258
8;1;4;675
9;1;15;97
10;1;20;648
11;1;12;1204
12;1;2;838
13;1;1;581
*** EOF ***