**** 3 ****
50
32;12;1;2;450;
33;19;1;2;337;
20;15;1;2;45;
13;15;1;2;294;
22;11;1;2;245;
14;27;1;2;114;
32;27;1;2;504;
28;30;1;2;374;
28;13;1;2;326;
13;27;1;2;377;
19;32;1;2;374;
14;25;1;2;120;
14;10;1;2;580;
22;13;1;2;111;
22;22;1;2;514;
27;30;1;2;549;
13;33;1;2;130;
12;19;1;2;538;
28;29;1;2;289;
25;13;1;2;348;
22;21;1;2;45;
21;20;1;2;363;
11;35;1;2;427;
15;19;1;2;399;
27;12;1;2;537;
31;31;1;2;167;
26;17;1;2;508;
21;27;1;2;425;
13;13;1;2;383;
31;15;1;2;592;
24;25;1;2;465;
20;24;1;2;166;
20;18;1;2;152;
22;24;1;2;300;
30;29;1;2;168;
14;24;1;2;107;
29;19;1;2;19;
15;25;1;2;152;
34;26;1;2;545;
17;26;1;2;264;
15;18;1;2;457;
16;16;1;2;330;
18;28;1;2;370;
20;23;1;2;566;
33;16;1;2;470;
31;26;1;2;518;
18;14;1;2;45;
10;27;1;2;453;
29;25;1;2;206;
35;31;1;2;85;
1;1;3;1190
2;1;7;683
3;1;12;68
4;1;1;1122
5;1;12;1130
6;1;2;1084
7;1;5;113
8;1;10;45
9;1;10;294
10;1;7;1109
11;1;9;808
12;1;7;942
13;1;15;442
*** EOF ***