**** 5 ****
50
19;33;1;2;6;
30;20;1;2;461;
21;18;1;2;254;
24;24;1;2;486;
14;26;1;2;139;
24;28;1;2;81;
13;15;1;2;306;
25;13;1;2;131;
25;24;1;2;366;
12;21;1;2;19;
20;26;1;2;575;
28;24;1;2;419;
28;12;1;2;257;
32;34;1;2;315;
34;13;1;2;131;
21;28;1;2;555;
21;29;1;2;61;
32;28;1;2;8;
33;14;1;2;238;
35;28;1;2;230;
28;29;1;2;78;
13;21;1;2;665;
30;31;1;2;95;
16;22;1;2;370;
13;30;1;2;185;
22;31;1;2;568;
31;18;1;2;118;
18;23;1;2;159;
18;17;1;2;392;
16;34;1;2;191;
25;16;1;2;104;
14;32;1;2;604;
13;13;1;2;201;
24;19;1;2;170;
20;12;1;2;468;
22;32;1;2;261;
17;31;1;2;64;
31;17;1;2;79;
26;33;1;2;233;
30;13;1;2;10;
23;23;1;2;48;
29;14;1;2;558;
12;26;1;2;68;
16;19;1;2;142;
17;12;1;2;361;
22;33;1;2;276;
31;22;1;2;27;
23;20;1;2;367;
34;15;1;2;177;
30;18;1;2;600;
1;1;2;902
2;1;17;1239
3;1;17;479
4;1;14;784
5;1;19;1175
6;1;20;174
7;1;20;527
8;1;10;93
9;1;10;1094
10;1;20;753
11;1;19;242
12;1;16;288
13;1;6;498
*** EOF ***