**** 16 ****
50
27;34;1;2;470;
32;34;1;2;148;
30;29;1;2;298;
34;27;1;2;368;
32;22;1;2;178;
31;25;1;2;614;
31;34;1;2;751;
31;32;1;2;700;
22;22;1;2;48;
23;31;1;2;315;
35;24;1;2;584;
25;29;1;2;627;
25;29;1;2;384;
29;22;1;2;19;
28;24;1;2;654;
23;25;1;2;341;
28;34;1;2;326;
23;25;1;2;346;
31;31;1;2;617;
30;35;1;2;416;
35;33;1;2;672;
32;32;1;2;643;
24;22;1;2;576;
24;33;1;2;498;
29;33;1;2;785;
26;26;1;2;703;
22;25;1;2;782;
24;34;1;2;654;
34;34;1;2;757;
27;34;1;2;112;
29;34;1;2;36;
23;30;1;2;340;
32;22;1;2;629;
29;35;1;2;412;
26;22;1;2;392;
35;29;1;2;704;
23;30;1;2;511;
25;33;1;2;225;
34;27;1;2;73;
34;31;1;2;366;
26;31;1;2;736;
35;34;1;2;731;
28;28;1;2;196;
35;34;1;2;54;
25;26;1;2;514;
34;30;1;2;32;
28;33;1;2;124;
28;30;1;2;510;
29;33;1;2;126;
33;23;1;2;14;
1;1;19;1099
2;1;10;572
3;1;11;13
4;1;1;1075
5;1;20;800
6;1;16;85
7;1;15;755
8;1;17;998
9;1;7;34
10;1;16;1544
11;1;2;1469
12;1;7;508
13;1;13;547
*** EOF ***