**** 10 ****
50
28;31;1;2;761;
33;34;1;2;57;
23;26;1;2;567;
27;27;1;2;771;
31;32;1;2;13;
29;24;1;2;28;
24;24;1;2;322;
30;22;1;2;506;
24;35;1;2;445;
35;22;1;2;124;
29;27;1;2;582;
34;35;1;2;603;
26;24;1;2;590;
24;34;1;2;83;
28;31;1;2;244;
23;29;1;2;457;
29;29;1;2;110;
35;30;1;2;124;
22;29;1;2;416;
23;33;1;2;344;
34;32;1;2;311;
25;32;1;2;79;
33;26;1;2;281;
33;24;1;2;500;
29;23;1;2;121;
27;33;1;2;214;
32;27;1;2;194;
34;25;1;2;691;
33;29;1;2;742;
29;32;1;2;472;
31;28;1;2;585;
25;30;1;2;421;
32;27;1;2;345;
24;30;1;2;494;
25;27;1;2;348;
34;33;1;2;7;
28;31;1;2;678;
34;34;1;2;248;
33;33;1;2;514;
33;34;1;2;628;
35;26;1;2;534;
30;32;1;2;573;
30;26;1;2;461;
22;29;1;2;372;
23;28;1;2;496;
30;25;1;2;606;
34;23;1;2;337;
26;28;1;2;249;
31;28;1;2;412;
30;28;1;2;256;
1;1;1;70
2;1;7;1206
3;1;17;18
4;1;3;1493
5;1;12;1445
6;1;2;655
7;1;17;590
8;1;16;1255
9;1;8;488
10;1;11;162
11;1;10;923
12;1;3;385
13;1;10;498
*** EOF ***