**** 0 ****
50
18;19;1;2;114;
35;24;1;2;708;
22;21;1;2;401;
25;21;1;2;612;
22;35;1;2;251;
27;20;1;2;563;
19;18;1;2;41;
18;28;1;2;436;
22;31;1;2;119;
20;22;1;2;592;
23;18;1;2;83;
32;34;1;2;40;
25;18;1;2;393;
30;25;1;2;312;
24;31;1;2;297;
18;19;1;2;289;
26;22;1;2;191;
28;19;1;2;294;
32;31;1;2;311;
23;18;1;2;224;
35;22;1;2;564;
23;34;1;2;619;
27;32;1;2;578;
29;20;1;2;514;
31;19;1;2;669;
29;34;1;2;186;
23;28;1;2;406;
31;21;1;2;32;
31;30;1;2;264;
23;23;1;2;479;
19;27;1;2;525;
35;32;1;2;427;
30;25;1;2;268;
30;20;1;2;22;
32;18;1;2;109;
20;21;1;2;290;
31;33;1;2;330;
31;18;1;2;706;
23;35;1;2;580;
28;27;1;2;221;
29;28;1;2;412;
24;24;1;2;661;
32;27;1;2;664;
18;26;1;2;190;
26;22;1;2;590;
35;22;1;2;125;
24;33;1;2;561;
27;20;1;2;345;
24;32;1;2;580;
27;30;1;2;239;
1;1;5;1050
2;1;16;1372
3;1;17;386
4;1;4;666
5;1;19;490
6;1;4;338
7;1;11;802
8;1;5;173
9;1;8;139
10;1;9;1112
11;1;10;96
12;1;8;936
13;1;1;1213
*** EOF ***