**** 5 ****
50
30;32;1;2;315;
33;35;1;2;27;
33;32;1;2;537;
35;34;1;2;879;
31;32;1;2;490;
35;30;1;2;634;
33;31;1;2;180;
34;33;1;2;458;
35;33;1;2;800;
31;32;1;2;723;
33;35;1;2;23;
30;34;1;2;862;
31;32;1;2;619;
32;32;1;2;630;
33;30;1;2;319;
35;34;1;2;703;
31;32;1;2;790;
35;33;1;2;421;
34;34;1;2;210;
30;31;1;2;794;
30;32;1;2;87;
32;31;1;2;818;
34;30;1;2;97;
31;30;1;2;123;
34;31;1;2;510;
34;32;1;2;586;
31;32;1;2;74;
32;33;1;2;605;
30;35;1;2;370;
34;34;1;2;363;
34;31;1;2;18;
31;32;1;2;690;
34;31;1;2;511;
31;33;1;2;457;
33;34;1;2;45;
32;30;1;2;718;
33;32;1;2;42;
35;32;1;2;701;
32;35;1;2;452;
35;32;1;2;188;
35;33;1;2;776;
35;35;1;2;799;
35;34;1;2;56;
33;34;1;2;824;
31;31;1;2;721;
32;31;1;2;425;
35;35;1;2;354;
34;32;1;2;543;
34;32;1;2;235;
30;35;1;2;68;
1;1;5;643
2;1;8;1119
3;1;17;185
4;1;14;129
5;1;15;1006
6;1;17;36
7;1;18;594
8;1;18;1510
9;1;3;816
10;1;9;1565
11;1;16;1272
12;1;4;533
13;1;8;917
*** EOF ***