**** 17 ****
50
30;35;1;2;83;
27;31;1;2;589;
27;33;1;2;358;
32;26;1;2;435;
32;27;1;2;62;
31;31;1;2;213;
28;26;1;2;112;
30;30;1;2;628;
27;27;1;2;11;
32;27;1;2;775;
31;35;1;2;704;
34;28;1;2;652;
34;31;1;2;46;
27;31;1;2;288;
31;34;1;2;659;
29;30;1;2;506;
30;35;1;2;195;
31;31;1;2;513;
27;31;1;2;811;
31;27;1;2;701;
35;31;1;2;186;
31;26;1;2;445;
31;29;1;2;665;
29;27;1;2;432;
30;28;1;2;255;
29;29;1;2;376;
26;33;1;2;512;
30;26;1;2;593;
34;27;1;2;664;
28;33;1;2;753;
29;29;1;2;391;
30;32;1;2;200;
26;34;1;2;212;
30;26;1;2;247;
28;31;1;2;569;
33;29;1;2;575;
27;31;1;2;399;
28;26;1;2;761;
28;31;1;2;376;
27;33;1;2;323;
33;29;1;2;640;
29;31;1;2;291;
32;31;1;2;638;
28;35;1;2;561;
27;27;1;2;79;
27;29;1;2;213;
30;29;1;2;668;
32;31;1;2;626;
27;28;1;2;518;
28;34;1;2;77;
1;1;14;853
2;1;20;406
3;1;7;886
4;1;15;226
5;1;13;646
6;1;16;738
7;1;4;723
8;1;9;1544
9;1;6;1468
10;1;17;1623
11;1;14;916
12;1;1;605
13;1;11;1352
*** EOF ***