**** 1 ****
50
34;33;1;2;305;
10;26;1;2;271;
29;7;1;2;390;
35;6;1;2;277;
12;9;1;2;243;
15;16;1;2;235;
9;15;1;2;108;
25;11;1;2;411;
28;25;1;2;328;
11;24;1;2;40;
33;6;1;2;9;
34;15;1;2;536;
29;13;1;2;351;
19;20;1;2;174;
34;21;1;2;353;
21;17;1;2;572;
20;17;1;2;311;
14;23;1;2;580;
11;29;1;2;76;
31;22;1;2;396;
7;12;1;2;174;
19;32;1;2;4;
20;18;1;2;428;
18;27;1;2;3;
24;9;1;2;124;
19;17;1;2;271;
34;21;1;2;236;
25;17;1;2;521;
19;12;1;2;540;
9;30;1;2;559;
30;9;1;2;42;
6;18;1;2;334;
33;9;1;2;32;
16;20;1;2;554;
17;24;1;2;226;
22;8;1;2;309;
20;27;1;2;524;
10;10;1;2;14;
5;22;1;2;478;
15;4;1;2;470;
9;14;1;2;344;
6;12;1;2;143;
25;28;1;2;34;
15;31;1;2;176;
16;5;1;2;572;
32;29;1;2;361;
30;23;1;2;203;
7;18;1;2;283;
23;25;1;2;158;
27;11;1;2;195;
1;1;1;538
2;1;3;802
3;1;13;70
4;1;2;1113
5;1;8;215
6;1;11;574
7;1;9;145
8;1;16;32
9;1;18;894
10;1;16;95
11;1;18;978
12;1;20;1053
13;1;13;924
*** EOF ***