**** 16 ****
50
32;35;1;2;75;
32;34;1;2;667;
33;35;1;2;1;
35;35;1;2;508;
33;33;1;2;431;
35;32;1;2;347;
35;34;1;2;84;
33;32;1;2;654;
33;35;1;2;834;
35;34;1;2;277;
34;34;1;2;80;
32;35;1;2;306;
33;32;1;2;125;
33;35;1;2;661;
34;32;1;2;541;
33;35;1;2;522;
34;33;1;2;791;
34;35;1;2;206;
35;34;1;2;756;
33;32;1;2;743;
33;34;1;2;366;
35;33;1;2;625;
34;32;1;2;55;
32;35;1;2;315;
33;33;1;2;208;
34;35;1;2;265;
33;32;1;2;212;
34;35;1;2;245;
33;33;1;2;114;
34;32;1;2;874;
35;34;1;2;374;
35;32;1;2;681;
33;34;1;2;722;
35;32;1;2;846;
33;34;1;2;347;
32;35;1;2;322;
34;35;1;2;730;
35;35;1;2;837;
33;32;1;2;713;
32;33;1;2;467;
32;32;1;2;651;
32;32;1;2;280;
35;33;1;2;252;
35;34;1;2;263;
33;34;1;2;502;
32;33;1;2;738;
35;33;1;2;847;
34;33;1;2;712;
35;35;1;2;197;
35;32;1;2;417;
1;1;10;559
2;1;14;1421
3;1;9;638
4;1;12;174
5;1;7;743
6;1;16;426
7;1;11;697
8;1;17;1390
9;1;17;1642
10;1;4;908
11;1;9;1321
12;1;18;231
13;1;15;835
*** EOF ***