**** 19 ****
50
32;29;1;2;87;
28;33;1;2;60;
34;29;1;2;590;
32;27;1;2;603;
34;26;1;2;418;
26;31;1;2;827;
34;35;1;2;514;
30;28;1;2;282;
35;32;1;2;244;
35;32;1;2;758;
28;30;1;2;328;
32;31;1;2;272;
35;27;1;2;783;
31;30;1;2;568;
30;30;1;2;416;
28;28;1;2;228;
32;35;1;2;157;
35;26;1;2;740;
34;27;1;2;642;
27;31;1;2;319;
35;27;1;2;607;
33;30;1;2;365;
27;34;1;2;500;
26;34;1;2;288;
29;26;1;2;308;
32;34;1;2;26;
32;34;1;2;249;
32;35;1;2;636;
28;27;1;2;774;
29;28;1;2;600;
32;26;1;2;552;
34;32;1;2;174;
31;31;1;2;138;
26;32;1;2;409;
27;29;1;2;237;
31;29;1;2;636;
31;33;1;2;710;
33;28;1;2;38;
30;31;1;2;488;
29;35;1;2;421;
35;30;1;2;456;
29;34;1;2;289;
26;32;1;2;144;
26;26;1;2;826;
32;35;1;2;438;
32;26;1;2;446;
28;26;1;2;579;
30;32;1;2;652;
32;26;1;2;392;
28;26;1;2;288;
1;1;14;1599
2;1;18;352
3;1;16;824
4;1;9;407
5;1;9;1405
6;1;10;1674
7;1;19;1552
8;1;10;1256
9;1;11;93
10;1;4;677
11;1;5;269
12;1;10;54
13;1;9;581
*** EOF ***