**** 17 ****
50
24;14;1;2;555;
25;30;1;2;254;
22;17;1;2;478;
9;22;1;2;197;
28;18;1;2;408;
28;28;1;2;497;
12;28;1;2;248;
22;24;1;2;187;
35;19;1;2;10;
26;21;1;2;291;
16;25;1;2;357;
4;20;1;2;49;
34;11;1;2;408;
9;8;1;2;560;
34;26;1;2;124;
32;34;1;2;258;
6;24;1;2;463;
24;26;1;2;457;
23;34;1;2;443;
26;27;1;2;147;
21;25;1;2;566;
15;25;1;2;331;
7;28;1;2;313;
11;7;1;2;209;
31;22;1;2;39;
4;15;1;2;147;
27;34;1;2;584;
35;14;1;2;413;
22;6;1;2;374;
10;23;1;2;534;
23;26;1;2;213;
10;7;1;2;350;
14;35;1;2;334;
31;33;1;2;142;
35;17;1;2;354;
23;35;1;2;276;
9;17;1;2;87;
12;18;1;2;215;
24;21;1;2;60;
12;16;1;2;563;
27;24;1;2;183;
28;20;1;2;482;
31;4;1;2;394;
28;22;1;2;547;
31;32;1;2;284;
27;4;1;2;280;
6;20;1;2;384;
11;30;1;2;558;
25;9;1;2;64;
10;13;1;2;369;
1;1;14;1108
2;1;7;770
3;1;9;547
4;1;16;1148
5;1;12;970
6;1;9;859
7;1;4;819
8;1;16;611
9;1;12;1092
10;1;20;424
11;1;17;31
12;1;5;841
13;1;9;742
*** EOF ***