**** 5 ****
50
35;30;1;2;190;
26;19;1;2;660;
32;28;1;2;52;
25;25;1;2;261;
21;19;1;2;325;
21;20;1;2;2;
25;17;1;2;207;
15;21;1;2;495;
26;27;1;2;161;
31;24;1;2;361;
19;30;1;2;276;
32;15;1;2;199;
30;29;1;2;349;
33;18;1;2;77;
17;31;1;2;626;
22;32;1;2;667;
16;16;1;2;533;
32;26;1;2;706;
23;16;1;2;291;
19;30;1;2;231;
34;19;1;2;665;
26;27;1;2;43;
15;27;1;2;139;
14;34;1;2;614;
26;17;1;2;286;
32;23;1;2;57;
35;27;1;2;101;
26;18;1;2;499;
23;18;1;2;25;
14;16;1;2;387;
21;34;1;2;364;
27;22;1;2;467;
31;15;1;2;245;
30;25;1;2;312;
34;15;1;2;21;
26;28;1;2;460;
23;18;1;2;694;
31;26;1;2;490;
25;33;1;2;25;
25;33;1;2;272;
33;17;1;2;193;
22;19;1;2;335;
23;28;1;2;122;
30;14;1;2;404;
21;33;1;2;39;
28;31;1;2;452;
34;24;1;2;349;
31;18;1;2;518;
32;17;1;2;557;
29;29;1;2;309;
1;1;2;1044
2;1;6;41
3;1;9;736
4;1;13;1354
5;1;14;704
6;1;11;419
7;1;18;1106
8;1;7;1173
9;1;10;597
10;1;18;278
11;1;9;477
12;1;10;689
13;1;3;314
*** EOF ***