**** 14 ****
50
11;9;1;2;269;
9;22;1;2;352;
24;22;1;2;331;
23;19;1;2;133;
32;20;1;2;494;
4;8;1;2;67;
24;30;1;2;168;
22;34;1;2;190;
23;13;1;2;535;
34;35;1;2;319;
34;15;1;2;84;
35;26;1;2;88;
17;30;1;2;271;
29;25;1;2;489;
10;30;1;2;314;
29;24;1;2;307;
11;15;1;2;26;
35;27;1;2;290;
15;31;1;2;130;
16;29;1;2;486;
15;26;1;2;178;
8;17;1;2;48;
13;27;1;2;526;
28;27;1;2;514;
27;15;1;2;265;
20;8;1;2;343;
22;30;1;2;137;
18;9;1;2;401;
21;11;1;2;578;
34;23;1;2;561;
12;18;1;2;357;
34;14;1;2;125;
24;18;1;2;206;
4;24;1;2;92;
30;34;1;2;280;
16;19;1;2;229;
20;10;1;2;465;
13;22;1;2;412;
35;22;1;2;477;
5;31;1;2;476;
33;7;1;2;404;
10;28;1;2;266;
32;24;1;2;376;
30;8;1;2;321;
9;9;1;2;536;
19;30;1;2;7;
27;13;1;2;234;
35;31;1;2;174;
6;30;1;2;125;
14;16;1;2;130;
1;1;15;530
2;1;11;178
3;1;8;30
4;1;18;505
5;1;7;1056
6;1;10;230
7;1;12;892
8;1;10;1015
9;1;3;942
10;1;5;324
11;1;13;397
12;1;10;384
13;1;13;342
*** EOF ***