**** 19 ****
50
5;15;1;2;278;
20;21;1;2;388;
28;35;1;2;54;
25;28;1;2;286;
6;33;1;2;506;
9;18;1;2;296;
10;19;1;2;261;
16;2;1;2;383;
13;19;1;2;57;
7;25;1;2;14;
34;31;1;2;388;
7;30;1;2;361;
21;3;1;2;262;
9;28;1;2;262;
24;31;1;2;280;
28;22;1;2;375;
29;7;1;2;408;
25;14;1;2;174;
23;28;1;2;96;
27;28;1;2;361;
33;13;1;2;148;
31;34;1;2;537;
20;23;1;2;303;
22;28;1;2;329;
25;9;1;2;159;
8;9;1;2;270;
33;28;1;2;25;
34;17;1;2;299;
21;2;1;2;154;
18;19;1;2;531;
6;34;1;2;447;
21;4;1;2;373;
4;11;1;2;529;
7;5;1;2;374;
7;33;1;2;78;
7;35;1;2;13;
19;15;1;2;241;
8;23;1;2;511;
24;24;1;2;438;
34;18;1;2;122;
15;26;1;2;59;
10;8;1;2;505;
4;8;1;2;52;
23;21;1;2;284;
30;11;1;2;315;
32;17;1;2;441;
23;11;1;2;193;
16;10;1;2;168;
22;27;1;2;379;
13;28;1;2;69;
1;1;12;751
2;1;17;707
3;1;3;838
4;1;16;646
5;1;18;317
6;1;4;275
7;1;16;491
8;1;16;955
9;1;5;882
10;1;17;435
11;1;16;368
12;1;7;527
13;1;20;770
*** EOF ***