**** 16 ****
50
34;35;1;2;515;
32;32;1;2;366;
30;31;1;2;8;
31;31;1;2;507;
34;35;1;2;136;
31;30;1;2;248;
32;30;1;2;417;
33;31;1;2;391;
33;34;1;2;405;
35;31;1;2;413;
30;31;1;2;366;
30;35;1;2;705;
33;30;1;2;485;
33;33;1;2;416;
34;34;1;2;491;
32;33;1;2;702;
34;30;1;2;668;
34;35;1;2;572;
32;32;1;2;278;
31;34;1;2;790;
34;32;1;2;654;
30;34;1;2;568;
31;34;1;2;437;
35;33;1;2;664;
31;34;1;2;327;
30;30;1;2;640;
32;35;1;2;668;
33;30;1;2;355;
35;33;1;2;437;
33;34;1;2;404;
35;35;1;2;468;
34;32;1;2;164;
35;35;1;2;494;
31;32;1;2;78;
31;34;1;2;771;
34;35;1;2;189;
35;30;1;2;515;
35;34;1;2;354;
31;30;1;2;276;
30;32;1;2;83;
35;34;1;2;614;
31;34;1;2;681;
35;35;1;2;192;
35;35;1;2;276;
33;33;1;2;438;
32;32;1;2;616;
32;35;1;2;338;
31;35;1;2;729;
34;33;1;2;29;
35;34;1;2;84;
1;1;17;81
2;1;19;1471
3;1;4;1410
4;1;15;760
5;1;2;690
6;1;14;1694
7;1;3;1331
8;1;17;404
9;1;13;833
10;1;3;743
11;1;15;1219
12;1;15;176
13;1;2;1089
*** EOF ***