**** 12 ****
50
14;26;1;2;91;
33;28;1;2;520;
7;18;1;2;258;
3;12;1;2;441;
27;17;1;2;192;
4;35;1;2;202;
19;27;1;2;218;
24;33;1;2;106;
16;34;1;2;501;
32;25;1;2;204;
33;12;1;2;26;
31;11;1;2;193;
26;16;1;2;515;
7;27;1;2;171;
6;9;1;2;466;
24;20;1;2;167;
15;29;1;2;42;
9;24;1;2;414;
17;33;1;2;251;
29;11;1;2;73;
17;27;1;2;250;
28;34;1;2;514;
35;5;1;2;419;
8;17;1;2;251;
24;35;1;2;220;
2;29;1;2;123;
25;14;1;2;443;
14;23;1;2;95;
2;29;1;2;207;
27;8;1;2;434;
8;20;1;2;327;
20;15;1;2;507;
21;18;1;2;123;
16;31;1;2;362;
7;34;1;2;145;
30;4;1;2;71;
28;19;1;2;455;
2;6;1;2;82;
30;21;1;2;260;
31;29;1;2;45;
23;6;1;2;58;
22;11;1;2;328;
4;32;1;2;207;
22;26;1;2;375;
31;19;1;2;401;
7;6;1;2;478;
20;21;1;2;501;
3;4;1;2;99;
11;26;1;2;321;
27;34;1;2;54;
1;1;1;556
2;1;15;505
3;1;9;987
4;1;8;332
5;1;13;440
6;1;10;95
7;1;7;432
8;1;13;753
9;1;9;711
10;1;13;906
11;1;16;828
12;1;17;472
13;1;8;291
*** EOF ***