**** 17 ****
50
27;24;1;2;691;
24;28;1;2;498;
25;34;1;2;438;
22;32;1;2;418;
29;29;1;2;565;
23;33;1;2;53;
32;23;1;2;503;
28;25;1;2;408;
29;24;1;2;291;
28;31;1;2;435;
34;34;1;2;481;
26;34;1;2;23;
25;35;1;2;607;
24;34;1;2;260;
26;35;1;2;539;
27;30;1;2;517;
25;24;1;2;563;
24;30;1;2;393;
28;26;1;2;79;
26;31;1;2;401;
29;33;1;2;368;
22;33;1;2;252;
32;22;1;2;281;
32;28;1;2;121;
22;24;1;2;354;
22;32;1;2;64;
31;30;1;2;95;
27;27;1;2;549;
35;25;1;2;461;
30;30;1;2;194;
31;23;1;2;133;
24;28;1;2;13;
34;35;1;2;551;
23;27;1;2;218;
33;24;1;2;420;
22;30;1;2;403;
26;33;1;2;573;
29;33;1;2;563;
35;27;1;2;448;
26;34;1;2;140;
31;27;1;2;12;
34;22;1;2;141;
27;33;1;2;317;
34;30;1;2;599;
33;34;1;2;587;
32;35;1;2;118;
24;23;1;2;424;
23;23;1;2;157;
25;24;1;2;204;
24;35;1;2;504;
1;1;8;88
2;1;3;262
3;1;19;1269
4;1;11;1157
5;1;12;731
6;1;2;700
7;1;4;1233
8;1;15;557
9;1;14;587
10;1;11;989
11;1;14;322
12;1;17;1429
13;1;10;1053
*** EOF ***