**** 6 ****
50
34;32;1;2;234;
29;29;1;2;717;
31;29;1;2;749;
29;32;1;2;328;
31;29;1;2;692;
32;32;1;2;487;
29;33;1;2;33;
26;31;1;2;402;
30;30;1;2;770;
28;29;1;2;353;
28;34;1;2;790;
34;34;1;2;398;
26;31;1;2;601;
34;34;1;2;517;
32;31;1;2;280;
35;28;1;2;754;
34;32;1;2;659;
30;29;1;2;209;
31;30;1;2;696;
34;26;1;2;66;
34;29;1;2;599;
29;27;1;2;572;
33;29;1;2;792;
26;30;1;2;719;
29;33;1;2;670;
34;27;1;2;267;
31;33;1;2;406;
26;27;1;2;177;
30;26;1;2;380;
28;35;1;2;682;
33;28;1;2;591;
34;33;1;2;35;
34;34;1;2;707;
28;31;1;2;5;
29;35;1;2;329;
33;28;1;2;343;
33;27;1;2;99;
29;33;1;2;107;
26;26;1;2;328;
29;34;1;2;178;
28;27;1;2;328;
34;29;1;2;793;
30;30;1;2;649;
28;28;1;2;670;
26;33;1;2;457;
34;34;1;2;63;
28;26;1;2;559;
26;26;1;2;420;
28;26;1;2;573;
34;30;1;2;618;
1;1;2;27
2;1;2;814
3;1;14;368
4;1;9;1472
5;1;13;848
6;1;14;1173
7;1;12;209
8;1;12;330
9;1;8;780
10;1;1;299
11;1;3;1377
12;1;13;1339
13;1;15;825
*** EOF ***