**** 17 ****
50
18;30;1;2;389;
18;26;1;2;158;
32;22;1;2;469;
16;21;1;2;528;
28;18;1;2;628;
18;19;1;2;400;
27;17;1;2;12;
26;34;1;2;479;
17;16;1;2;594;
14;23;1;2;614;
28;20;1;2;243;
20;18;1;2;130;
26;16;1;2;527;
28;34;1;2;161;
19;25;1;2;638;
35;33;1;2;68;
15;34;1;2;324;
14;27;1;2;430;
30;26;1;2;622;
33;27;1;2;1;
15;30;1;2;493;
19;24;1;2;539;
28;15;1;2;128;
15;21;1;2;247;
30;14;1;2;400;
35;26;1;2;582;
31;27;1;2;328;
20;15;1;2;430;
19;26;1;2;166;
14;35;1;2;620;
35;20;1;2;80;
20;31;1;2;44;
15;20;1;2;210;
32;26;1;2;276;
27;15;1;2;104;
20;30;1;2;24;
18;14;1;2;604;
24;29;1;2;310;
17;24;1;2;167;
30;22;1;2;499;
30;15;1;2;295;
18;24;1;2;309;
33;33;1;2;654;
26;25;1;2;406;
32;21;1;2;603;
29;27;1;2;103;
28;18;1;2;393;
32;32;1;2;261;
26;23;1;2;635;
28;22;1;2;375;
1;1;18;452
2;1;10;1092
3;1;11;1282
4;1;9;103
5;1;17;1245
6;1;7;1023
7;1;6;1347
8;1;12;1010
9;1;10;851
10;1;9;351
11;1;20;759
12;1;8;225
13;1;16;35
*** EOF ***