**** 19 ****
50
35;32;1;2;523;
29;24;1;2;179;
18;21;1;2;413;
24;20;1;2;643;
30;21;1;2;213;
32;16;1;2;310;
21;18;1;2;405;
31;28;1;2;200;
26;33;1;2;643;
29;34;1;2;244;
32;19;1;2;147;
30;24;1;2;84;
16;35;1;2;423;
24;22;1;2;461;
26;31;1;2;54;
22;32;1;2;659;
28;35;1;2;651;
20;19;1;2;354;
35;18;1;2;407;
32;24;1;2;667;
18;26;1;2;420;
23;23;1;2;457;
17;21;1;2;138;
19;29;1;2;188;
33;26;1;2;556;
30;16;1;2;530;
16;29;1;2;85;
20;20;1;2;242;
31;25;1;2;520;
18;27;1;2;611;
22;23;1;2;399;
25;31;1;2;301;
21;27;1;2;70;
29;24;1;2;339;
35;32;1;2;524;
27;27;1;2;129;
22;31;1;2;361;
22;17;1;2;569;
26;35;1;2;581;
30;30;1;2;419;
28;21;1;2;372;
17;33;1;2;136;
27;20;1;2;195;
18;20;1;2;199;
32;30;1;2;377;
30;30;1;2;295;
17;31;1;2;170;
18;34;1;2;183;
27;25;1;2;591;
17;28;1;2;416;
1;1;7;333
2;1;18;788
3;1;17;581
4;1;12;1364
5;1;5;310
6;1;8;1038
7;1;2;284
8;1;9;1172
9;1;10;1272
10;1;11;401
11;1;12;134
12;1;14;808
13;1;3;711
*** EOF ***