**** 8 ****
50
22;15;1;2;408;
17;20;1;2;237;
14;32;1;2;123;
7;6;1;2;56;
19;35;1;2;62;
26;21;1;2;432;
27;26;1;2;384;
6;19;1;2;279;
27;9;1;2;279;
34;10;1;2;544;
24;6;1;2;448;
28;15;1;2;127;
17;20;1;2;274;
8;26;1;2;49;
33;22;1;2;153;
20;10;1;2;303;
24;17;1;2;519;
20;13;1;2;362;
27;25;1;2;409;
13;11;1;2;142;
34;11;1;2;153;
30;15;1;2;231;
15;17;1;2;159;
28;7;1;2;105;
22;13;1;2;262;
6;6;1;2;357;
20;24;1;2;224;
6;20;1;2;452;
6;25;1;2;343;
30;16;1;2;299;
25;32;1;2;236;
31;30;1;2;428;
11;26;1;2;517;
19;29;1;2;104;
21;31;1;2;391;
17;14;1;2;101;
27;13;1;2;401;
23;32;1;2;500;
35;13;1;2;506;
13;13;1;2;270;
16;22;1;2;450;
31;15;1;2;183;
20;35;1;2;426;
11;23;1;2;323;
20;29;1;2;239;
22;13;1;2;166;
19;22;1;2;63;
18;25;1;2;424;
34;14;1;2;214;
9;31;1;2;193;
1;1;9;204
2;1;15;861
3;1;18;629
4;1;13;363
5;1;12;917
6;1;10;31
7;1;16;770
8;1;3;993
9;1;5;789
10;1;12;1042
11;1;14;700
12;1;12;68
13;1;11;1166
*** EOF ***