**** 1 ****
50
30;35;1;2;286;
30;27;1;2;361;
31;35;1;2;227;
31;26;1;2;250;
31;28;1;2;102;
28;30;1;2;480;
31;31;1;2;18;
26;31;1;2;264;
26;35;1;2;562;
26;31;1;2;591;
34;33;1;2;294;
27;31;1;2;415;
34;27;1;2;590;
30;34;1;2;207;
27;26;1;2;138;
29;30;1;2;155;
26;30;1;2;835;
26;29;1;2;58;
27;35;1;2;444;
30;34;1;2;629;
26;32;1;2;493;
34;35;1;2;660;
34;28;1;2;281;
30;31;1;2;812;
26;31;1;2;46;
34;30;1;2;92;
33;29;1;2;1;
27;32;1;2;526;
33;34;1;2;309;
26;31;1;2;75;
35;27;1;2;7;
35;31;1;2;220;
31;29;1;2;82;
27;30;1;2;523;
29;32;1;2;813;
33;31;1;2;641;
35;29;1;2;754;
29;33;1;2;329;
28;26;1;2;397;
31;28;1;2;578;
28;30;1;2;163;
34;33;1;2;433;
34;32;1;2;321;
33;28;1;2;358;
34;35;1;2;558;
32;35;1;2;31;
35;30;1;2;109;
35;27;1;2;586;
33;34;1;2;93;
26;28;1;2;628;
1;1;20;1239
2;1;10;1144
3;1;3;1419
4;1;16;1325
5;1;20;1377
6;1;14;356
7;1;11;1474
8;1;18;645
9;1;9;1658
10;1;20;117
11;1;5;885
12;1;10;1028
13;1;11;1101
*** EOF ***