**** 9 ****
50
35;32;1;2;537;
33;35;1;2;278;
35;32;1;2;853;
34;34;1;2;233;
33;32;1;2;344;
33;35;1;2;628;
33;33;1;2;829;
35;32;1;2;98;
33;35;1;2;93;
34;33;1;2;306;
35;33;1;2;683;
35;35;1;2;627;
34;34;1;2;521;
34;33;1;2;361;
34;33;1;2;113;
34;35;1;2;482;
33;35;1;2;519;
35;35;1;2;762;
34;34;1;2;781;
34;32;1;2;11;
35;32;1;2;837;
33;34;1;2;552;
33;32;1;2;577;
35;32;1;2;538;
34;35;1;2;703;
34;35;1;2;351;
35;32;1;2;810;
35;32;1;2;488;
32;32;1;2;829;
33;32;1;2;352;
34;35;1;2;523;
34;32;1;2;447;
34;33;1;2;820;
33;33;1;2;617;
33;34;1;2;6;
32;32;1;2;802;
35;33;1;2;456;
32;32;1;2;505;
34;35;1;2;303;
32;35;1;2;346;
33;33;1;2;367;
32;32;1;2;685;
33;33;1;2;772;
32;35;1;2;329;
35;34;1;2;798;
33;33;1;2;487;
34;34;1;2;756;
33;34;1;2;698;
33;35;1;2;52;
33;34;1;2;125;
1;1;19;692
2;1;20;1431
3;1;3;1332
4;1;19;1685
5;1;17;1838
6;1;6;272
7;1;2;564
8;1;16;1115
9;1;8;540
10;1;11;426
11;1;14;329
12;1;18;1581
13;1;17;1053
*** EOF ***