**** 17 ****
50
35;32;1;2;720;
34;32;1;2;118;
32;35;1;2;233;
35;33;1;2;102;
33;32;1;2;623;
32;32;1;2;10;
33;33;1;2;149;
34;35;1;2;760;
34;32;1;2;154;
33;34;1;2;272;
35;34;1;2;810;
32;33;1;2;812;
33;32;1;2;914;
35;33;1;2;358;
33;33;1;2;715;
35;35;1;2;686;
32;33;1;2;26;
34;32;1;2;815;
32;32;1;2;853;
32;32;1;2;692;
33;35;1;2;28;
32;33;1;2;256;
33;33;1;2;672;
35;35;1;2;682;
35;33;1;2;669;
33;32;1;2;16;
33;34;1;2;179;
34;32;1;2;505;
32;34;1;2;148;
32;35;1;2;48;
32;32;1;2;200;
35;34;1;2;598;
35;34;1;2;680;
32;33;1;2;339;
34;34;1;2;455;
32;33;1;2;677;
32;34;1;2;495;
32;32;1;2;294;
33;35;1;2;761;
33;35;1;2;765;
35;33;1;2;366;
35;35;1;2;112;
34;32;1;2;498;
35;34;1;2;845;
35;35;1;2;668;
34;32;1;2;106;
33;34;1;2;628;
33;34;1;2;252;
33;32;1;2;330;
32;33;1;2;841;
1;1;15;719
2;1;7;283
3;1;20;691
4;1;12;1522
5;1;20;1284
6;1;20;768
7;1;4;150
8;1;16;437
9;1;16;956
10;1;7;1250
11;1;12;1507
12;1;2;7
13;1;19;1205
*** EOF ***