**** 14 ****
50
12;16;1;2;99;
34;15;1;2;247;
12;17;1;2;623;
32;23;1;2;482;
27;13;1;2;402;
15;22;1;2;591;
11;11;1;2;47;
35;13;1;2;146;
33;10;1;2;217;
32;21;1;2;309;
27;27;1;2;242;
10;34;1;2;395;
18;22;1;2;287;
24;12;1;2;428;
33;29;1;2;18;
22;17;1;2;578;
11;21;1;2;300;
20;23;1;2;496;
17;16;1;2;545;
16;17;1;2;480;
30;14;1;2;131;
24;13;1;2;414;
32;30;1;2;192;
14;23;1;2;398;
22;15;1;2;32;
35;35;1;2;88;
24;32;1;2;327;
20;18;1;2;19;
26;31;1;2;406;
18;35;1;2;419;
28;17;1;2;87;
34;21;1;2;198;
14;30;1;2;166;
31;18;1;2;613;
22;27;1;2;242;
32;27;1;2;246;
10;21;1;2;260;
24;25;1;2;611;
21;28;1;2;481;
11;31;1;2;204;
35;22;1;2;62;
11;11;1;2;33;
13;25;1;2;443;
31;10;1;2;597;
33;10;1;2;88;
30;17;1;2;388;
16;28;1;2;306;
23;22;1;2;177;
16;34;1;2;221;
22;22;1;2;381;
1;1;5;444
2;1;16;423
3;1;9;401
4;1;3;631
5;1;18;37
6;1;19;175
7;1;7;1041
8;1;12;1201
9;1;12;640
10;1;13;797
11;1;4;357
12;1;15;1051
13;1;3;1222
*** EOF ***