**** 17 ****
50
22;16;1;2;444;
31;34;1;2;516;
34;28;1;2;327;
31;25;1;2;331;
17;22;1;2;625;
12;18;1;2;217;
35;21;1;2;15;
28;25;1;2;445;
21;33;1;2;313;
26;20;1;2;154;
24;32;1;2;684;
15;25;1;2;233;
35;12;1;2;451;
22;27;1;2;56;
20;27;1;2;679;
17;20;1;2;468;
31;21;1;2;611;
35;29;1;2;355;
25;34;1;2;352;
27;19;1;2;340;
22;30;1;2;25;
22;23;1;2;530;
12;30;1;2;156;
18;17;1;2;104;
13;16;1;2;15;
15;28;1;2;397;
20;17;1;2;410;
31;21;1;2;52;
27;13;1;2;652;
32;25;1;2;368;
30;18;1;2;175;
31;14;1;2;70;
29;16;1;2;174;
29;13;1;2;608;
27;14;1;2;82;
13;13;1;2;118;
26;15;1;2;292;
21;24;1;2;346;
27;28;1;2;537;
25;19;1;2;229;
33;20;1;2;486;
19;29;1;2;142;
30;14;1;2;124;
32;30;1;2;464;
16;14;1;2;34;
34;29;1;2;484;
12;14;1;2;168;
33;21;1;2;58;
23;20;1;2;110;
33;13;1;2;415;
1;1;20;554
2;1;16;1246
3;1;12;1021
4;1;15;1227
5;1;2;922
6;1;9;801
7;1;15;469
8;1;9;304
9;1;1;580
10;1;15;1363
11;1;19;197
12;1;2;46
13;1;14;970
*** EOF ***