**** 14 ****
50
26;26;1;2;24;
32;33;1;2;629;
29;32;1;2;438;
30;29;1;2;390;
33;31;1;2;584;
30;28;1;2;674;
27;33;1;2;806;
30;28;1;2;692;
28;34;1;2;61;
33;32;1;2;382;
31;33;1;2;585;
26;31;1;2;120;
30;31;1;2;639;
27;34;1;2;460;
27;32;1;2;426;
28;35;1;2;16;
27;27;1;2;419;
31;26;1;2;48;
31;33;1;2;428;
26;28;1;2;299;
26;35;1;2;675;
34;26;1;2;356;
32;33;1;2;126;
30;35;1;2;41;
30;30;1;2;325;
29;30;1;2;507;
35;27;1;2;739;
26;29;1;2;538;
35;33;1;2;281;
30;27;1;2;796;
31;32;1;2;171;
27;35;1;2;702;
31;30;1;2;56;
33;27;1;2;129;
33;27;1;2;735;
26;33;1;2;640;
32;26;1;2;459;
31;28;1;2;521;
32;33;1;2;628;
34;27;1;2;771;
35;35;1;2;531;
33;26;1;2;450;
27;26;1;2;581;
30;30;1;2;639;
28;34;1;2;783;
32;28;1;2;78;
30;33;1;2;822;
34;30;1;2;363;
27;34;1;2;705;
35;35;1;2;724;
1;1;5;920
2;1;14;1243
3;1;17;934
4;1;15;1644
5;1;12;1061
6;1;9;458
7;1;6;726
8;1;2;298
9;1;2;677
10;1;11;859
11;1;17;1368
12;1;12;791
13;1;17;440
*** EOF ***