**** 7 ****
50
4;16;1;2;449;
21;10;1;2;53;
32;34;1;2;265;
17;12;1;2;89;
27;18;1;2;317;
24;27;1;2;451;
23;13;1;2;125;
2;20;1;2;58;
29;35;1;2;463;
31;14;1;2;209;
17;26;1;2;337;
2;15;1;2;458;
6;17;1;2;429;
35;14;1;2;135;
16;25;1;2;247;
22;13;1;2;17;
23;24;1;2;217;
12;5;1;2;118;
19;25;1;2;376;
28;24;1;2;134;
31;4;1;2;490;
6;18;1;2;212;
35;28;1;2;172;
6;9;1;2;386;
25;5;1;2;56;
30;3;1;2;338;
12;12;1;2;369;
10;28;1;2;389;
15;31;1;2;91;
13;34;1;2;251;
17;13;1;2;400;
31;20;1;2;291;
26;17;1;2;437;
5;32;1;2;335;
12;27;1;2;354;
6;8;1;2;170;
7;30;1;2;73;
20;25;1;2;20;
32;18;1;2;421;
28;11;1;2;496;
3;22;1;2;4;
33;25;1;2;13;
15;15;1;2;210;
35;26;1;2;501;
10;23;1;2;176;
28;17;1;2;479;
25;31;1;2;77;
8;25;1;2;159;
20;19;1;2;252;
18;29;1;2;409;
1;1;2;782
2;1;19;297
3;1;18;609
4;1;2;1016
5;1;18;917
6;1;9;674
7;1;2;330
8;1;8;809
9;1;16;735
10;1;8;835
11;1;5;56
12;1;6;558
13;1;7;578
*** EOF ***