**** 14 ****
50
32;26;1;2;664;
32;27;1;2;347;
25;26;1;2;60;
30;34;1;2;562;
25;26;1;2;194;
33;25;1;2;554;
25;32;1;2;262;
26;30;1;2;94;
32;26;1;2;652;
30;35;1;2;514;
35;30;1;2;285;
29;35;1;2;580;
35;34;1;2;523;
34;28;1;2;244;
32;31;1;2;275;
29;32;1;2;768;
29;34;1;2;741;
31;24;1;2;440;
25;28;1;2;574;
33;28;1;2;566;
27;35;1;2;574;
34;26;1;2;326;
33;27;1;2;81;
32;35;1;2;502;
33;33;1;2;345;
28;25;1;2;182;
28;25;1;2;93;
34;35;1;2;643;
32;34;1;2;641;
24;28;1;2;515;
35;33;1;2;366;
28;31;1;2;72;
30;32;1;2;45;
28;31;1;2;262;
31;31;1;2;651;
24;31;1;2;120;
31;31;1;2;795;
30;27;1;2;724;
34;26;1;2;557;
25;30;1;2;282;
27;35;1;2;509;
29;32;1;2;792;
35;25;1;2;121;
33;34;1;2;445;
26;27;1;2;26;
30;32;1;2;788;
35;29;1;2;771;
32;33;1;2;343;
35;30;1;2;351;
34;28;1;2;26;
1;1;8;106
2;1;10;1589
3;1;14;860
4;1;4;1259
5;1;2;1623
6;1;2;818
7;1;4;938
8;1;18;424
9;1;13;1454
10;1;3;700
11;1;13;1276
12;1;20;965
13;1;3;1479
*** EOF ***