**** 0 ****
50
34;35;1;2;531;
30;34;1;2;100;
35;26;1;2;47;
34;27;1;2;796;
29;29;1;2;402;
33;34;1;2;174;
33;30;1;2;261;
30;30;1;2;743;
35;32;1;2;305;
33;30;1;2;82;
34;30;1;2;468;
30;29;1;2;116;
33;28;1;2;145;
32;34;1;2;663;
31;27;1;2;142;
32;34;1;2;578;
34;29;1;2;834;
33;29;1;2;285;
31;30;1;2;34;
26;32;1;2;230;
32;31;1;2;791;
28;26;1;2;617;
28;33;1;2;238;
34;26;1;2;193;
29;30;1;2;816;
34;29;1;2;508;
26;30;1;2;743;
27;34;1;2;288;
28;27;1;2;159;
33;33;1;2;396;
32;32;1;2;65;
30;31;1;2;798;
33;27;1;2;244;
34;31;1;2;633;
28;32;1;2;676;
31;33;1;2;576;
31;29;1;2;838;
34;28;1;2;809;
33;30;1;2;739;
32;31;1;2;647;
28;32;1;2;29;
27;31;1;2;240;
26;28;1;2;521;
29;30;1;2;256;
31;32;1;2;683;
26;30;1;2;578;
27;35;1;2;371;
30;28;1;2;631;
26;30;1;2;17;
34;34;1;2;823;
1;1;6;1039
2;1;1;752
3;1;14;274
4;1;12;1374
5;1;16;613
6;1;5;1205
7;1;15;458
8;1;13;1690
9;1;13;765
10;1;19;1537
11;1;13;787
12;1;5;836
13;1;20;917
*** EOF ***