**** 13 ****
50
26;25;1;2;330;
21;24;1;2;482;
34;23;1;2;545;
24;32;1;2;675;
25;30;1;2;716;
33;18;1;2;71;
19;18;1;2;386;
31;21;1;2;411;
32;35;1;2;384;
16;22;1;2;494;
17;19;1;2;584;
24;26;1;2;167;
19;32;1;2;166;
34;24;1;2;648;
31;18;1;2;262;
32;35;1;2;741;
28;19;1;2;250;
32;22;1;2;255;
35;16;1;2;24;
25;33;1;2;148;
19;29;1;2;540;
30;27;1;2;251;
23;31;1;2;666;
33;35;1;2;453;
19;28;1;2;634;
23;17;1;2;173;
27;18;1;2;710;
21;16;1;2;280;
31;33;1;2;568;
28;26;1;2;171;
27;35;1;2;434;
21;35;1;2;310;
32;25;1;2;255;
26;23;1;2;16;
32;16;1;2;27;
32;32;1;2;592;
22;16;1;2;170;
25;29;1;2;563;
29;27;1;2;711;
27;19;1;2;326;
31;35;1;2;549;
29;22;1;2;219;
20;24;1;2;741;
31;17;1;2;625;
19;30;1;2;504;
26;33;1;2;277;
33;34;1;2;280;
33;19;1;2;695;
22;17;1;2;179;
29;30;1;2;330;
1;1;1;794
2;1;19;595
3;1;17;1282
4;1;7;705
5;1;14;1409
6;1;9;89
7;1;20;1162
8;1;9;1146
9;1;17;164
10;1;4;661
11;1;10;640
12;1;7;1260
13;1;11;501
*** EOF ***