**** 19 ****
50
35;34;1;2;225;
18;14;1;2;38;
9;9;1;2;261;
33;23;1;2;143;
32;9;1;2;21;
35;15;1;2;88;
28;31;1;2;73;
29;28;1;2;590;
33;18;1;2;341;
17;24;1;2;642;
11;8;1;2;492;
17;26;1;2;635;
11;32;1;2;68;
17;33;1;2;424;
34;27;1;2;73;
30;14;1;2;434;
32;22;1;2;324;
31;23;1;2;58;
10;31;1;2;402;
16;25;1;2;442;
30;25;1;2;635;
35;31;1;2;651;
29;20;1;2;173;
33;22;1;2;488;
33;29;1;2;303;
9;23;1;2;554;
29;35;1;2;213;
27;30;1;2;259;
24;35;1;2;57;
24;31;1;2;449;
16;19;1;2;566;
35;19;1;2;222;
16;20;1;2;666;
23;9;1;2;383;
29;26;1;2;130;
14;20;1;2;575;
13;9;1;2;190;
22;24;1;2;662;
29;24;1;2;483;
24;20;1;2;178;
18;28;1;2;53;
35;27;1;2;296;
10;30;1;2;437;
16;9;1;2;206;
29;23;1;2;501;
23;19;1;2;141;
29;17;1;2;250;
28;26;1;2;585;
33;8;1;2;174;
10;26;1;2;176;
1;1;12;1244
2;1;14;941
3;1;15;1161
4;1;11;660
5;1;10;804
6;1;11;713
7;1;13;964
8;1;7;280
9;1;16;475
10;1;12;1310
11;1;2;993
12;1;1;829
13;1;18;1026
*** EOF ***