**** 4 ****
50
30;32;1;2;173;
34;34;1;2;527;
32;35;1;2;541;
31;34;1;2;562;
32;33;1;2;359;
32;32;1;2;540;
34;32;1;2;873;
32;33;1;2;759;
32;33;1;2;216;
33;35;1;2;673;
31;35;1;2;249;
33;35;1;2;797;
32;34;1;2;476;
32;31;1;2;108;
34;30;1;2;472;
30;35;1;2;301;
34;33;1;2;735;
31;34;1;2;330;
34;31;1;2;737;
33;34;1;2;622;
32;34;1;2;563;
34;32;1;2;99;
32;35;1;2;838;
34;33;1;2;375;
34;34;1;2;322;
32;33;1;2;642;
33;34;1;2;410;
31;32;1;2;17;
31;31;1;2;97;
30;32;1;2;267;
35;33;1;2;35;
30;30;1;2;378;
31;30;1;2;334;
30;32;1;2;118;
35;32;1;2;468;
32;30;1;2;166;
34;33;1;2;590;
33;32;1;2;833;
31;34;1;2;531;
33;30;1;2;299;
31;35;1;2;504;
30;31;1;2;232;
33;33;1;2;558;
33;32;1;2;263;
33;33;1;2;805;
35;30;1;2;214;
34;32;1;2;696;
30;32;1;2;815;
35;31;1;2;440;
31;31;1;2;141;
1;1;6;431
2;1;13;1577
3;1;20;130
4;1;19;619
5;1;14;360
6;1;1;1623
7;1;7;272
8;1;12;1668
9;1;8;1202
10;1;20;1090
11;1;11;57
12;1;14;1272
13;1;9;575
*** EOF ***