**** 10 ****
50
31;13;1;2;594;
21;35;1;2;427;
24;27;1;2;78;
31;9;1;2;113;
27;14;1;2;157;
26;24;1;2;584;
26;12;1;2;63;
11;12;1;2;486;
17;19;1;2;221;
35;19;1;2;381;
9;13;1;2;70;
11;34;1;2;292;
35;10;1;2;227;
22;12;1;2;91;
18;25;1;2;104;
26;25;1;2;13;
14;35;1;2;199;
25;12;1;2;313;
17;29;1;2;2;
17;10;1;2;458;
19;22;1;2;154;
16;7;1;2;340;
19;34;1;2;17;
7;8;1;2;186;
31;30;1;2;157;
22;21;1;2;346;
20;29;1;2;350;
20;28;1;2;34;
25;14;1;2;200;
27;8;1;2;73;
23;15;1;2;335;
35;12;1;2;109;
29;15;1;2;561;
30;22;1;2;228;
15;12;1;2;369;
23;34;1;2;157;
18;15;1;2;308;
28;24;1;2;358;
8;6;1;2;598;
16;26;1;2;100;
12;11;1;2;173;
19;26;1;2;222;
9;10;1;2;353;
21;8;1;2;462;
25;35;1;2;388;
23;22;1;2;135;
34;6;1;2;213;
21;31;1;2;422;
26;19;1;2;473;
31;27;1;2;78;
1;1;12;376
2;1;16;893
3;1;7;711
4;1;15;1137
5;1;3;741
6;1;6;107
7;1;17;827
8;1;2;510
9;1;13;872
10;1;13;294
11;1;20;1053
12;1;2;100
13;1;9;535
*** EOF ***