**** 9 ****
50
18;20;1;2;295;
35;19;1;2;166;
32;24;1;2;506;
25;29;1;2;354;
19;24;1;2;290;
18;23;1;2;107;
27;30;1;2;637;
34;24;1;2;319;
33;27;1;2;214;
31;24;1;2;267;
33;27;1;2;185;
29;25;1;2;680;
28;34;1;2;172;
19;33;1;2;179;
20;34;1;2;57;
30;19;1;2;82;
31;34;1;2;462;
19;23;1;2;303;
34;34;1;2;287;
19;28;1;2;39;
18;26;1;2;51;
28;35;1;2;706;
35;19;1;2;246;
21;21;1;2;194;
26;26;1;2;682;
28;25;1;2;600;
31;28;1;2;357;
28;24;1;2;419;
19;26;1;2;439;
27;32;1;2;45;
23;20;1;2;411;
27;23;1;2;170;
25;27;1;2;222;
28;32;1;2;13;
33;23;1;2;649;
22;23;1;2;321;
23;32;1;2;223;
24;30;1;2;46;
30;31;1;2;606;
20;24;1;2;566;
33;22;1;2;196;
32;35;1;2;691;
27;22;1;2;212;
30;21;1;2;566;
32;22;1;2;604;
19;25;1;2;331;
20;29;1;2;681;
31;19;1;2;70;
30;33;1;2;627;
26;31;1;2;2;
1;1;5;1132
2;1;11;621
3;1;1;1179
4;1;4;864
5;1;15;1089
6;1;17;100
7;1;4;951
8;1;8;567
9;1;13;1104
10;1;9;498
11;1;18;919
12;1;5;13
13;1;15;1407
*** EOF ***