**** 1 ****
50
29;34;1;2;494;
33;31;1;2;480;
28;28;1;2;46;
29;33;1;2;584;
35;32;1;2;415;
28;33;1;2;783;
32;28;1;2;789;
29;33;1;2;675;
29;32;1;2;62;
29;31;1;2;196;
32;33;1;2;731;
34;33;1;2;268;
28;34;1;2;726;
29;32;1;2;793;
35;35;1;2;658;
33;34;1;2;855;
31;32;1;2;399;
30;30;1;2;111;
29;32;1;2;770;
34;28;1;2;401;
34;35;1;2;821;
35;34;1;2;338;
34;33;1;2;535;
34;31;1;2;596;
29;35;1;2;229;
30;31;1;2;856;
28;32;1;2;660;
33;33;1;2;494;
31;30;1;2;335;
31;32;1;2;852;
33;35;1;2;696;
35;35;1;2;499;
32;33;1;2;214;
31;29;1;2;565;
31;35;1;2;542;
32;33;1;2;747;
35;32;1;2;496;
35;33;1;2;638;
30;33;1;2;463;
28;30;1;2;72;
33;33;1;2;139;
31;35;1;2;512;
30;30;1;2;511;
30;30;1;2;667;
33;30;1;2;260;
35;35;1;2;97;
28;32;1;2;227;
29;31;1;2;405;
35;32;1;2;547;
31;29;1;2;110;
1;1;2;517
2;1;16;1205
3;1;14;1034
4;1;14;107
5;1;7;1487
6;1;13;1506
7;1;15;384
8;1;16;995
9;1;16;47
10;1;17;638
11;1;3;369
12;1;2;1699
13;1;19;65
*** EOF ***