**** 8 ****
50
29;17;1;2;432;
19;34;1;2;356;
31;32;1;2;234;
35;16;1;2;395;
21;23;1;2;475;
22;16;1;2;373;
24;28;1;2;651;
28;26;1;2;578;
15;34;1;2;144;
31;23;1;2;615;
14;32;1;2;306;
35;16;1;2;608;
18;19;1;2;392;
34;32;1;2;375;
23;16;1;2;138;
23;15;1;2;325;
15;19;1;2;121;
32;22;1;2;414;
14;17;1;2;620;
23;26;1;2;459;
24;17;1;2;384;
20;22;1;2;44;
25;17;1;2;581;
34;31;1;2;574;
21;29;1;2;117;
34;25;1;2;487;
35;30;1;2;274;
29;27;1;2;233;
16;17;1;2;447;
19;30;1;2;273;
16;29;1;2;341;
27;27;1;2;154;
16;14;1;2;168;
29;18;1;2;338;
32;19;1;2;33;
18;26;1;2;633;
14;24;1;2;506;
24;21;1;2;548;
25;19;1;2;630;
14;16;1;2;619;
33;23;1;2;560;
15;18;1;2;490;
26;21;1;2;131;
16;17;1;2;446;
28;20;1;2;401;
33;18;1;2;69;
33;23;1;2;366;
22;14;1;2;486;
29;24;1;2;175;
34;23;1;2;295;
1;1;2;937
2;1;1;609
3;1;1;214
4;1;3;1260
5;1;12;869
6;1;15;686
7;1;10;159
8;1;10;1121
9;1;10;69
10;1;17;46
11;1;2;827
12;1;11;107
13;1;15;416
*** EOF ***