**** 13 ****
50
31;32;1;2;448;
35;34;1;2;651;
32;32;1;2;74;
31;30;1;2;727;
32;30;1;2;275;
33;34;1;2;41;
35;31;1;2;152;
32;34;1;2;351;
32;32;1;2;784;
34;33;1;2;384;
34;35;1;2;255;
30;30;1;2;134;
30;35;1;2;441;
30;30;1;2;540;
35;31;1;2;364;
31;30;1;2;62;
34;31;1;2;140;
34;33;1;2;794;
33;30;1;2;642;
35;34;1;2;642;
31;31;1;2;250;
33;30;1;2;606;
33;31;1;2;623;
34;31;1;2;708;
35;32;1;2;532;
33;35;1;2;41;
35;35;1;2;381;
30;31;1;2;569;
33;32;1;2;780;
31;30;1;2;768;
33;32;1;2;300;
32;35;1;2;667;
30;30;1;2;523;
33;31;1;2;572;
33;30;1;2;443;
33;30;1;2;895;
33;34;1;2;707;
33;30;1;2;610;
33;30;1;2;463;
31;32;1;2;746;
33;34;1;2;134;
35;35;1;2;535;
31;30;1;2;47;
31;32;1;2;663;
30;32;1;2;351;
34;32;1;2;659;
35;35;1;2;638;
32;31;1;2;75;
33;35;1;2;367;
33;33;1;2;733;
1;1;5;781
2;1;17;140
3;1;20;1495
4;1;18;465
5;1;11;241
6;1;4;1200
7;1;2;1193
8;1;12;682
9;1;9;1463
10;1;14;1030
11;1;17;391
12;1;17;333
13;1;13;995
*** EOF ***