**** 11 ****
50
28;33;1;2;162;
28;34;1;2;591;
29;28;1;2;293;
31;31;1;2;60;
30;30;1;2;474;
28;34;1;2;398;
31;35;1;2;412;
34;30;1;2;729;
29;35;1;2;389;
34;32;1;2;602;
30;29;1;2;227;
30;30;1;2;643;
32;28;1;2;266;
33;35;1;2;72;
28;31;1;2;50;
29;32;1;2;385;
30;33;1;2;770;
29;33;1;2;762;
33;28;1;2;565;
30;32;1;2;409;
33;32;1;2;528;
29;29;1;2;285;
33;32;1;2;779;
30;32;1;2;444;
33;33;1;2;578;
29;30;1;2;226;
32;35;1;2;561;
29;34;1;2;125;
34;34;1;2;175;
31;28;1;2;703;
32;29;1;2;477;
33;31;1;2;756;
35;31;1;2;110;
33;31;1;2;734;
30;31;1;2;152;
33;33;1;2;256;
33;33;1;2;178;
33;29;1;2;682;
35;31;1;2;723;
35;29;1;2;766;
28;32;1;2;202;
35;32;1;2;188;
30;31;1;2;364;
33;28;1;2;841;
29;28;1;2;701;
35;33;1;2;717;
35;30;1;2;256;
28;30;1;2;538;
35;30;1;2;810;
35;35;1;2;512;
1;1;15;1480
2;1;6;895
3;1;15;1511
4;1;15;390
5;1;16;1327
6;1;2;223
7;1;15;184
8;1;1;740
9;1;12;1530
10;1;12;1380
11;1;17;861
12;1;4;120
13;1;1;1581
*** EOF ***