**** 7 ****
50
29;13;1;2;330;
25;14;1;2;184;
30;17;1;2;467;
14;26;1;2;474;
25;21;1;2;195;
14;31;1;2;21;
24;12;1;2;451;
11;10;1;2;257;
17;16;1;2;451;
32;8;1;2;530;
16;25;1;2;541;
9;23;1;2;572;
34;11;1;2;344;
20;23;1;2;362;
8;14;1;2;86;
24;16;1;2;166;
22;10;1;2;67;
27;12;1;2;418;
35;22;1;2;385;
18;30;1;2;587;
17;28;1;2;313;
29;27;1;2;195;
35;20;1;2;490;
8;16;1;2;529;
33;25;1;2;316;
25;22;1;2;167;
16;26;1;2;23;
20;35;1;2;580;
20;31;1;2;536;
9;8;1;2;571;
8;23;1;2;198;
31;17;1;2;512;
25;13;1;2;294;
33;14;1;2;278;
31;18;1;2;75;
31;31;1;2;560;
8;31;1;2;329;
27;34;1;2;295;
12;16;1;2;124;
29;31;1;2;476;
9;33;1;2;138;
24;26;1;2;51;
26;8;1;2;375;
14;20;1;2;325;
21;26;1;2;319;
20;19;1;2;13;
31;14;1;2;487;
15;34;1;2;198;
22;14;1;2;366;
17;32;1;2;349;
1;1;11;1009
2;1;10;871
3;1;8;434
4;1;12;1084
5;1;5;372
6;1;18;1149
7;1;1;692
8;1;4;151
9;1;9;202
10;1;3;294
11;1;17;826
12;1;2;416
13;1;8;551
*** EOF ***