**** 14 ****
50
33;28;1;2;462;
32;28;1;2;518;
28;29;1;2;506;
31;32;1;2;90;
31;34;1;2;614;
31;30;1;2;832;
30;34;1;2;735;
32;33;1;2;774;
32;31;1;2;239;
33;30;1;2;315;
31;30;1;2;760;
35;34;1;2;41;
29;32;1;2;728;
31;32;1;2;181;
33;35;1;2;264;
31;29;1;2;643;
33;32;1;2;380;
28;33;1;2;196;
28;28;1;2;701;
31;35;1;2;738;
31;32;1;2;717;
34;34;1;2;776;
32;30;1;2;147;
31;29;1;2;685;
30;30;1;2;149;
30;33;1;2;515;
32;34;1;2;378;
32;32;1;2;801;
34;30;1;2;407;
32;29;1;2;763;
28;29;1;2;711;
31;34;1;2;273;
29;34;1;2;392;
31;29;1;2;551;
30;31;1;2;473;
35;34;1;2;275;
28;35;1;2;321;
33;33;1;2;291;
29;33;1;2;517;
31;30;1;2;340;
34;30;1;2;489;
32;33;1;2;388;
33;28;1;2;432;
28;34;1;2;137;
28;30;1;2;112;
33;35;1;2;824;
32;29;1;2;297;
35;33;1;2;523;
35;32;1;2;575;
30;35;1;2;135;
1;1;4;954
2;1;13;1269
3;1;6;781
4;1;9;1429
5;1;12;984
6;1;6;650
7;1;19;455
8;1;2;425
9;1;2;271
10;1;4;902
11;1;15;1667
12;1;9;297
13;1;7;432
*** EOF ***