**** 13 ****
50
30;25;1;2;191;
20;25;1;2;279;
14;34;1;2;36;
14;10;1;2;25;
13;34;1;2;282;
33;15;1;2;155;
31;28;1;2;261;
10;23;1;2;149;
21;30;1;2;302;
19;6;1;2;497;
30;8;1;2;42;
28;16;1;2;415;
9;17;1;2;12;
11;13;1;2;114;
31;23;1;2;173;
22;24;1;2;130;
12;19;1;2;357;
8;15;1;2;146;
11;16;1;2;126;
32;13;1;2;385;
9;25;1;2;344;
8;13;1;2;115;
17;15;1;2;183;
12;19;1;2;474;
9;25;1;2;253;
15;12;1;2;62;
18;34;1;2;129;
14;12;1;2;405;
32;17;1;2;417;
24;19;1;2;542;
6;18;1;2;313;
32;9;1;2;537;
21;27;1;2;461;
23;9;1;2;94;
27;23;1;2;100;
15;28;1;2;143;
15;33;1;2;366;
12;34;1;2;46;
24;20;1;2;516;
26;30;1;2;246;
20;32;1;2;385;
18;19;1;2;358;
35;14;1;2;7;
34;25;1;2;125;
8;27;1;2;305;
16;7;1;2;437;
6;35;1;2;325;
7;15;1;2;500;
31;11;1;2;377;
25;27;1;2;479;
1;1;13;671
2;1;15;416
3;1;8;239
4;1;18;360
5;1;12;168
6;1;8;400
7;1;6;336
8;1;18;594
9;1;5;512
10;1;12;911
11;1;11;1037
12;1;2;476
13;1;3;97
*** EOF ***