**** 18 ****
50
35;34;1;2;333;
34;34;1;2;201;
35;33;1;2;314;
34;33;1;2;831;
34;32;1;2;198;
32;33;1;2;226;
35;33;1;2;274;
35;33;1;2;586;
34;33;1;2;88;
32;33;1;2;400;
33;35;1;2;725;
35;33;1;2;268;
32;33;1;2;156;
33;34;1;2;277;
33;33;1;2;2;
34;33;1;2;45;
34;34;1;2;606;
32;33;1;2;897;
32;34;1;2;13;
33;33;1;2;731;
33;34;1;2;207;
32;32;1;2;794;
34;35;1;2;443;
34;34;1;2;292;
33;32;1;2;830;
33;34;1;2;76;
32;34;1;2;138;
35;35;1;2;850;
35;32;1;2;427;
34;33;1;2;441;
32;34;1;2;800;
33;34;1;2;833;
34;34;1;2;833;
33;35;1;2;368;
33;33;1;2;888;
32;34;1;2;458;
33;35;1;2;609;
35;35;1;2;610;
35;34;1;2;837;
33;33;1;2;309;
34;34;1;2;595;
35;33;1;2;46;
34;32;1;2;8;
35;34;1;2;253;
33;34;1;2;875;
32;34;1;2;475;
32;32;1;2;881;
34;34;1;2;828;
32;33;1;2;729;
35;32;1;2;556;
1;1;14;1551
2;1;14;365
3;1;13;545
4;1;3;1498
5;1;18;1710
6;1;10;1747
7;1;17;700
8;1;15;1349
9;1;6;1673
10;1;7;1736
11;1;8;1505
12;1;13;344
13;1;19;1063
*** EOF ***