**** 7 ****
50
34;33;1;2;148;
35;33;1;2;700;
33;33;1;2;373;
33;34;1;2;199;
34;32;1;2;264;
34;34;1;2;569;
32;33;1;2;593;
35;32;1;2;24;
33;32;1;2;364;
34;33;1;2;609;
34;33;1;2;397;
32;35;1;2;705;
32;32;1;2;28;
34;34;1;2;108;
34;35;1;2;100;
32;32;1;2;22;
33;32;1;2;775;
32;33;1;2;198;
33;33;1;2;441;
34;32;1;2;890;
35;35;1;2;555;
32;33;1;2;624;
32;35;1;2;183;
33;33;1;2;704;
35;32;1;2;424;
32;32;1;2;647;
34;33;1;2;289;
34;34;1;2;233;
34;33;1;2;746;
34;34;1;2;407;
33;33;1;2;601;
34;34;1;2;336;
32;35;1;2;317;
35;34;1;2;647;
34;34;1;2;818;
34;32;1;2;668;
33;33;1;2;190;
33;34;1;2;275;
33;35;1;2;388;
35;35;1;2;220;
32;35;1;2;876;
33;34;1;2;742;
34;35;1;2;60;
33;35;1;2;404;
32;33;1;2;208;
35;34;1;2;241;
33;33;1;2;18;
35;35;1;2;887;
32;34;1;2;603;
32;35;1;2;158;
1;1;7;95
2;1;5;1635
3;1;16;112
4;1;4;1016
5;1;5;183
6;1;6;1715
7;1;15;824
8;1;18;336
9;1;2;867
10;1;15;247
11;1;20;948
12;1;14;1137
13;1;9;1560
*** EOF ***