**** 7 ****
50
27;27;1;2;738;
35;27;1;2;101;
29;31;1;2;352;
29;33;1;2;95;
31;31;1;2;107;
33;33;1;2;541;
33;26;1;2;431;
34;31;1;2;300;
35;32;1;2;60;
32;27;1;2;629;
29;26;1;2;103;
32;29;1;2;378;
29;27;1;2;286;
26;31;1;2;83;
29;26;1;2;442;
31;26;1;2;254;
27;31;1;2;614;
28;27;1;2;39;
29;32;1;2;510;
35;35;1;2;131;
26;30;1;2;679;
32;33;1;2;580;
32;35;1;2;294;
32;35;1;2;140;
32;28;1;2;62;
28;32;1;2;19;
31;34;1;2;16;
33;34;1;2;429;
27;26;1;2;289;
29;33;1;2;760;
34;30;1;2;788;
35;33;1;2;507;
32;35;1;2;731;
30;26;1;2;282;
30;35;1;2;374;
30;31;1;2;508;
30;34;1;2;171;
33;35;1;2;255;
33;31;1;2;637;
26;28;1;2;93;
28;26;1;2;789;
26;29;1;2;88;
31;26;1;2;670;
33;26;1;2;649;
28;34;1;2;400;
31;34;1;2;751;
35;34;1;2;479;
27;33;1;2;13;
34;28;1;2;442;
33;35;1;2;468;
1;1;17;1627
2;1;20;738
3;1;6;310
4;1;15;941
5;1;2;622
6;1;13;675
7;1;6;562
8;1;19;1006
9;1;13;402
10;1;12;210
11;1;18;1113
12;1;18;1030
13;1;4;1491
*** EOF ***