**** 8 ****
50
34;26;1;2;597;
27;20;1;2;605;
27;15;1;2;400;
29;19;1;2;224;
15;14;1;2;638;
29;18;1;2;547;
12;17;1;2;594;
29;27;1;2;319;
24;24;1;2;564;
23;13;1;2;324;
30;33;1;2;620;
29;10;1;2;195;
27;16;1;2;196;
32;14;1;2;2;
33;33;1;2;612;
16;27;1;2;345;
13;17;1;2;332;
16;11;1;2;213;
10;11;1;2;409;
22;30;1;2;121;
22;22;1;2;468;
23;29;1;2;318;
28;24;1;2;34;
19;20;1;2;19;
16;35;1;2;504;
30;28;1;2;238;
16;16;1;2;406;
13;24;1;2;407;
24;27;1;2;518;
32;23;1;2;372;
13;34;1;2;104;
32;10;1;2;452;
27;30;1;2;636;
28;29;1;2;169;
28;20;1;2;420;
10;25;1;2;409;
35;29;1;2;16;
23;20;1;2;143;
17;13;1;2;75;
19;14;1;2;633;
12;21;1;2;410;
20;18;1;2;402;
13;10;1;2;339;
17;16;1;2;614;
25;24;1;2;282;
30;25;1;2;33;
23;32;1;2;382;
12;27;1;2;91;
28;24;1;2;97;
22;34;1;2;475;
1;1;19;732
2;1;13;590
3;1;13;33
4;1;13;560
5;1;11;224
6;1;19;891
7;1;12;670
8;1;9;1043
9;1;15;851
10;1;3;326
11;1;4;1157
12;1;14;1119
13;1;2;366
*** EOF ***