**** 13 ****
50
26;31;1;2;40;
32;25;1;2;294;
32;20;1;2;509;
28;33;1;2;302;
30;23;1;2;266;
30;29;1;2;1;
30;24;1;2;684;
35;29;1;2;92;
23;24;1;2;685;
24;25;1;2;610;
28;25;1;2;517;
23;24;1;2;9;
30;30;1;2;230;
31;33;1;2;709;
25;19;1;2;574;
29;19;1;2;408;
30;26;1;2;356;
26;33;1;2;705;
34;20;1;2;451;
24;35;1;2;692;
31;26;1;2;438;
23;31;1;2;122;
30;26;1;2;614;
28;27;1;2;223;
22;29;1;2;222;
18;29;1;2;327;
24;23;1;2;377;
28;28;1;2;733;
30;18;1;2;598;
29;29;1;2;532;
18;24;1;2;91;
26;19;1;2;668;
30;23;1;2;343;
32;25;1;2;285;
20;20;1;2;320;
27;32;1;2;524;
28;24;1;2;204;
34;33;1;2;103;
34;25;1;2;427;
19;28;1;2;66;
23;20;1;2;563;
19;19;1;2;251;
30;22;1;2;164;
23;19;1;2;641;
22;24;1;2;307;
19;23;1;2;92;
26;24;1;2;327;
23;28;1;2;155;
34;30;1;2;678;
31;23;1;2;555;
1;1;12;72
2;1;6;905
3;1;15;1472
4;1;16;1396
5;1;6;538
6;1;2;857
7;1;3;950
8;1;17;364
9;1;4;637
10;1;16;452
11;1;10;1102
12;1;2;1359
13;1;13;725
*** EOF ***