**** 3 ****
50
28;32;1;2;190;
30;31;1;2;729;
33;31;1;2;696;
32;30;1;2;674;
30;32;1;2;665;
30;34;1;2;838;
31;28;1;2;648;
29;32;1;2;257;
28;28;1;2;488;
34;32;1;2;518;
32;30;1;2;701;
28;34;1;2;90;
33;34;1;2;389;
30;31;1;2;136;
28;32;1;2;628;
32;33;1;2;326;
32;30;1;2;788;
33;34;1;2;235;
34;34;1;2;577;
31;29;1;2;400;
29;29;1;2;714;
35;29;1;2;572;
34;35;1;2;461;
28;35;1;2;203;
31;30;1;2;271;
28;31;1;2;737;
31;31;1;2;800;
35;29;1;2;169;
31;30;1;2;379;
33;28;1;2;539;
30;33;1;2;413;
34;31;1;2;358;
35;35;1;2;733;
31;30;1;2;408;
30;31;1;2;104;
35;29;1;2;270;
29;34;1;2;322;
30;28;1;2;521;
29;33;1;2;378;
35;31;1;2;833;
35;28;1;2;45;
34;32;1;2;270;
33;33;1;2;315;
32;28;1;2;338;
30;28;1;2;354;
29;33;1;2;668;
29;28;1;2;630;
35;31;1;2;527;
33;28;1;2;27;
28;33;1;2;599;
1;1;8;438
2;1;11;1498
3;1;5;1180
4;1;7;1295
5;1;18;1142
6;1;4;153
7;1;8;904
8;1;18;346
9;1;11;1359
10;1;10;471
11;1;10;622
12;1;4;1443
13;1;17;523
*** EOF ***