**** 9 ****
50
25;28;1;2;700;
27;22;1;2;95;
24;23;1;2;367;
35;28;1;2;380;
33;30;1;2;99;
35;22;1;2;299;
20;23;1;2;499;
33;20;1;2;378;
34;28;1;2;694;
33;28;1;2;382;
25;28;1;2;159;
22;24;1;2;363;
33;28;1;2;664;
29;27;1;2;658;
22;24;1;2;650;
24;30;1;2;302;
32;27;1;2;453;
30;35;1;2;637;
27;22;1;2;692;
33;28;1;2;36;
20;26;1;2;93;
27;26;1;2;66;
31;23;1;2;62;
32;25;1;2;732;
20;29;1;2;95;
33;24;1;2;589;
23;30;1;2;758;
30;24;1;2;441;
33;21;1;2;148;
27;29;1;2;620;
24;30;1;2;119;
29;26;1;2;609;
31;29;1;2;278;
23;27;1;2;114;
34;27;1;2;651;
22;32;1;2;337;
23;31;1;2;74;
32;26;1;2;217;
30;24;1;2;109;
26;28;1;2;650;
25;25;1;2;281;
30;25;1;2;12;
25;34;1;2;161;
24;27;1;2;781;
31;29;1;2;578;
35;24;1;2;154;
21;22;1;2;474;
25;27;1;2;690;
34;26;1;2;408;
32;33;1;2;100;
1;1;2;225
2;1;9;1189
3;1;10;1135
4;1;17;1374
5;1;20;768
6;1;17;590
7;1;16;526
8;1;12;1424
9;1;19;121
10;1;12;437
11;1;1;1310
12;1;19;291
13;1;1;923
*** EOF ***