**** 3 ****
50
10;28;1;2;414;
29;4;1;2;443;
31;25;1;2;302;
14;4;1;2;334;
16;27;1;2;164;
20;16;1;2;512;
29;30;1;2;98;
9;14;1;2;174;
20;28;1;2;519;
29;28;1;2;303;
18;35;1;2;421;
29;10;1;2;328;
20;32;1;2;261;
24;10;1;2;203;
26;15;1;2;522;
20;17;1;2;223;
27;19;1;2;111;
29;28;1;2;39;
30;5;1;2;164;
24;2;1;2;248;
12;22;1;2;13;
7;4;1;2;457;
11;20;1;2;178;
17;30;1;2;301;
19;3;1;2;366;
6;13;1;2;369;
21;25;1;2;451;
21;30;1;2;109;
22;14;1;2;464;
12;28;1;2;180;
7;25;1;2;489;
17;21;1;2;326;
25;7;1;2;72;
10;32;1;2;31;
12;27;1;2;58;
14;20;1;2;364;
17;34;1;2;85;
7;19;1;2;389;
4;35;1;2;168;
16;35;1;2;71;
2;4;1;2;259;
26;3;1;2;277;
34;4;1;2;399;
27;22;1;2;133;
4;31;1;2;144;
11;10;1;2;364;
32;21;1;2;346;
21;9;1;2;147;
14;28;1;2;506;
22;13;1;2;203;
1;1;9;311
2;1;1;806
3;1;17;269
4;1;5;934
5;1;11;138
6;1;20;228
7;1;10;217
8;1;9;856
9;1;15;252
10;1;4;361
11;1;6;1007
12;1;16;877
13;1;14;761
*** EOF ***