**** 4 ****
50
29;24;1;2;628;
18;30;1;2;230;
33;29;1;2;60;
27;25;1;2;713;
24;19;1;2;293;
18;18;1;2;235;
24;30;1;2;231;
34;23;1;2;147;
32;35;1;2;237;
30;19;1;2;565;
24;24;1;2;528;
19;26;1;2;473;
26;18;1;2;575;
28;27;1;2;190;
27;32;1;2;68;
29;28;1;2;169;
28;21;1;2;709;
26;24;1;2;327;
27;29;1;2;18;
18;20;1;2;33;
34;34;1;2;589;
18;32;1;2;355;
34;20;1;2;56;
20;32;1;2;48;
18;28;1;2;363;
27;32;1;2;257;
35;29;1;2;230;
33;31;1;2;544;
22;20;1;2;310;
21;31;1;2;566;
26;19;1;2;589;
27;19;1;2;484;
27;28;1;2;527;
32;28;1;2;212;
32;22;1;2;343;
23;33;1;2;332;
25;32;1;2;387;
24;21;1;2;237;
35;29;1;2;537;
31;23;1;2;693;
33;26;1;2;13;
20;33;1;2;90;
24;29;1;2;23;
25;33;1;2;653;
22;34;1;2;467;
27;19;1;2;350;
30;27;1;2;727;
26;18;1;2;697;
20;30;1;2;200;
34;31;1;2;644;
1;1;10;152
2;1;16;752
3;1;17;785
4;1;19;242
5;1;14;679
6;1;11;304
7;1;6;345
8;1;2;1004
9;1;9;1283
10;1;3;814
11;1;18;172
12;1;18;41
13;1;2;1043
*** EOF ***