**** 11 ****
50
31;26;1;2;171;
35;25;1;2;736;
26;35;1;2;112;
33;33;1;2;645;
25;31;1;2;202;
26;21;1;2;286;
26;26;1;2;516;
29;24;1;2;706;
31;20;1;2;665;
23;24;1;2;611;
32;32;1;2;682;
27;32;1;2;667;
20;21;1;2;541;
32;26;1;2;5;
21;33;1;2;152;
29;35;1;2;12;
21;33;1;2;565;
23;27;1;2;419;
21;31;1;2;254;
21;28;1;2;721;
30;32;1;2;234;
32;33;1;2;208;
27;31;1;2;423;
28;32;1;2;437;
29;26;1;2;260;
28;35;1;2;722;
31;24;1;2;343;
24;22;1;2;339;
22;27;1;2;4;
22;27;1;2;648;
22;31;1;2;454;
22;24;1;2;188;
32;20;1;2;101;
28;30;1;2;551;
24;24;1;2;131;
35;20;1;2;480;
28;25;1;2;457;
33;27;1;2;121;
31;32;1;2;462;
26;21;1;2;164;
24;26;1;2;400;
29;31;1;2;48;
27;28;1;2;21;
27;32;1;2;279;
35;31;1;2;374;
20;31;1;2;339;
28;33;1;2;183;
20;31;1;2;288;
28;20;1;2;264;
32;29;1;2;98;
1;1;6;737
2;1;15;1158
3;1;2;1316
4;1;9;782
5;1;14;237
6;1;7;1455
7;1;8;1078
8;1;6;821
9;1;6;47
10;1;14;1343
11;1;17;544
12;1;7;432
13;1;8;972
*** EOF ***