**** 11 ****
50
24;35;1;2;805;
31;33;1;2;751;
35;34;1;2;166;
32;31;1;2;622;
25;34;1;2;765;
25;33;1;2;237;
35;31;1;2;135;
30;29;1;2;341;
29;26;1;2;712;
24;33;1;2;359;
34;26;1;2;219;
24;29;1;2;503;
35;34;1;2;181;
26;25;1;2;636;
26;27;1;2;658;
24;25;1;2;264;
33;28;1;2;641;
31;32;1;2;673;
26;32;1;2;40;
28;24;1;2;594;
25;28;1;2;126;
31;27;1;2;740;
31;29;1;2;558;
33;33;1;2;758;
29;35;1;2;606;
34;32;1;2;670;
32;35;1;2;597;
24;34;1;2;673;
33;24;1;2;603;
26;30;1;2;714;
35;28;1;2;15;
35;26;1;2;379;
25;28;1;2;336;
29;35;1;2;540;
26;33;1;2;207;
26;29;1;2;276;
28;32;1;2;261;
24;32;1;2;650;
30;31;1;2;347;
28;31;1;2;447;
35;26;1;2;517;
35;29;1;2;17;
24;24;1;2;696;
27;29;1;2;568;
31;26;1;2;680;
35;24;1;2;362;
35;25;1;2;564;
24;35;1;2;165;
26;32;1;2;661;
29;25;1;2;161;
1;1;20;125
2;1;11;1273
3;1;15;271
4;1;3;977
5;1;4;439
6;1;20;855
7;1;5;921
8;1;11;525
9;1;17;1554
10;1;8;1367
11;1;20;1183
12;1;10;173
13;1;16;696
*** EOF ***