**** 2 ****
50
20;32;1;2;653;
31;31;1;2;488;
19;16;1;2;38;
35;18;1;2;311;
28;19;1;2;162;
21;25;1;2;249;
28;16;1;2;329;
33;22;1;2;370;
27;16;1;2;256;
23;23;1;2;119;
31;33;1;2;157;
16;27;1;2;642;
17;35;1;2;265;
33;26;1;2;267;
19;31;1;2;524;
24;17;1;2;100;
22;27;1;2;469;
31;24;1;2;352;
31;22;1;2;384;
22;23;1;2;8;
23;22;1;2;105;
20;22;1;2;422;
32;21;1;2;25;
16;25;1;2;65;
30;31;1;2;523;
30;18;1;2;498;
19;30;1;2;17;
22;28;1;2;455;
19;16;1;2;612;
20;26;1;2;171;
32;34;1;2;519;
34;31;1;2;146;
22;29;1;2;124;
23;24;1;2;612;
19;35;1;2;162;
28;19;1;2;585;
28;35;1;2;60;
20;23;1;2;672;
19;28;1;2;305;
27;18;1;2;250;
28;21;1;2;264;
24;32;1;2;550;
21;23;1;2;613;
18;33;1;2;574;
21;34;1;2;670;
33;35;1;2;358;
22;32;1;2;673;
20;29;1;2;24;
17;20;1;2;308;
33;19;1;2;330;
1;1;12;559
2;1;10;79
3;1;2;446
4;1;6;30
5;1;11;234
6;1;13;1322
7;1;6;810
8;1;17;599
9;1;15;122
10;1;7;915
11;1;2;830
12;1;16;413
13;1;7;324
*** EOF ***