**** 15 ****
50
24;30;1;2;225;
15;24;1;2;13;
24;27;1;2;343;
26;25;1;2;237;
13;19;1;2;311;
17;21;1;2;65;
31;28;1;2;140;
19;14;1;2;391;
28;24;1;2;402;
32;4;1;2;371;
32;24;1;2;183;
7;29;1;2;359;
26;4;1;2;58;
10;8;1;2;269;
27;6;1;2;339;
11;19;1;2;131;
24;25;1;2;510;
6;5;1;2;56;
22;7;1;2;248;
10;22;1;2;184;
23;20;1;2;382;
18;22;1;2;329;
7;16;1;2;64;
34;31;1;2;358;
5;8;1;2;116;
33;16;1;2;176;
20;17;1;2;49;
7;26;1;2;450;
7;17;1;2;373;
11;8;1;2;506;
21;24;1;2;513;
6;15;1;2;26;
11;15;1;2;96;
23;33;1;2;324;
34;24;1;2;96;
22;7;1;2;158;
7;23;1;2;447;
10;20;1;2;64;
35;17;1;2;391;
25;31;1;2;31;
18;25;1;2;336;
5;8;1;2;23;
5;9;1;2;225;
23;8;1;2;249;
5;15;1;2;366;
30;11;1;2;136;
23;17;1;2;95;
19;7;1;2;345;
13;12;1;2;39;
6;23;1;2;164;
1;1;9;33
2;1;16;659
3;1;11;496
4;1;2;737
5;1;2;907
6;1;19;749
7;1;8;813
8;1;10;588
9;1;4;623
10;1;13;76
11;1;16;148
12;1;14;636
13;1;6;423
*** EOF ***