**** 6 ****
50
34;20;1;2;441;
18;23;1;2;306;
10;33;1;2;453;
21;34;1;2;531;
34;11;1;2;151;
10;19;1;2;261;
17;26;1;2;422;
12;35;1;2;512;
13;29;1;2;371;
21;24;1;2;373;
26;26;1;2;122;
28;35;1;2;452;
19;35;1;2;343;
20;18;1;2;93;
34;18;1;2;150;
31;32;1;2;145;
15;29;1;2;198;
25;22;1;2;158;
13;25;1;2;437;
35;29;1;2;418;
15;14;1;2;155;
29;21;1;2;224;
16;15;1;2;46;
12;28;1;2;331;
15;31;1;2;265;
18;26;1;2;333;
28;28;1;2;339;
11;27;1;2;550;
20;31;1;2;189;
24;35;1;2;138;
35;34;1;2;83;
11;34;1;2;339;
10;10;1;2;372;
26;27;1;2;5;
12;19;1;2;473;
24;12;1;2;392;
31;21;1;2;61;
22;15;1;2;72;
31;32;1;2;517;
15;23;1;2;438;
18;11;1;2;66;
22;31;1;2;526;
11;17;1;2;67;
17;17;1;2;563;
19;32;1;2;442;
30;17;1;2;191;
16;19;1;2;40;
18;21;1;2;433;
22;31;1;2;482;
17;18;1;2;265;
1;1;4;824
2;1;4;1051
3;1;2;180
4;1;7;800
5;1;17;602
6;1;5;34
7;1;12;533
8;1;16;626
9;1;7;1128
10;1;7;569
11;1;20;138
12;1;5;1037
13;1;3;1139
*** EOF ***