**** 2 ****
50
26;30;1;2;542;
26;32;1;2;455;
29;27;1;2;526;
29;33;1;2;454;
30;33;1;2;743;
33;27;1;2;95;
29;27;1;2;256;
33;33;1;2;178;
28;34;1;2;65;
32;27;1;2;35;
26;31;1;2;643;
30;28;1;2;126;
28;33;1;2;64;
29;29;1;2;30;
33;28;1;2;266;
34;35;1;2;473;
30;28;1;2;331;
35;31;1;2;568;
30;26;1;2;82;
31;27;1;2;501;
35;29;1;2;113;
32;29;1;2;267;
27;29;1;2;738;
26;35;1;2;2;
31;31;1;2;77;
27;33;1;2;478;
29;26;1;2;559;
26;34;1;2;140;
30;26;1;2;64;
34;31;1;2;659;
26;34;1;2;251;
29;31;1;2;100;
29;29;1;2;234;
31;35;1;2;103;
28;28;1;2;187;
34;26;1;2;769;
28;35;1;2;713;
35;28;1;2;80;
27;30;1;2;609;
29;30;1;2;612;
35;31;1;2;799;
27;33;1;2;789;
33;26;1;2;172;
30;26;1;2;573;
30;31;1;2;670;
29;28;1;2;621;
26;29;1;2;809;
33;32;1;2;235;
26;27;1;2;97;
30;29;1;2;84;
1;1;13;927
2;1;9;1336
3;1;19;288
4;1;13;474
5;1;15;1092
6;1;11;448
7;1;4;319
8;1;5;389
9;1;13;521
10;1;19;1358
11;1;18;99
12;1;20;1051
13;1;1;1495
*** EOF ***