**** 13 ****
50
31;34;1;2;52;
19;25;1;2;298;
34;18;1;2;12;
15;19;1;2;49;
31;25;1;2;201;
32;20;1;2;275;
15;27;1;2;545;
16;20;1;2;166;
25;17;1;2;350;
15;33;1;2;603;
18;28;1;2;513;
26;29;1;2;333;
27;31;1;2;600;
25;30;1;2;310;
12;17;1;2;150;
14;18;1;2;444;
34;21;1;2;325;
12;20;1;2;230;
35;14;1;2;300;
28;15;1;2;630;
19;28;1;2;17;
22;14;1;2;486;
32;22;1;2;532;
15;27;1;2;47;
24;17;1;2;233;
28;15;1;2;619;
12;15;1;2;177;
19;17;1;2;412;
15;14;1;2;409;
14;28;1;2;577;
29;17;1;2;421;
19;27;1;2;106;
20;14;1;2;410;
17;21;1;2;348;
35;34;1;2;219;
12;18;1;2;561;
29;24;1;2;233;
26;31;1;2;73;
25;28;1;2;133;
17;19;1;2;336;
33;19;1;2;89;
16;13;1;2;421;
12;18;1;2;237;
12;29;1;2;331;
26;22;1;2;472;
12;17;1;2;227;
22;15;1;2;289;
18;32;1;2;546;
35;27;1;2;117;
30;29;1;2;368;
1;1;13;944
2;1;4;44
3;1;8;911
4;1;20;831
5;1;18;562
6;1;10;761
7;1;14;294
8;1;16;892
9;1;16;515
10;1;2;171
11;1;18;359
12;1;9;807
13;1;17;1265
*** EOF ***