**** 12 ****
50
29;30;1;2;259;
33;33;1;2;34;
29;31;1;2;88;
28;35;1;2;577;
32;30;1;2;658;
28;26;1;2;28;
31;29;1;2;501;
30;28;1;2;19;
30;35;1;2;702;
32;26;1;2;547;
31;35;1;2;518;
28;30;1;2;456;
30;26;1;2;381;
32;35;1;2;327;
35;31;1;2;649;
29;35;1;2;215;
28;35;1;2;421;
27;27;1;2;103;
29;30;1;2;330;
31;26;1;2;240;
32;30;1;2;15;
27;27;1;2;256;
31;28;1;2;475;
35;26;1;2;179;
35;28;1;2;265;
27;30;1;2;668;
26;26;1;2;681;
28;27;1;2;72;
33;27;1;2;574;
31;30;1;2;800;
31;28;1;2;46;
28;29;1;2;818;
27;28;1;2;324;
31;27;1;2;59;
33;31;1;2;693;
35;35;1;2;758;
31;33;1;2;649;
31;30;1;2;439;
26;29;1;2;266;
35;32;1;2;295;
29;27;1;2;773;
32;32;1;2;13;
33;32;1;2;694;
31;35;1;2;603;
31;31;1;2;137;
32;28;1;2;544;
26;35;1;2;201;
27;35;1;2;656;
33;27;1;2;305;
30;27;1;2;153;
1;1;4;255
2;1;11;1270
3;1;5;889
4;1;9;117
5;1;15;379
6;1;5;1429
7;1;9;1459
8;1;6;1420
9;1;19;469
10;1;19;1127
11;1;3;1592
12;1;7;1571
13;1;6;494
*** EOF ***