**** 2 ****
50
14;21;1;2;27;
17;32;1;2;382;
16;30;1;2;532;
27;33;1;2;187;
19;14;1;2;406;
19;19;1;2;156;
21;27;1;2;322;
19;32;1;2;96;
14;18;1;2;102;
24;20;1;2;86;
34;29;1;2;334;
21;15;1;2;339;
31;20;1;2;618;
15;19;1;2;510;
20;34;1;2;489;
28;33;1;2;409;
21;33;1;2;5;
33;15;1;2;304;
17;30;1;2;148;
14;32;1;2;228;
17;15;1;2;39;
27;33;1;2;382;
33;29;1;2;141;
23;28;1;2;352;
15;22;1;2;381;
19;15;1;2;558;
16;28;1;2;258;
17;23;1;2;201;
26;30;1;2;221;
34;27;1;2;559;
27;32;1;2;48;
16;22;1;2;44;
31;35;1;2;469;
21;21;1;2;601;
28;31;1;2;588;
29;22;1;2;178;
29;22;1;2;521;
21;29;1;2;335;
18;29;1;2;503;
15;31;1;2;255;
22;29;1;2;230;
21;23;1;2;255;
29;21;1;2;585;
22;34;1;2;171;
34;20;1;2;447;
14;20;1;2;346;
15;22;1;2;87;
30;17;1;2;184;
26;17;1;2;312;
23;35;1;2;387;
1;1;15;549
2;1;16;137
3;1;8;295
4;1;1;644
5;1;14;234
6;1;11;751
7;1;13;681
8;1;7;1235
9;1;6;156
10;1;15;581
11;1;3;172
12;1;13;624
13;1;2;518
*** EOF ***