**** 5 ****
50
34;25;1;2;134;
24;24;1;2;195;
27;35;1;2;610;
32;34;1;2;458;
30;33;1;2;320;
30;21;1;2;329;
31;33;1;2;195;
28;23;1;2;111;
31;20;1;2;639;
33;33;1;2;73;
24;22;1;2;198;
30;34;1;2;149;
34;29;1;2;348;
30;34;1;2;577;
30;30;1;2;200;
29;23;1;2;375;
20;30;1;2;339;
34;24;1;2;62;
27;22;1;2;392;
26;27;1;2;696;
23;29;1;2;381;
21;29;1;2;149;
32;27;1;2;278;
29;25;1;2;522;
26;21;1;2;393;
20;31;1;2;178;
30;25;1;2;564;
27;32;1;2;635;
31;31;1;2;777;
30;24;1;2;453;
34;20;1;2;193;
27;29;1;2;428;
31;29;1;2;221;
31;23;1;2;330;
32;29;1;2;48;
20;32;1;2;462;
34;22;1;2;610;
28;32;1;2;553;
34;34;1;2;464;
30;33;1;2;524;
29;28;1;2;53;
28;23;1;2;348;
27;23;1;2;559;
34;30;1;2;695;
28;30;1;2;507;
23;23;1;2;53;
29;22;1;2;421;
30;20;1;2;516;
32;29;1;2;475;
26;30;1;2;266;
1;1;16;219
2;1;17;573
3;1;12;870
4;1;9;1118
5;1;17;505
6;1;17;704
7;1;13;683
8;1;20;543
9;1;19;828
10;1;5;896
11;1;2;158
12;1;9;99
13;1;17;1324
*** EOF ***