**** 16 ****
50
35;32;1;2;301;
22;20;1;2;205;
33;28;1;2;576;
35;33;1;2;286;
27;33;1;2;581;
32;35;1;2;533;
31;28;1;2;32;
29;31;1;2;393;
21;30;1;2;467;
31;31;1;2;575;
27;24;1;2;164;
22;32;1;2;433;
32;22;1;2;469;
33;29;1;2;618;
33;25;1;2;179;
30;34;1;2;665;
24;25;1;2;544;
22;24;1;2;613;
23;30;1;2;484;
27;28;1;2;94;
30;23;1;2;466;
21;35;1;2;333;
27;31;1;2;271;
26;28;1;2;500;
25;34;1;2;434;
29;30;1;2;223;
33;21;1;2;621;
32;35;1;2;608;
26;28;1;2;94;
20;23;1;2;700;
20;35;1;2;323;
22;32;1;2;394;
24;23;1;2;141;
20;33;1;2;564;
28;23;1;2;84;
35;21;1;2;57;
24;23;1;2;242;
23;28;1;2;151;
25;25;1;2;696;
26;20;1;2;612;
35;23;1;2;525;
29;30;1;2;166;
26;27;1;2;477;
30;35;1;2;202;
24;24;1;2;261;
26;20;1;2;501;
20;22;1;2;486;
31;29;1;2;447;
24;23;1;2;490;
25;27;1;2;381;
1;1;10;128
2;1;12;222
3;1;4;1069
4;1;2;767
5;1;2;1401
6;1;2;500
7;1;19;1430
8;1;10;795
9;1;17;971
10;1;11;750
11;1;10;729
12;1;8;1223
13;1;6;61
*** EOF ***