**** 7 ****
50
24;22;1;2;553;
28;20;1;2;702;
34;24;1;2;253;
26;34;1;2;91;
29;33;1;2;373;
33;30;1;2;297;
33;18;1;2;598;
21;29;1;2;111;
22;16;1;2;152;
31;33;1;2;125;
30;30;1;2;105;
17;17;1;2;281;
18;28;1;2;22;
26;25;1;2;691;
34;18;1;2;81;
34;26;1;2;604;
20;31;1;2;527;
20;29;1;2;100;
30;23;1;2;135;
30;18;1;2;542;
22;24;1;2;376;
29;21;1;2;373;
35;31;1;2;252;
30;27;1;2;445;
19;21;1;2;698;
25;35;1;2;239;
35;28;1;2;334;
16;26;1;2;713;
27;29;1;2;511;
20;35;1;2;563;
24;34;1;2;209;
27;16;1;2;490;
23;16;1;2;395;
31;28;1;2;14;
27;17;1;2;166;
28;30;1;2;281;
35;27;1;2;577;
30;22;1;2;349;
17;32;1;2;156;
33;30;1;2;7;
31;22;1;2;296;
25;30;1;2;244;
35;35;1;2;614;
32;18;1;2;247;
33;24;1;2;129;
26;26;1;2;296;
19;30;1;2;158;
21;22;1;2;448;
24;29;1;2;660;
33;23;1;2;731;
1;1;11;684
2;1;1;1137
3;1;17;459
4;1;2;1277
5;1;11;632
6;1;6;1372
7;1;8;763
8;1;16;1190
9;1;12;322
10;1;6;1388
11;1;8;926
12;1;10;778
13;1;16;1468
*** EOF ***