**** 6 ****
50
33;33;1;2;504;
34;31;1;2;9;
31;31;1;2;282;
33;28;1;2;30;
30;33;1;2;339;
28;28;1;2;221;
34;34;1;2;147;
33;30;1;2;175;
28;29;1;2;525;
28;35;1;2;346;
28;35;1;2;104;
29;35;1;2;588;
35;30;1;2;258;
35;29;1;2;499;
32;28;1;2;762;
29;29;1;2;31;
29;29;1;2;161;
35;32;1;2;383;
31;34;1;2;712;
28;29;1;2;678;
30;31;1;2;333;
28;28;1;2;647;
34;34;1;2;521;
28;34;1;2;194;
29;31;1;2;666;
29;32;1;2;475;
28;35;1;2;778;
31;31;1;2;216;
32;30;1;2;658;
30;35;1;2;65;
31;28;1;2;92;
33;35;1;2;113;
29;33;1;2;347;
32;31;1;2;598;
30;32;1;2;366;
32;33;1;2;811;
35;31;1;2;92;
33;31;1;2;354;
31;30;1;2;103;
32;31;1;2;112;
28;33;1;2;259;
32;35;1;2;428;
34;35;1;2;826;
31;33;1;2;116;
34;33;1;2;351;
30;29;1;2;265;
31;31;1;2;585;
30;31;1;2;727;
31;33;1;2;456;
31;30;1;2;42;
1;1;6;889
2;1;1;1163
3;1;11;1327
4;1;11;182
5;1;14;90
6;1;9;1065
7;1;17;847
8;1;11;988
9;1;5;73
10;1;3;337
11;1;11;705
12;1;15;16
13;1;11;1481
*** EOF ***