**** 13 ****
50
20;35;1;2;69;
24;15;1;2;634;
29;15;1;2;193;
23;27;1;2;206;
34;23;1;2;279;
30;27;1;2;168;
35;15;1;2;338;
27;24;1;2;363;
18;31;1;2;33;
32;18;1;2;254;
35;29;1;2;33;
18;24;1;2;325;
18;16;1;2;118;
30;26;1;2;468;
18;23;1;2;542;
16;15;1;2;9;
14;35;1;2;643;
19;17;1;2;499;
20;18;1;2;471;
30;22;1;2;597;
26;20;1;2;496;
25;34;1;2;397;
27;20;1;2;364;
16;28;1;2;349;
16;30;1;2;248;
26;25;1;2;592;
31;34;1;2;213;
18;22;1;2;612;
28;21;1;2;194;
22;26;1;2;246;
23;18;1;2;460;
24;23;1;2;530;
15;18;1;2;261;
33;28;1;2;431;
29;28;1;2;67;
30;28;1;2;532;
24;34;1;2;56;
23;32;1;2;465;
29;26;1;2;207;
33;21;1;2;451;
19;33;1;2;317;
29;17;1;2;553;
34;18;1;2;71;
27;32;1;2;624;
30;21;1;2;588;
26;15;1;2;108;
16;15;1;2;215;
14;20;1;2;569;
31;33;1;2;647;
16;25;1;2;395;
1;1;9;148
2;1;20;1323
3;1;5;495
4;1;18;702
5;1;5;764
6;1;3;1232
7;1;8;556
8;1;12;386
9;1;6;538
10;1;19;657
11;1;7;978
12;1;13;296
13;1;8;108
*** EOF ***