**** 0 ****
50
14;24;1;2;26;
15;23;1;2;412;
26;29;1;2;350;
33;9;1;2;398;
7;13;1;2;463;
13;35;1;2;56;
29;16;1;2;133;
16;12;1;2;541;
9;9;1;2;132;
19;26;1;2;472;
23;10;1;2;155;
22;26;1;2;495;
30;25;1;2;467;
21;30;1;2;142;
11;20;1;2;405;
19;16;1;2;188;
7;19;1;2;306;
19;28;1;2;367;
26;32;1;2;418;
29;14;1;2;114;
13;16;1;2;549;
17;14;1;2;465;
14;29;1;2;514;
35;27;1;2;150;
23;16;1;2;373;
16;8;1;2;506;
6;10;1;2;351;
27;12;1;2;50;
35;13;1;2;148;
6;30;1;2;4;
19;15;1;2;577;
24;16;1;2;18;
18;10;1;2;227;
25;29;1;2;10;
35;14;1;2;288;
9;28;1;2;548;
22;29;1;2;355;
34;28;1;2;530;
16;20;1;2;369;
13;32;1;2;129;
17;12;1;2;591;
26;17;1;2;441;
25;23;1;2;589;
25;32;1;2;227;
26;35;1;2;579;
26;28;1;2;103;
17;7;1;2;584;
31;23;1;2;465;
34;14;1;2;551;
16;20;1;2;83;
1;1;6;301
2;1;15;319
3;1;12;440
4;1;4;190
5;1;16;351
6;1;8;618
7;1;17;1026
8;1;12;536
9;1;18;1106
10;1;13;397
11;1;4;1003
12;1;14;280
13;1;20;204
*** EOF ***