**** 6 ****
50
6;27;1;2;85;
35;14;1;2;201;
35;24;1;2;421;
8;35;1;2;34;
28;28;1;2;89;
19;31;1;2;94;
31;6;1;2;565;
15;17;1;2;166;
5;13;1;2;504;
29;21;1;2;2;
35;22;1;2;535;
15;20;1;2;42;
32;6;1;2;556;
35;13;1;2;430;
27;9;1;2;168;
27;17;1;2;583;
25;32;1;2;588;
35;16;1;2;558;
27;29;1;2;136;
10;20;1;2;224;
35;32;1;2;390;
34;28;1;2;538;
19;23;1;2;72;
6;8;1;2;42;
35;15;1;2;382;
9;10;1;2;157;
24;11;1;2;52;
18;20;1;2;542;
30;19;1;2;596;
9;13;1;2;369;
34;24;1;2;388;
16;18;1;2;157;
18;31;1;2;136;
13;15;1;2;27;
10;23;1;2;92;
8;28;1;2;40;
8;6;1;2;544;
11;33;1;2;364;
25;18;1;2;26;
6;24;1;2;256;
23;28;1;2;310;
33;24;1;2;555;
8;32;1;2;429;
8;6;1;2;93;
32;16;1;2;421;
20;19;1;2;40;
23;32;1;2;502;
24;14;1;2;475;
7;22;1;2;408;
23;28;1;2;97;
1;1;18;489
2;1;15;184
3;1;14;254
4;1;15;438
5;1;18;111
6;1;16;52
7;1;8;156
8;1;4;567
9;1;1;390
10;1;6;551
11;1;10;1111
12;1;7;453
13;1;15;1052
*** EOF ***