**** 14 ****
50
33;32;1;2;774;
33;33;1;2;818;
34;35;1;2;793;
32;33;1;2;847;
32;33;1;2;262;
32;32;1;2;228;
33;35;1;2;762;
33;34;1;2;309;
35;35;1;2;605;
33;34;1;2;386;
34;32;1;2;437;
35;35;1;2;715;
34;35;1;2;204;
35;34;1;2;240;
33;35;1;2;782;
34;33;1;2;397;
34;33;1;2;383;
34;33;1;2;3;
33;32;1;2;428;
32;34;1;2;813;
35;34;1;2;560;
34;34;1;2;282;
33;34;1;2;541;
34;35;1;2;387;
33;32;1;2;166;
35;33;1;2;518;
34;32;1;2;271;
33;33;1;2;132;
34;35;1;2;91;
34;34;1;2;585;
33;34;1;2;153;
34;32;1;2;320;
35;32;1;2;870;
34;32;1;2;256;
33;32;1;2;205;
32;33;1;2;79;
34;32;1;2;87;
32;34;1;2;188;
32;33;1;2;671;
32;34;1;2;815;
35;35;1;2;23;
33;33;1;2;772;
33;32;1;2;860;
34;35;1;2;292;
33;34;1;2;550;
32;33;1;2;179;
32;35;1;2;616;
34;34;1;2;478;
34;34;1;2;241;
35;35;1;2;520;
1;1;14;667
2;1;6;1112
3;1;16;433
4;1;16;560
5;1;4;612
6;1;14;1244
7;1;19;996
8;1;7;1342
9;1;10;171
10;1;11;114
11;1;1;1530
12;1;8;1357
13;1;6;1127
*** EOF ***