**** 5 ****
50
33;34;1;2;312;
33;32;1;2;291;
35;34;1;2;37;
34;32;1;2;611;
35;33;1;2;610;
35;34;1;2;920;
35;35;1;2;907;
34;34;1;2;397;
33;32;1;2;466;
32;33;1;2;27;
34;34;1;2;196;
35;33;1;2;403;
34;35;1;2;499;
34;35;1;2;210;
35;34;1;2;382;
33;35;1;2;773;
35;32;1;2;54;
35;34;1;2;725;
35;33;1;2;587;
34;32;1;2;211;
35;34;1;2;14;
33;33;1;2;146;
34;34;1;2;656;
35;33;1;2;104;
35;32;1;2;649;
34;32;1;2;64;
34;33;1;2;165;
32;34;1;2;229;
32;35;1;2;245;
33;33;1;2;864;
32;32;1;2;647;
34;33;1;2;101;
35;33;1;2;471;
34;35;1;2;268;
34;32;1;2;493;
34;32;1;2;807;
35;33;1;2;714;
35;33;1;2;725;
32;34;1;2;380;
34;32;1;2;82;
34;32;1;2;15;
34;33;1;2;30;
34;32;1;2;488;
35;32;1;2;820;
35;35;1;2;88;
33;32;1;2;90;
34;34;1;2;169;
33;35;1;2;681;
35;35;1;2;359;
34;34;1;2;536;
1;1;11;748
2;1;18;722
3;1;12;1307
4;1;1;314
5;1;5;1260
6;1;19;1808
7;1;16;697
8;1;1;90
9;1;15;1106
10;1;20;1441
11;1;15;784
12;1;12;960
13;1;17;857
*** EOF ***