**** 15 ****
50
10;22;1;2;328;
13;26;1;2;125;
32;12;1;2;591;
11;21;1;2;601;
18;28;1;2;365;
11;16;1;2;234;
20;34;1;2;285;
20;27;1;2;178;
32;27;1;2;94;
22;32;1;2;379;
20;33;1;2;202;
10;16;1;2;157;
35;13;1;2;590;
13;15;1;2;325;
25;17;1;2;9;
14;24;1;2;396;
31;30;1;2;543;
21;17;1;2;466;
25;32;1;2;271;
29;25;1;2;532;
21;19;1;2;309;
8;22;1;2;556;
28;20;1;2;381;
16;25;1;2;312;
33;34;1;2;334;
25;19;1;2;247;
34;33;1;2;567;
35;28;1;2;251;
21;11;1;2;513;
9;18;1;2;403;
28;18;1;2;407;
22;18;1;2;398;
12;22;1;2;393;
16;20;1;2;458;
10;35;1;2;466;
15;8;1;2;144;
22;31;1;2;516;
23;29;1;2;401;
30;35;1;2;387;
26;12;1;2;498;
33;23;1;2;415;
18;22;1;2;375;
15;19;1;2;266;
19;27;1;2;190;
24;33;1;2;407;
16;16;1;2;59;
25;20;1;2;563;
10;11;1;2;356;
26;13;1;2;399;
28;18;1;2;59;
1;1;7;582
2;1;9;195
3;1;11;254
4;1;12;1009
5;1;14;50
6;1;4;17
7;1;9;538
8;1;18;1156
9;1;17;1122
10;1;17;550
11;1;12;1026
12;1;7;497
13;1;6;302
*** EOF ***