**** 3 ****
50
29;17;1;2;93;
32;11;1;2;142;
21;17;1;2;532;
17;8;1;2;194;
14;12;1;2;243;
15;21;1;2;79;
12;33;1;2;125;
11;16;1;2;326;
23;8;1;2;417;
19;34;1;2;314;
9;23;1;2;323;
18;33;1;2;530;
32;33;1;2;127;
8;30;1;2;82;
14;28;1;2;152;
9;29;1;2;119;
24;32;1;2;9;
29;10;1;2;383;
34;20;1;2;373;
32;8;1;2;499;
27;13;1;2;220;
19;10;1;2;355;
27;29;1;2;75;
15;21;1;2;97;
21;11;1;2;246;
12;21;1;2;125;
26;21;1;2;203;
14;20;1;2;478;
8;25;1;2;169;
18;17;1;2;448;
15;12;1;2;406;
8;18;1;2;311;
16;13;1;2;465;
10;32;1;2;316;
32;22;1;2;449;
28;21;1;2;331;
22;18;1;2;189;
24;8;1;2;102;
10;28;1;2;225;
11;24;1;2;312;
8;10;1;2;54;
23;35;1;2;386;
22;17;1;2;34;
12;8;1;2;357;
29;34;1;2;103;
19;22;1;2;364;
23;29;1;2;433;
15;10;1;2;546;
12;29;1;2;59;
31;34;1;2;269;
1;1;19;1081
2;1;2;870
3;1;8;1018
4;1;9;147
5;1;16;560
6;1;9;317
7;1;15;214
8;1;16;657
9;1;2;1030
10;1;6;610
11;1;9;519
12;1;4;63
13;1;18;635
*** EOF ***