**** 3 ****
50
25;31;1;2;419;
34;24;1;2;662;
21;25;1;2;338;
20;28;1;2;412;
29;29;1;2;55;
20;27;1;2;165;
18;26;1;2;9;
32;32;1;2;636;
27;24;1;2;74;
30;27;1;2;383;
26;24;1;2;270;
34;35;1;2;341;
22;19;1;2;18;
21;27;1;2;483;
25;31;1;2;388;
27;34;1;2;326;
28;23;1;2;438;
22;24;1;2;576;
33;33;1;2;639;
32;30;1;2;723;
24;20;1;2;419;
23;24;1;2;591;
29;28;1;2;498;
24;31;1;2;262;
35;32;1;2;674;
21;29;1;2;567;
19;32;1;2;391;
18;19;1;2;526;
28;29;1;2;243;
29;33;1;2;292;
32;35;1;2;236;
19;19;1;2;374;
25;18;1;2;165;
35;29;1;2;371;
32;29;1;2;700;
32;29;1;2;358;
33;26;1;2;336;
19;31;1;2;318;
18;22;1;2;363;
31;25;1;2;657;
23;23;1;2;513;
23;19;1;2;404;
28;20;1;2;652;
30;22;1;2;179;
27;20;1;2;323;
35;35;1;2;716;
30;27;1;2;196;
26;28;1;2;593;
26;19;1;2;680;
29;25;1;2;504;
1;1;10;1092
2;1;10;504
3;1;3;914
4;1;20;1177
5;1;12;135
6;1;19;271
7;1;16;1115
8;1;2;29
9;1;6;1349
10;1;5;1374
11;1;17;65
12;1;14;677
13;1;9;1064
*** EOF ***