**** 15 ****
50
29;13;1;2;102;
10;25;1;2;6;
24;23;1;2;167;
13;17;1;2;115;
35;35;1;2;235;
17;27;1;2;584;
25;31;1;2;106;
29;13;1;2;116;
26;14;1;2;250;
18;14;1;2;347;
14;16;1;2;327;
11;14;1;2;287;
21;13;1;2;61;
10;18;1;2;365;
21;32;1;2;131;
27;29;1;2;44;
16;19;1;2;526;
22;15;1;2;82;
28;14;1;2;242;
16;30;1;2;201;
30;25;1;2;456;
28;31;1;2;345;
21;27;1;2;268;
27;20;1;2;436;
10;27;1;2;510;
14;22;1;2;464;
25;33;1;2;250;
27;34;1;2;596;
31;28;1;2;559;
33;25;1;2;362;
16;12;1;2;496;
29;22;1;2;224;
35;33;1;2;288;
16;11;1;2;241;
17;18;1;2;137;
25;17;1;2;480;
18;17;1;2;125;
23;16;1;2;629;
16;11;1;2;626;
35;20;1;2;316;
22;15;1;2;106;
34;14;1;2;517;
18;27;1;2;65;
27;10;1;2;466;
15;15;1;2;6;
31;35;1;2;396;
34;25;1;2;371;
26;34;1;2;365;
20;15;1;2;332;
35;24;1;2;407;
1;1;18;1010
2;1;3;440
3;1;3;174
4;1;15;329
5;1;11;789
6;1;3;156
7;1;19;571
8;1;12;1182
9;1;11;737
10;1;4;882
11;1;4;549
12;1;9;1234
13;1;15;203
*** EOF ***