**** 11 ****
50
25;22;1;2;362;
26;20;1;2;447;
26;28;1;2;468;
28;23;1;2;541;
26;31;1;2;318;
12;35;1;2;307;
31;35;1;2;510;
31;27;1;2;135;
31;34;1;2;374;
12;13;1;2;5;
32;18;1;2;162;
13;35;1;2;298;
31;16;1;2;448;
29;17;1;2;343;
27;25;1;2;225;
20;12;1;2;612;
12;20;1;2;479;
33;18;1;2;16;
32;25;1;2;626;
12;18;1;2;512;
26;30;1;2;231;
12;32;1;2;292;
22;13;1;2;392;
31;22;1;2;226;
16;13;1;2;115;
34;17;1;2;380;
20;16;1;2;355;
20;16;1;2;523;
30;17;1;2;136;
32;18;1;2;52;
17;32;1;2;73;
29;18;1;2;578;
14;24;1;2;456;
12;19;1;2;296;
19;19;1;2;177;
24;21;1;2;212;
19;31;1;2;78;
24;21;1;2;13;
24;27;1;2;463;
30;33;1;2;324;
19;26;1;2;582;
15;18;1;2;418;
32;26;1;2;234;
13;24;1;2;302;
27;29;1;2;94;
25;20;1;2;62;
20;15;1;2;379;
16;16;1;2;250;
12;30;1;2;238;
35;14;1;2;394;
1;1;12;124
2;1;12;632
3;1;5;371
4;1;19;997
5;1;2;569
6;1;19;503
7;1;1;1151
8;1;2;1184
9;1;1;548
10;1;1;280
11;1;5;914
12;1;19;931
13;1;16;1131
*** EOF ***