**** 19 ****
50
26;22;1;2;313;
19;20;1;2;340;
31;14;1;2;196;
20;17;1;2;298;
33;35;1;2;411;
17;17;1;2;275;
12;17;1;2;540;
28;23;1;2;409;
17;18;1;2;168;
12;21;1;2;52;
20;18;1;2;226;
14;25;1;2;162;
19;33;1;2;607;
35;28;1;2;301;
16;19;1;2;609;
32;22;1;2;297;
14;20;1;2;222;
26;19;1;2;382;
29;20;1;2;425;
14;26;1;2;85;
14;17;1;2;21;
30;20;1;2;28;
13;27;1;2;217;
22;23;1;2;611;
35;30;1;2;291;
28;27;1;2;537;
13;24;1;2;604;
35;32;1;2;207;
26;13;1;2;198;
22;23;1;2;433;
27;18;1;2;469;
19;16;1;2;433;
33;22;1;2;350;
16;17;1;2;52;
18;35;1;2;481;
23;23;1;2;219;
35;15;1;2;242;
16;35;1;2;149;
20;19;1;2;259;
20;26;1;2;344;
18;34;1;2;399;
28;20;1;2;118;
33;24;1;2;414;
35;27;1;2;283;
12;16;1;2;269;
13;14;1;2;466;
31;22;1;2;478;
29;28;1;2;374;
16;22;1;2;515;
17;20;1;2;325;
1;1;13;822
2;1;14;997
3;1;12;91
4;1;5;293
5;1;3;572
6;1;5;1247
7;1;14;973
8;1;16;191
9;1;13;325
10;1;17;462
11;1;18;708
12;1;7;624
13;1;7;650
*** EOF ***