**** 3 ****
50
34;16;1;2;395;
30;31;1;2;141;
17;35;1;2;352;
14;16;1;2;657;
17;30;1;2;475;
14;26;1;2;535;
34;24;1;2;398;
31;15;1;2;529;
23;24;1;2;33;
34;23;1;2;466;
31;27;1;2;172;
34;33;1;2;303;
24;26;1;2;162;
27;17;1;2;367;
29;20;1;2;19;
19;33;1;2;300;
22;23;1;2;310;
20;30;1;2;452;
20;22;1;2;557;
19;22;1;2;122;
29;27;1;2;447;
27;34;1;2;615;
21;21;1;2;629;
31;21;1;2;414;
17;17;1;2;203;
23;28;1;2;495;
35;20;1;2;650;
23;19;1;2;387;
26;16;1;2;18;
15;16;1;2;154;
17;28;1;2;445;
19;31;1;2;553;
18;23;1;2;560;
22;14;1;2;16;
15;17;1;2;390;
23;29;1;2;105;
35;20;1;2;70;
34;27;1;2;375;
26;15;1;2;452;
31;22;1;2;646;
26;15;1;2;227;
35;18;1;2;5;
22;27;1;2;370;
29;17;1;2;50;
17;28;1;2;28;
32;23;1;2;434;
20;28;1;2;420;
14;23;1;2;568;
28;28;1;2;576;
34;19;1;2;589;
1;1;13;299
2;1;2;1229
3;1;17;889
4;1;1;249
5;1;1;440
6;1;17;707
7;1;15;1250
8;1;20;395
9;1;18;113
10;1;13;1314
11;1;14;850
12;1;5;267
13;1;1;983
*** EOF ***