**** 1 ****
50
33;15;1;2;119;
28;25;1;2;365;
7;14;1;2;196;
12;7;1;2;213;
29;10;1;2;2;
27;29;1;2;519;
13;5;1;2;466;
24;23;1;2;267;
14;34;1;2;177;
34;22;1;2;322;
24;30;1;2;185;
14;20;1;2;141;
27;28;1;2;132;
18;32;1;2;242;
16;23;1;2;464;
6;25;1;2;382;
33;11;1;2;241;
3;5;1;2;488;
26;28;1;2;265;
22;33;1;2;91;
4;4;1;2;197;
10;30;1;2;162;
8;35;1;2;30;
29;19;1;2;129;
33;11;1;2;107;
9;15;1;2;280;
12;26;1;2;111;
2;15;1;2;149;
29;2;1;2;325;
15;8;1;2;463;
22;27;1;2;88;
5;31;1;2;270;
22;11;1;2;313;
19;20;1;2;2;
24;32;1;2;249;
17;27;1;2;71;
7;26;1;2;373;
28;33;1;2;372;
3;4;1;2;330;
27;34;1;2;12;
26;8;1;2;264;
20;21;1;2;86;
4;10;1;2;192;
12;10;1;2;280;
30;9;1;2;333;
33;9;1;2;325;
19;6;1;2;328;
11;10;1;2;513;
23;10;1;2;379;
31;12;1;2;153;
1;1;20;186
2;1;5;537
3;1;5;583
4;1;5;46
5;1;9;486
6;1;10;603
7;1;12;960
8;1;11;165
9;1;3;545
10;1;5;775
11;1;20;70
12;1;1;691
13;1;17;786
*** EOF ***