**** 14 ****
50
8;35;1;2;175;
32;13;1;2;483;
21;16;1;2;229;
27;9;1;2;440;
12;21;1;2;272;
12;2;1;2;55;
29;12;1;2;98;
26;12;1;2;441;
6;18;1;2;533;
26;6;1;2;503;
30;15;1;2;414;
31;4;1;2;419;
16;27;1;2;72;
11;14;1;2;439;
2;27;1;2;279;
21;12;1;2;463;
18;25;1;2;139;
31;14;1;2;514;
12;2;1;2;441;
20;26;1;2;467;
2;17;1;2;505;
2;9;1;2;205;
32;16;1;2;441;
25;32;1;2;164;
35;11;1;2;288;
17;10;1;2;437;
18;20;1;2;506;
9;23;1;2;311;
20;18;1;2;479;
32;31;1;2;352;
18;3;1;2;59;
11;31;1;2;157;
10;11;1;2;139;
29;32;1;2;477;
25;33;1;2;299;
6;15;1;2;210;
27;34;1;2;456;
15;31;1;2;435;
24;10;1;2;15;
24;2;1;2;406;
15;18;1;2;95;
2;5;1;2;187;
18;13;1;2;155;
29;16;1;2;380;
18;33;1;2;41;
15;17;1;2;136;
25;4;1;2;310;
12;2;1;2;377;
23;30;1;2;359;
23;11;1;2;5;
1;1;19;669
2;1;16;258
3;1;3;242
4;1;5;183
5;1;14;922
6;1;10;170
7;1;5;958
8;1;3;16
9;1;9;1002
10;1;7;749
11;1;1;590
12;1;14;714
13;1;9;54
*** EOF ***