**** 14 ****
50
30;32;1;2;258;
19;16;1;2;590;
35;34;1;2;457;
16;29;1;2;390;
34;18;1;2;148;
18;34;1;2;450;
24;16;1;2;152;
20;34;1;2;467;
30;29;1;2;93;
29;16;1;2;10;
32;34;1;2;416;
17;28;1;2;574;
20;17;1;2;163;
26;28;1;2;308;
32;25;1;2;682;
21;27;1;2;311;
34;21;1;2;61;
20;16;1;2;658;
22;27;1;2;338;
27;27;1;2;361;
31;28;1;2;367;
35;20;1;2;350;
16;19;1;2;544;
26;35;1;2;505;
26;20;1;2;604;
18;19;1;2;651;
18;17;1;2;531;
22;29;1;2;497;
20;33;1;2;569;
16;33;1;2;563;
17;28;1;2;117;
32;31;1;2;362;
28;21;1;2;560;
35;24;1;2;461;
35;19;1;2;570;
25;33;1;2;311;
24;26;1;2;622;
30;18;1;2;215;
21;17;1;2;198;
29;23;1;2;533;
25;24;1;2;136;
17;20;1;2;618;
27;30;1;2;460;
29;19;1;2;71;
25;30;1;2;303;
22;26;1;2;124;
18;27;1;2;150;
32;28;1;2;263;
30;17;1;2;601;
21;19;1;2;514;
1;1;10;1366
2;1;15;1223
3;1;4;449
4;1;5;680
5;1;12;692
6;1;12;943
7;1;19;1008
8;1;12;1304
9;1;3;1348
10;1;2;750
11;1;12;600
12;1;14;71
13;1;8;1278
*** EOF ***