**** 11 ****
50
33;33;1;2;413;
34;31;1;2;56;
32;33;1;2;435;
30;32;1;2;508;
30;35;1;2;673;
30;30;1;2;714;
30;35;1;2;330;
35;35;1;2;123;
34;35;1;2;114;
33;32;1;2;702;
34;31;1;2;468;
34;34;1;2;374;
34;34;1;2;686;
33;33;1;2;712;
34;32;1;2;735;
34;31;1;2;394;
35;34;1;2;436;
35;34;1;2;5;
31;33;1;2;411;
32;30;1;2;318;
31;31;1;2;659;
35;31;1;2;753;
34;30;1;2;379;
32;31;1;2;536;
32;34;1;2;415;
30;34;1;2;789;
35;34;1;2;670;
34;33;1;2;409;
31;32;1;2;371;
30;32;1;2;120;
34;30;1;2;80;
34;35;1;2;783;
33;35;1;2;613;
34;34;1;2;352;
30;33;1;2;95;
32;31;1;2;726;
32;35;1;2;686;
34;30;1;2;609;
31;35;1;2;863;
32;34;1;2;600;
30;30;1;2;26;
32;30;1;2;269;
35;31;1;2;482;
35;33;1;2;632;
35;35;1;2;621;
34;34;1;2;649;
33;30;1;2;419;
31;34;1;2;66;
30;35;1;2;574;
32;33;1;2;561;
1;1;7;1007
2;1;10;292
3;1;8;1040
4;1;7;317
5;1;6;458
6;1;8;1171
7;1;3;1665
8;1;13;391
9;1;16;256
10;1;8;1326
11;1;5;220
12;1;7;1445
13;1;10;1241
*** EOF ***