**** 4 ****
50
27;24;1;2;586;
16;25;1;2;604;
24;28;1;2;453;
18;17;1;2;413;
26;20;1;2;215;
27;25;1;2;157;
31;33;1;2;659;
16;22;1;2;431;
17;32;1;2;663;
32;25;1;2;24;
28;21;1;2;510;
32;19;1;2;215;
33;16;1;2;185;
25;35;1;2;616;
35;20;1;2;616;
31;27;1;2;78;
33;21;1;2;430;
16;30;1;2;699;
30;23;1;2;219;
31;29;1;2;593;
31;35;1;2;317;
26;23;1;2;494;
35;25;1;2;378;
35;24;1;2;76;
17;18;1;2;220;
23;28;1;2;530;
31;25;1;2;121;
24;26;1;2;382;
32;33;1;2;329;
22;27;1;2;258;
32;28;1;2;18;
26;29;1;2;658;
34;31;1;2;538;
34;32;1;2;273;
33;35;1;2;548;
17;18;1;2;658;
25;24;1;2;71;
23;32;1;2;676;
27;27;1;2;392;
30;34;1;2;570;
19;30;1;2;320;
28;20;1;2;746;
31;17;1;2;345;
19;16;1;2;514;
30;23;1;2;594;
18;17;1;2;559;
35;17;1;2;739;
23;29;1;2;526;
27;24;1;2;245;
22;22;1;2;124;
1;1;12;270
2;1;17;601
3;1;10;766
4;1;19;1167
5;1;10;820
6;1;19;1059
7;1;19;1196
8;1;8;986
9;1;16;1471
10;1;11;114
11;1;11;1358
12;1;1;12
13;1;11;1269
*** EOF ***