**** 0 ****
50
31;35;1;2;181;
34;33;1;2;490;
30;30;1;2;606;
30;33;1;2;754;
35;31;1;2;499;
30;31;1;2;634;
30;33;1;2;140;
32;30;1;2;670;
30;34;1;2;331;
35;32;1;2;196;
31;34;1;2;849;
31;31;1;2;267;
31;30;1;2;393;
34;35;1;2;236;
33;30;1;2;322;
35;33;1;2;458;
33;30;1;2;50;
33;32;1;2;650;
33;30;1;2;837;
32;33;1;2;610;
30;34;1;2;432;
31;30;1;2;274;
33;34;1;2;522;
34;33;1;2;151;
30;30;1;2;803;
30;33;1;2;652;
35;32;1;2;441;
33;31;1;2;72;
34;32;1;2;264;
34;30;1;2;756;
31;32;1;2;147;
30;31;1;2;144;
33;34;1;2;375;
35;34;1;2;52;
33;34;1;2;729;
30;34;1;2;791;
35;31;1;2;855;
32;31;1;2;158;
32;35;1;2;862;
30;34;1;2;321;
32;35;1;2;793;
31;31;1;2;846;
30;31;1;2;785;
33;33;1;2;461;
30;35;1;2;862;
31;32;1;2;420;
32;34;1;2;492;
33;32;1;2;703;
35;33;1;2;795;
30;33;1;2;681;
1;1;18;753
2;1;16;1494
3;1;3;1114
4;1;11;494
5;1;18;833
6;1;9;66
7;1;16;178
8;1;4;315
9;1;5;1409
10;1;18;575
11;1;8;612
12;1;2;879
13;1;7;566
*** EOF ***