**** 4 ****
50
9;29;1;2;272;
21;28;1;2;168;
27;26;1;2;339;
26;18;1;2;94;
31;34;1;2;333;
34;25;1;2;190;
25;18;1;2;49;
15;22;1;2;371;
9;26;1;2;290;
29;12;1;2;470;
22;20;1;2;252;
15;32;1;2;396;
22;26;1;2;124;
20;26;1;2;70;
25;32;1;2;370;
13;20;1;2;463;
31;11;1;2;378;
19;8;1;2;520;
19;22;1;2;548;
18;10;1;2;325;
32;25;1;2;507;
19;16;1;2;427;
25;14;1;2;465;
10;34;1;2;348;
13;10;1;2;200;
16;11;1;2;325;
26;21;1;2;352;
29;25;1;2;535;
8;9;1;2;501;
26;25;1;2;349;
27;13;1;2;398;
29;35;1;2;289;
25;9;1;2;511;
34;21;1;2;180;
17;19;1;2;133;
20;13;1;2;456;
16;19;1;2;539;
9;33;1;2;294;
16;8;1;2;318;
12;8;1;2;189;
10;25;1;2;180;
21;33;1;2;328;
8;12;1;2;302;
9;14;1;2;542;
27;20;1;2;205;
20;14;1;2;83;
14;34;1;2;273;
32;30;1;2;334;
10;23;1;2;8;
20;29;1;2;374;
1;1;8;413
2;1;1;140
3;1;20;362
4;1;3;548
5;1;1;170
6;1;5;694
7;1;4;708
8;1;15;815
9;1;6;618
10;1;2;740
11;1;10;727
12;1;11;182
13;1;13;923
*** EOF ***