**** 5 ****
50
16;33;1;2;4;
28;24;1;2;249;
35;13;1;2;501;
10;9;1;2;532;
9;26;1;2;611;
29;18;1;2;247;
32;10;1;2;265;
11;21;1;2;575;
19;33;1;2;220;
21;8;1;2;357;
17;35;1;2;267;
35;23;1;2;401;
10;30;1;2;191;
22;18;1;2;248;
24;30;1;2;200;
25;16;1;2;418;
28;31;1;2;614;
13;20;1;2;392;
24;15;1;2;50;
19;20;1;2;595;
32;24;1;2;278;
9;11;1;2;42;
21;31;1;2;207;
31;11;1;2;69;
21;9;1;2;117;
26;34;1;2;549;
18;18;1;2;447;
9;19;1;2;556;
34;9;1;2;529;
18;11;1;2;235;
34;21;1;2;551;
16;11;1;2;419;
20;26;1;2;313;
21;35;1;2;247;
28;20;1;2;278;
8;24;1;2;327;
27;28;1;2;56;
33;22;1;2;473;
23;8;1;2;364;
26;28;1;2;320;
11;10;1;2;609;
19;21;1;2;135;
16;13;1;2;64;
18;29;1;2;242;
16;12;1;2;21;
33;8;1;2;31;
29;31;1;2;581;
27;34;1;2;213;
29;15;1;2;53;
13;10;1;2;604;
1;1;9;1123
2;1;15;1027
3;1;7;1176
4;1;18;1212
5;1;4;1148
6;1;17;660
7;1;18;285
8;1;20;94
9;1;10;1062
10;1;13;522
11;1;12;567
12;1;11;417
13;1;20;695
*** EOF ***