**** 5 ****
50
35;14;1;2;125;
33;7;1;2;515;
11;13;1;2;247;
27;35;1;2;55;
19;21;1;2;104;
25;12;1;2;259;
13;20;1;2;133;
34;26;1;2;353;
6;22;1;2;255;
33;25;1;2;462;
7;14;1;2;557;
26;32;1;2;382;
34;16;1;2;394;
31;19;1;2;125;
23;32;1;2;254;
26;24;1;2;210;
16;33;1;2;501;
19;17;1;2;422;
31;32;1;2;558;
8;32;1;2;117;
28;34;1;2;481;
18;30;1;2;550;
22;18;1;2;416;
29;21;1;2;361;
28;18;1;2;260;
11;8;1;2;121;
28;11;1;2;204;
19;20;1;2;235;
18;23;1;2;337;
21;12;1;2;422;
8;14;1;2;141;
11;27;1;2;260;
23;24;1;2;193;
31;12;1;2;545;
32;21;1;2;394;
23;23;1;2;471;
11;6;1;2;194;
35;30;1;2;357;
31;32;1;2;552;
16;19;1;2;563;
11;23;1;2;174;
6;34;1;2;21;
22;16;1;2;140;
19;9;1;2;363;
13;11;1;2;207;
10;11;1;2;185;
20;16;1;2;39;
9;12;1;2;430;
18;24;1;2;84;
30;31;1;2;27;
1;1;16;1097
2;1;19;339
3;1;12;224
4;1;1;1123
5;1;16;1003
6;1;2;517
7;1;1;777
8;1;17;249
9;1;19;800
10;1;6;366
11;1;10;421
12;1;1;1155
13;1;14;277
*** EOF ***