**** 5 ****
50
20;14;1;2;201;
32;7;1;2;174;
17;13;1;2;119;
24;14;1;2;303;
5;35;1;2;213;
17;20;1;2;107;
27;10;1;2;10;
33;34;1;2;335;
23;14;1;2;432;
11;27;1;2;287;
26;6;1;2;184;
17;26;1;2;93;
11;20;1;2;98;
12;33;1;2;320;
32;21;1;2;497;
4;7;1;2;188;
19;27;1;2;102;
7;9;1;2;371;
16;17;1;2;311;
21;32;1;2;429;
5;19;1;2;225;
11;18;1;2;284;
22;35;1;2;194;
28;24;1;2;268;
35;25;1;2;186;
16;6;1;2;194;
13;23;1;2;437;
4;32;1;2;151;
11;26;1;2;526;
15;12;1;2;55;
6;25;1;2;268;
10;27;1;2;298;
7;21;1;2;362;
18;30;1;2;233;
15;31;1;2;10;
34;25;1;2;487;
9;16;1;2;187;
33;14;1;2;222;
17;33;1;2;73;
12;9;1;2;31;
21;8;1;2;326;
33;21;1;2;258;
5;34;1;2;444;
7;8;1;2;108;
34;23;1;2;440;
22;24;1;2;355;
27;27;1;2;112;
32;8;1;2;250;
6;10;1;2;531;
31;18;1;2;199;
1;1;8;688
2;1;17;1058
3;1;20;453
4;1;17;881
5;1;8;579
6;1;2;672
7;1;11;967
8;1;7;703
9;1;20;119
10;1;9;353
11;1;11;501
12;1;17;534
13;1;2;901
*** EOF ***