**** 16 ****
50
10;21;1;2;188;
10;11;1;2;364;
31;13;1;2;475;
28;24;1;2;533;
35;10;1;2;593;
23;13;1;2;92;
17;30;1;2;272;
26;24;1;2;611;
16;20;1;2;455;
21;33;1;2;531;
29;10;1;2;153;
33;34;1;2;123;
32;18;1;2;492;
32;25;1;2;113;
26;19;1;2;233;
10;29;1;2;249;
17;10;1;2;62;
13;22;1;2;36;
11;29;1;2;229;
34;22;1;2;418;
21;20;1;2;492;
10;31;1;2;558;
14;17;1;2;152;
21;20;1;2;119;
26;23;1;2;211;
17;35;1;2;117;
27;35;1;2;98;
31;15;1;2;497;
20;10;1;2;345;
27;22;1;2;173;
28;12;1;2;30;
27;31;1;2;88;
15;18;1;2;610;
34;30;1;2;526;
35;26;1;2;175;
20;33;1;2;77;
20;16;1;2;613;
22;35;1;2;571;
33;16;1;2;501;
19;15;1;2;423;
16;24;1;2;155;
32;13;1;2;244;
24;32;1;2;443;
18;10;1;2;542;
10;31;1;2;111;
29;30;1;2;273;
30;16;1;2;384;
18;13;1;2;586;
33;34;1;2;131;
14;26;1;2;100;
1;1;6;82
2;1;1;112
3;1;10;1221
4;1;16;529
5;1;13;825
6;1;5;591
7;1;10;412
8;1;2;1143
9;1;1;495
10;1;10;958
11;1;14;1019
12;1;6;854
13;1;2;995
*** EOF ***