**** 1 ****
50
25;9;1;2;1;
24;18;1;2;371;
17;21;1;2;141;
26;27;1;2;204;
11;22;1;2;277;
26;25;1;2;533;
28;35;1;2;208;
18;9;1;2;370;
10;7;1;2;10;
28;32;1;2;72;
23;10;1;2;295;
28;19;1;2;332;
34;32;1;2;24;
31;34;1;2;209;
20;24;1;2;392;
24;35;1;2;532;
33;35;1;2;452;
21;16;1;2;366;
24;28;1;2;165;
35;30;1;2;557;
17;26;1;2;163;
13;15;1;2;260;
24;12;1;2;17;
31;19;1;2;614;
15;22;1;2;605;
18;9;1;2;145;
10;16;1;2;170;
25;34;1;2;352;
24;12;1;2;44;
32;16;1;2;528;
26;31;1;2;327;
25;27;1;2;72;
7;23;1;2;70;
12;9;1;2;23;
6;24;1;2;612;
21;17;1;2;351;
14;33;1;2;53;
31;6;1;2;328;
27;6;1;2;136;
15;23;1;2;410;
13;31;1;2;522;
24;13;1;2;42;
10;29;1;2;264;
33;21;1;2;11;
32;7;1;2;616;
18;27;1;2;248;
13;30;1;2;272;
16;11;1;2;145;
29;31;1;2;375;
13;13;1;2;580;
1;1;8;879
2;1;14;902
3;1;14;1172
4;1;1;844
5;1;20;510
6;1;18;159
7;1;16;101
8;1;12;199
9;1;6;27
10;1;16;1061
11;1;20;658
12;1;6;337
13;1;9;18
*** EOF ***