**** 8 ****
50
23;29;1;2;441;
27;20;1;2;62;
9;9;1;2;230;
24;18;1;2;9;
25;25;1;2;326;
31;34;1;2;87;
24;29;1;2;536;
34;31;1;2;176;
25;26;1;2;147;
33;17;1;2;485;
27;20;1;2;41;
32;22;1;2;436;
33;30;1;2;47;
11;11;1;2;357;
9;12;1;2;317;
19;10;1;2;426;
19;25;1;2;247;
11;24;1;2;360;
26;24;1;2;192;
11;9;1;2;48;
12;33;1;2;253;
13;15;1;2;376;
26;19;1;2;165;
22;29;1;2;358;
8;35;1;2;325;
16;21;1;2;289;
9;29;1;2;144;
20;27;1;2;313;
11;8;1;2;221;
24;24;1;2;173;
34;19;1;2;113;
8;8;1;2;193;
10;15;1;2;354;
15;20;1;2;541;
16;22;1;2;458;
10;10;1;2;150;
22;14;1;2;470;
35;16;1;2;225;
9;24;1;2;205;
14;9;1;2;349;
30;34;1;2;294;
12;25;1;2;9;
35;14;1;2;401;
15;28;1;2;302;
20;21;1;2;165;
33;15;1;2;37;
8;13;1;2;66;
26;9;1;2;63;
11;21;1;2;486;
13;28;1;2;390;
1;1;9;1076
2;1;2;185
3;1;4;464
4;1;20;956
5;1;12;240
6;1;5;1062
7;1;16;535
8;1;13;507
9;1;2;712
10;1;8;919
11;1;7;64
12;1;7;570
13;1;15;189
*** EOF ***