**** 7 ****
50
31;30;1;2;747;
33;30;1;2;247;
32;34;1;2;823;
33;31;1;2;250;
30;34;1;2;791;
34;30;1;2;636;
35;35;1;2;614;
32;30;1;2;794;
33;33;1;2;215;
34;35;1;2;537;
35;32;1;2;539;
31;35;1;2;262;
30;33;1;2;171;
34;32;1;2;808;
33;34;1;2;567;
35;34;1;2;542;
30;31;1;2;439;
30;31;1;2;603;
35;34;1;2;401;
32;30;1;2;215;
35;30;1;2;409;
34;33;1;2;627;
33;32;1;2;674;
32;34;1;2;819;
30;35;1;2;23;
31;31;1;2;515;
34;35;1;2;207;
33;30;1;2;712;
32;31;1;2;442;
34;34;1;2;123;
32;31;1;2;16;
33;34;1;2;725;
30;31;1;2;89;
34;35;1;2;336;
30;31;1;2;355;
35;34;1;2;656;
33;35;1;2;277;
35;35;1;2;671;
35;31;1;2;559;
32;33;1;2;67;
30;31;1;2;404;
30;35;1;2;654;
35;33;1;2;696;
33;32;1;2;408;
34;35;1;2;227;
33;34;1;2;338;
33;34;1;2;826;
31;30;1;2;767;
32;32;1;2;837;
32;30;1;2;209;
1;1;20;771
2;1;7;948
3;1;6;1732
4;1;5;214
5;1;10;1046
6;1;8;1384
7;1;2;510
8;1;5;546
9;1;17;1581
10;1;5;504
11;1;5;1452
12;1;3;722
13;1;16;122
*** EOF ***