**** 18 ****
50
33;31;1;2;77;
30;34;1;2;579;
29;30;1;2;284;
30;35;1;2;692;
28;29;1;2;274;
35;31;1;2;771;
28;28;1;2;560;
35;34;1;2;603;
31;29;1;2;681;
33;34;1;2;501;
34;31;1;2;406;
34;34;1;2;829;
32;31;1;2;152;
33;33;1;2;614;
30;32;1;2;267;
28;31;1;2;240;
30;28;1;2;66;
35;35;1;2;426;
33;30;1;2;234;
33;31;1;2;785;
34;35;1;2;638;
31;34;1;2;26;
28;35;1;2;301;
31;31;1;2;707;
32;31;1;2;609;
28;30;1;2;842;
30;33;1;2;462;
29;33;1;2;612;
35;31;1;2;832;
34;32;1;2;398;
29;31;1;2;351;
28;28;1;2;317;
33;34;1;2;749;
29;29;1;2;517;
29;29;1;2;654;
32;28;1;2;500;
33;32;1;2;378;
29;29;1;2;636;
34;35;1;2;100;
32;31;1;2;73;
29;35;1;2;321;
29;35;1;2;852;
33;34;1;2;516;
29;29;1;2;324;
35;35;1;2;467;
30;31;1;2;627;
32;29;1;2;396;
35;32;1;2;656;
29;28;1;2;321;
34;31;1;2;464;
1;1;4;395
2;1;6;61
3;1;16;212
4;1;3;1666
5;1;16;433
6;1;1;1099
7;1;20;1451
8;1;5;1138
9;1;19;281
10;1;8;25
11;1;19;1038
12;1;20;869
13;1;12;1147
*** EOF ***