**** 4 ****
50
6;20;1;2;457;
23;21;1;2;302;
14;5;1;2;433;
30;9;1;2;258;
22;7;1;2;54;
16;14;1;2;188;
35;7;1;2;100;
22;15;1;2;110;
11;8;1;2;142;
14;9;1;2;105;
5;25;1;2;376;
13;30;1;2;423;
10;15;1;2;214;
11;9;1;2;418;
24;22;1;2;164;
12;4;1;2;320;
4;21;1;2;392;
7;32;1;2;428;
10;34;1;2;87;
10;24;1;2;389;
20;9;1;2;184;
7;23;1;2;206;
33;8;1;2;60;
32;13;1;2;307;
25;11;1;2;7;
6;18;1;2;121;
20;4;1;2;452;
14;12;1;2;207;
22;13;1;2;18;
13;32;1;2;352;
22;12;1;2;422;
11;32;1;2;206;
29;26;1;2;287;
12;15;1;2;108;
4;7;1;2;204;
26;16;1;2;353;
7;15;1;2;346;
34;16;1;2;38;
5;26;1;2;431;
8;18;1;2;248;
10;28;1;2;242;
33;23;1;2;136;
28;18;1;2;1;
5;16;1;2;161;
21;16;1;2;386;
31;19;1;2;441;
19;35;1;2;457;
6;20;1;2;276;
35;14;1;2;398;
18;16;1;2;18;
1;1;2;128
2;1;12;45
3;1;4;531
4;1;17;865
5;1;5;320
6;1;18;764
7;1;16;221
8;1;8;24
9;1;4;720
10;1;4;699
11;1;10;351
12;1;1;338
13;1;12;181
*** EOF ***