**** 12 ****
50
24;27;1;2;297;
25;35;1;2;658;
27;31;1;2;386;
32;32;1;2;254;
35;33;1;2;757;
35;24;1;2;269;
32;33;1;2;575;
25;32;1;2;659;
33;26;1;2;157;
27;25;1;2;619;
29;27;1;2;361;
35;28;1;2;31;
32;24;1;2;509;
29;33;1;2;457;
34;34;1;2;400;
29;27;1;2;18;
26;32;1;2;405;
26;28;1;2;661;
28;24;1;2;556;
31;30;1;2;47;
27;24;1;2;290;
31;32;1;2;714;
24;34;1;2;111;
25;29;1;2;474;
29;33;1;2;720;
30;29;1;2;86;
29;25;1;2;364;
27;27;1;2;586;
28;34;1;2;518;
29;28;1;2;420;
33;31;1;2;781;
27;28;1;2;143;
28;25;1;2;521;
24;31;1;2;303;
28;30;1;2;333;
24;35;1;2;567;
35;28;1;2;280;
25;35;1;2;246;
24;28;1;2;733;
25;32;1;2;58;
24;24;1;2;373;
28;24;1;2;49;
31;29;1;2;712;
25;30;1;2;620;
26;30;1;2;385;
33;33;1;2;605;
29;26;1;2;176;
27;33;1;2;327;
25;29;1;2;92;
30;24;1;2;710;
1;1;9;155
2;1;11;1147
3;1;16;1551
4;1;12;209
5;1;5;481
6;1;20;381
7;1;16;340
8;1;9;602
9;1;7;1490
10;1;8;79
11;1;6;1470
12;1;20;1168
13;1;3;1086
*** EOF ***