**** 16 ****
50
21;26;1;2;289;
30;16;1;2;128;
24;25;1;2;436;
18;14;1;2;152;
13;32;1;2;537;
5;29;1;2;425;
8;20;1;2;74;
33;24;1;2;568;
32;13;1;2;193;
31;15;1;2;338;
12;35;1;2;357;
28;35;1;2;357;
33;12;1;2;234;
29;10;1;2;82;
6;9;1;2;317;
10;23;1;2;290;
10;13;1;2;399;
30;24;1;2;466;
29;17;1;2;460;
8;8;1;2;21;
9;32;1;2;185;
18;23;1;2;225;
24;19;1;2;133;
22;4;1;2;534;
18;18;1;2;6;
28;21;1;2;369;
34;19;1;2;35;
4;33;1;2;441;
8;15;1;2;265;
34;31;1;2;211;
33;10;1;2;487;
24;26;1;2;169;
30;15;1;2;373;
14;33;1;2;63;
8;5;1;2;8;
28;11;1;2;54;
29;28;1;2;362;
15;6;1;2;340;
14;17;1;2;534;
15;6;1;2;501;
8;17;1;2;339;
31;30;1;2;213;
22;30;1;2;160;
9;35;1;2;366;
9;20;1;2;268;
13;21;1;2;251;
27;28;1;2;186;
13;35;1;2;293;
27;8;1;2;446;
30;18;1;2;205;
1;1;11;1068
2;1;18;450
3;1;16;725
4;1;2;863
5;1;12;1113
6;1;18;691
7;1;5;758
8;1;5;395
9;1;15;846
10;1;6;480
11;1;1;615
12;1;18;562
13;1;4;666
*** EOF ***