**** 4 ****
50
25;28;1;2;44;
24;24;1;2;733;
30;33;1;2;50;
27;23;1;2;547;
23;30;1;2;596;
27;26;1;2;224;
29;27;1;2;5;
24;31;1;2;632;
35;28;1;2;650;
22;26;1;2;213;
30;32;1;2;484;
22;30;1;2;726;
29;23;1;2;360;
34;33;1;2;98;
23;23;1;2;318;
31;35;1;2;496;
24;25;1;2;6;
24;29;1;2;225;
31;30;1;2;222;
33;33;1;2;314;
27;25;1;2;704;
28;25;1;2;80;
32;22;1;2;552;
27;27;1;2;555;
34;27;1;2;354;
24;34;1;2;304;
29;27;1;2;275;
27;31;1;2;198;
22;30;1;2;176;
27;33;1;2;477;
32;25;1;2;62;
31;28;1;2;529;
29;29;1;2;356;
33;22;1;2;722;
35;22;1;2;531;
24;34;1;2;315;
32;28;1;2;729;
22;23;1;2;87;
23;23;1;2;128;
34;23;1;2;467;
23;34;1;2;283;
23;32;1;2;104;
31;28;1;2;618;
31;23;1;2;750;
28;33;1;2;372;
28;34;1;2;74;
34;22;1;2;105;
30;26;1;2;224;
33;34;1;2;485;
34;28;1;2;335;
1;1;3;830
2;1;3;91
3;1;10;885
4;1;10;635
5;1;8;561
6;1;12;1342
7;1;9;1057
8;1;13;521
9;1;14;258
10;1;15;961
11;1;13;1416
12;1;6;1219
13;1;7;1521
*** EOF ***