**** 5 ****
50
34;28;1;2;227;
32;32;1;2;354;
28;26;1;2;180;
27;29;1;2;378;
30;34;1;2;35;
31;32;1;2;381;
27;33;1;2;128;
28;24;1;2;633;
35;31;1;2;412;
29;22;1;2;399;
30;28;1;2;67;
34;32;1;2;9;
22;23;1;2;643;
33;32;1;2;368;
30;25;1;2;575;
31;25;1;2;19;
35;24;1;2;417;
27;26;1;2;101;
32;29;1;2;83;
27;22;1;2;223;
35;35;1;2;382;
34;30;1;2;755;
28;35;1;2;49;
22;35;1;2;330;
28;33;1;2;466;
27;35;1;2;142;
30;32;1;2;658;
32;33;1;2;64;
28;31;1;2;795;
33;26;1;2;455;
30;25;1;2;316;
23;33;1;2;784;
31;25;1;2;46;
23;26;1;2;19;
30;33;1;2;176;
26;22;1;2;498;
29;24;1;2;730;
30;33;1;2;62;
30;26;1;2;627;
27;25;1;2;722;
25;24;1;2;30;
27;23;1;2;543;
34;30;1;2;157;
31;23;1;2;76;
29;25;1;2;15;
26;32;1;2;716;
28;30;1;2;426;
35;30;1;2;134;
28;24;1;2;209;
31;22;1;2;666;
1;1;20;796
2;1;8;1347
3;1;13;1066
4;1;15;1045
5;1;16;857
6;1;17;893
7;1;15;1218
8;1;19;547
9;1;12;417
10;1;3;586
11;1;6;825
12;1;20;252
13;1;9;1005
*** EOF ***