**** 10 ****
50
30;30;1;2;552;
27;31;1;2;743;
35;32;1;2;598;
32;29;1;2;626;
33;32;1;2;810;
27;26;1;2;60;
30;29;1;2;698;
31;26;1;2;59;
33;29;1;2;554;
35;33;1;2;696;
31;32;1;2;590;
32;26;1;2;756;
29;34;1;2;296;
31;30;1;2;428;
29;26;1;2;156;
28;35;1;2;10;
35;33;1;2;99;
26;32;1;2;730;
30;29;1;2;471;
31;31;1;2;279;
32;32;1;2;614;
29;33;1;2;694;
33;26;1;2;786;
27;27;1;2;221;
33;34;1;2;240;
33;31;1;2;733;
28;28;1;2;818;
28;26;1;2;680;
30;28;1;2;384;
31;34;1;2;623;
26;30;1;2;323;
34;29;1;2;780;
32;35;1;2;707;
30;33;1;2;767;
31;34;1;2;750;
35;28;1;2;760;
29;32;1;2;472;
27;35;1;2;220;
28;27;1;2;115;
31;33;1;2;726;
34;33;1;2;81;
34;28;1;2;760;
35;26;1;2;550;
33;34;1;2;200;
33;27;1;2;766;
29;35;1;2;238;
33;28;1;2;546;
26;30;1;2;695;
30;32;1;2;766;
34;30;1;2;245;
1;1;9;1220
2;1;16;977
3;1;19;1443
4;1;8;523
5;1;15;1570
6;1;4;1274
7;1;3;905
8;1;17;709
9;1;5;1411
10;1;10;123
11;1;13;305
12;1;16;192
13;1;4;1510
*** EOF ***