**** 11 ****
50
24;30;1;2;278;
28;26;1;2;38;
28;32;1;2;16;
34;33;1;2;495;
34;31;1;2;461;
28;28;1;2;142;
34;32;1;2;76;
23;30;1;2;66;
25;21;1;2;127;
28;32;1;2;331;
22;30;1;2;320;
31;28;1;2;174;
31;24;1;2;443;
31;29;1;2;96;
24;29;1;2;40;
33;27;1;2;348;
27;30;1;2;553;
33;32;1;2;290;
24;35;1;2;431;
33;22;1;2;143;
33;26;1;2;197;
25;28;1;2;283;
27;31;1;2;84;
31;19;1;2;357;
28;32;1;2;234;
20;30;1;2;89;
32;27;1;2;161;
32;23;1;2;366;
18;33;1;2;635;
19;33;1;2;82;
22;32;1;2;580;
29;20;1;2;239;
34;22;1;2;658;
18;21;1;2;404;
34;22;1;2;413;
25;19;1;2;235;
29;31;1;2;629;
23;26;1;2;587;
27;30;1;2;471;
34;21;1;2;335;
31;19;1;2;176;
19;33;1;2;35;
19;28;1;2;410;
24;21;1;2;517;
24;21;1;2;360;
20;33;1;2;371;
18;23;1;2;356;
24;35;1;2;481;
24;27;1;2;30;
18;21;1;2;320;
1;1;15;246
2;1;10;331
3;1;19;1266
4;1;1;1377
5;1;12;1086
6;1;6;125
7;1;10;879
8;1;1;1064
9;1;9;1128
10;1;9;439
11;1;12;276
12;1;10;305
13;1;13;422
*** EOF ***