**** 16 ****
50
30;34;1;2;732;
33;29;1;2;804;
30;28;1;2;159;
31;29;1;2;463;
33;29;1;2;636;
33;32;1;2;675;
34;30;1;2;60;
33;29;1;2;808;
34;30;1;2;820;
31;29;1;2;507;
33;34;1;2;727;
28;28;1;2;101;
34;34;1;2;585;
28;32;1;2;753;
28;34;1;2;700;
29;34;1;2;440;
33;33;1;2;529;
32;35;1;2;528;
33;29;1;2;85;
34;34;1;2;851;
30;29;1;2;154;
28;30;1;2;163;
34;35;1;2;317;
28;34;1;2;234;
34;35;1;2;616;
32;31;1;2;700;
33;35;1;2;295;
30;30;1;2;427;
33;28;1;2;530;
31;33;1;2;298;
30;31;1;2;539;
31;31;1;2;67;
33;28;1;2;444;
28;29;1;2;84;
28;34;1;2;621;
30;31;1;2;808;
29;29;1;2;608;
31;32;1;2;586;
32;34;1;2;289;
33;33;1;2;611;
33;28;1;2;124;
33;34;1;2;61;
35;32;1;2;634;
30;29;1;2;324;
31;30;1;2;198;
32;29;1;2;53;
35;30;1;2;672;
28;34;1;2;562;
30;34;1;2;739;
32;34;1;2;543;
1;1;20;23
2;1;19;272
3;1;2;1110
4;1;3;997
5;1;17;665
6;1;8;725
7;1;4;556
8;1;16;198
9;1;8;1409
10;1;16;251
11;1;11;109
12;1;5;242
13;1;18;1648
*** EOF ***