**** 2 ****
50
24;26;1;2;492;
26;27;1;2;697;
35;29;1;2;135;
24;34;1;2;174;
32;34;1;2;224;
32;26;1;2;363;
20;20;1;2;24;
28;34;1;2;144;
29;31;1;2;246;
25;26;1;2;538;
30;28;1;2;4;
26;24;1;2;681;
34;20;1;2;479;
33;26;1;2;722;
28;30;1;2;350;
24;29;1;2;465;
28;29;1;2;462;
25;25;1;2;150;
20;33;1;2;728;
30;23;1;2;64;
34;33;1;2;520;
22;33;1;2;56;
22;22;1;2;257;
30;21;1;2;616;
29;30;1;2;212;
33;28;1;2;321;
28;35;1;2;61;
24;22;1;2;34;
32;35;1;2;291;
34;30;1;2;242;
29;30;1;2;356;
24;22;1;2;544;
22;24;1;2;601;
20;20;1;2;649;
24;25;1;2;107;
24;20;1;2;189;
29;25;1;2;470;
24;27;1;2;632;
23;21;1;2;472;
29;29;1;2;150;
33;33;1;2;344;
21;32;1;2;645;
31;25;1;2;442;
34;26;1;2;659;
28;32;1;2;467;
25;31;1;2;508;
21;26;1;2;79;
23;24;1;2;373;
34;22;1;2;648;
21;22;1;2;717;
1;1;16;535
2;1;18;1243
3;1;2;1436
4;1;4;760
5;1;3;450
6;1;1;1319
7;1;1;602
8;1;2;64
9;1;12;96
10;1;18;879
11;1;2;364
12;1;17;693
13;1;5;289
*** EOF ***