**** 2 ****
50
23;34;1;2;147;
22;25;1;2;403;
32;18;1;2;1;
24;18;1;2;525;
20;34;1;2;331;
34;21;1;2;123;
26;30;1;2;124;
25;27;1;2;110;
35;19;1;2;527;
21;31;1;2;18;
23;27;1;2;552;
28;29;1;2;619;
30;19;1;2;653;
27;25;1;2;180;
20;32;1;2;52;
26;32;1;2;74;
22;28;1;2;502;
31;28;1;2;58;
23;22;1;2;262;
29;23;1;2;70;
19;20;1;2;339;
25;27;1;2;353;
32;22;1;2;277;
23;18;1;2;461;
34;34;1;2;134;
33;30;1;2;561;
31;24;1;2;132;
33;18;1;2;558;
22;18;1;2;117;
24;26;1;2;708;
22;25;1;2;446;
22;27;1;2;353;
30;34;1;2;72;
34;18;1;2;528;
34;22;1;2;210;
33;20;1;2;207;
30;22;1;2;174;
35;28;1;2;687;
20;34;1;2;295;
20;19;1;2;342;
18;18;1;2;567;
31;32;1;2;599;
26;25;1;2;604;
33;23;1;2;155;
19;22;1;2;199;
26;25;1;2;463;
29;30;1;2;114;
27;33;1;2;366;
25;24;1;2;161;
29;30;1;2;343;
1;1;10;677
2;1;17;320
3;1;18;299
4;1;20;900
5;1;3;966
6;1;19;793
7;1;1;570
8;1;1;67
9;1;5;1177
10;1;19;496
11;1;19;1131
12;1;3;280
13;1;1;1302
*** EOF ***