**** 18 ****
50
32;35;1;2;589;
31;34;1;2;589;
33;23;1;2;296;
22;25;1;2;310;
22;29;1;2;91;
24;33;1;2;102;
35;34;1;2;351;
33;32;1;2;380;
23;23;1;2;279;
25;27;1;2;120;
32;23;1;2;30;
32;34;1;2;282;
27;34;1;2;278;
35;29;1;2;615;
28;35;1;2;529;
27;32;1;2;509;
31;23;1;2;120;
35;23;1;2;347;
30;22;1;2;221;
24;35;1;2;592;
31;35;1;2;165;
23;24;1;2;66;
30;30;1;2;655;
27;28;1;2;376;
27;25;1;2;457;
29;32;1;2;277;
22;28;1;2;76;
27;25;1;2;726;
28;22;1;2;261;
25;26;1;2;609;
24;26;1;2;447;
28;28;1;2;772;
35;31;1;2;507;
29;33;1;2;535;
23;32;1;2;509;
25;26;1;2;379;
32;24;1;2;614;
27;24;1;2;741;
28;22;1;2;39;
34;26;1;2;339;
25;32;1;2;581;
25;25;1;2;150;
22;25;1;2;385;
32;30;1;2;408;
25;35;1;2;56;
26;35;1;2;301;
25;31;1;2;754;
29;26;1;2;384;
30;35;1;2;143;
27;23;1;2;617;
1;1;6;1304
2;1;9;1294
3;1;9;828
4;1;16;1463
5;1;9;1337
6;1;6;115
7;1;5;1080
8;1;10;978
9;1;19;606
10;1;17;956
11;1;16;325
12;1;14;675
13;1;17;532
*** EOF ***