**** 15 ****
50
24;18;1;2;479;
22;22;1;2;226;
27;28;1;2;93;
24;31;1;2;506;
33;30;1;2;211;
26;30;1;2;193;
23;21;1;2;413;
33;33;1;2;658;
29;25;1;2;643;
21;24;1;2;502;
24;28;1;2;206;
20;23;1;2;74;
34;35;1;2;322;
20;32;1;2;631;
30;18;1;2;253;
28;20;1;2;329;
21;20;1;2;673;
21;34;1;2;261;
29;31;1;2;697;
35;18;1;2;499;
35;21;1;2;197;
19;29;1;2;669;
29;28;1;2;699;
29;33;1;2;250;
22;28;1;2;321;
29;21;1;2;444;
27;26;1;2;13;
21;32;1;2;604;
19;22;1;2;75;
22;25;1;2;402;
28;33;1;2;138;
25;31;1;2;93;
28;35;1;2;307;
26;27;1;2;676;
22;34;1;2;207;
21;20;1;2;502;
25;19;1;2;165;
32;34;1;2;391;
33;34;1;2;244;
31;26;1;2;302;
26;34;1;2;158;
32;30;1;2;34;
18;18;1;2;6;
28;28;1;2;134;
34;20;1;2;590;
22;21;1;2;406;
22;22;1;2;348;
29;22;1;2;143;
25;35;1;2;360;
28;32;1;2;83;
1;1;16;615
2;1;10;79
3;1;17;415
4;1;15;1418
5;1;15;1252
6;1;2;1102
7;1;8;392
8;1;4;577
9;1;9;344
10;1;7;995
11;1;6;928
12;1;12;1305
13;1;15;906
*** EOF ***