**** 6 ****
50
31;26;1;2;757;
22;31;1;2;628;
30;26;1;2;294;
33;29;1;2;637;
24;30;1;2;619;
35;30;1;2;87;
29;31;1;2;712;
29;35;1;2;246;
26;33;1;2;80;
27;32;1;2;566;
30;24;1;2;617;
25;30;1;2;194;
22;22;1;2;145;
25;30;1;2;355;
29;35;1;2;718;
22;31;1;2;165;
34;26;1;2;412;
23;28;1;2;66;
30;33;1;2;264;
28;25;1;2;656;
26;27;1;2;135;
33;31;1;2;592;
22;27;1;2;630;
22;27;1;2;617;
23;27;1;2;425;
34;28;1;2;506;
31;35;1;2;38;
26;26;1;2;307;
32;28;1;2;284;
31;26;1;2;687;
25;34;1;2;359;
25;33;1;2;633;
28;31;1;2;656;
34;29;1;2;164;
26;34;1;2;411;
35;35;1;2;612;
30;24;1;2;113;
24;32;1;2;615;
24;26;1;2;429;
27;32;1;2;36;
34;26;1;2;127;
32;22;1;2;177;
23;27;1;2;176;
32;32;1;2;276;
35;33;1;2;458;
31;22;1;2;101;
22;30;1;2;317;
28;23;1;2;517;
23;24;1;2;78;
30;32;1;2;769;
1;1;18;938
2;1;15;1428
3;1;7;1123
4;1;7;1028
5;1;20;996
6;1;17;1475
7;1;6;510
8;1;8;329
9;1;13;402
10;1;8;1156
11;1;16;602
12;1;11;668
13;1;6;341
*** EOF ***