**** 4 ****
50
15;34;1;2;253;
34;15;1;2;239;
34;5;1;2;529;
25;23;1;2;227;
30;21;1;2;119;
14;9;1;2;32;
7;23;1;2;448;
32;33;1;2;36;
32;27;1;2;256;
8;2;1;2;166;
6;13;1;2;220;
26;7;1;2;179;
20;14;1;2;60;
25;15;1;2;507;
23;4;1;2;189;
9;17;1;2;264;
21;34;1;2;75;
2;33;1;2;9;
26;35;1;2;160;
30;24;1;2;208;
25;14;1;2;175;
4;4;1;2;403;
4;23;1;2;307;
32;12;1;2;80;
13;28;1;2;208;
35;6;1;2;70;
28;34;1;2;135;
5;29;1;2;473;
12;13;1;2;28;
22;28;1;2;113;
20;20;1;2;131;
6;16;1;2;253;
16;35;1;2;460;
24;22;1;2;50;
9;6;1;2;33;
5;17;1;2;247;
29;30;1;2;468;
14;8;1;2;382;
6;29;1;2;19;
23;14;1;2;240;
24;25;1;2;20;
25;20;1;2;120;
10;25;1;2;31;
23;31;1;2;501;
14;19;1;2;282;
6;13;1;2;206;
19;26;1;2;32;
17;18;1;2;246;
35;34;1;2;24;
17;2;1;2;341;
1;1;14;130
2;1;12;487
3;1;18;789
4;1;12;858
5;1;11;561
6;1;2;37
7;1;12;773
8;1;15;434
9;1;15;105
10;1;15;337
11;1;15;674
12;1;4;1071
13;1;2;162
*** EOF ***