**** 12 ****
50
35;30;1;2;542;
22;22;1;2;60;
35;17;1;2;268;
18;29;1;2;66;
30;35;1;2;358;
21;18;1;2;335;
16;26;1;2;617;
23;19;1;2;109;
21;35;1;2;606;
20;19;1;2;672;
19;29;1;2;474;
16;24;1;2;246;
21;29;1;2;672;
17;32;1;2;455;
23;30;1;2;697;
16;20;1;2;74;
16;22;1;2;448;
25;27;1;2;374;
33;29;1;2;23;
27;30;1;2;263;
16;33;1;2;302;
35;31;1;2;133;
30;22;1;2;691;
19;30;1;2;553;
27;28;1;2;280;
25;24;1;2;472;
30;35;1;2;498;
30;25;1;2;692;
32;23;1;2;198;
21;17;1;2;630;
23;27;1;2;271;
26;27;1;2;454;
19;25;1;2;231;
18;32;1;2;489;
34;30;1;2;239;
32;20;1;2;334;
31;23;1;2;631;
24;33;1;2;557;
34;22;1;2;208;
27;17;1;2;141;
34;31;1;2;13;
19;34;1;2;267;
17;33;1;2;105;
24;33;1;2;496;
34;19;1;2;661;
31;22;1;2;680;
20;17;1;2;462;
25;16;1;2;491;
23;26;1;2;497;
16;23;1;2;4;
1;1;11;1119
2;1;20;800
3;1;1;24
4;1;3;910
5;1;12;769
6;1;12;259
7;1;18;554
8;1;15;684
9;1;9;1099
10;1;17;234
11;1;18;1222
12;1;20;1178
13;1;9;591
*** EOF ***