**** 8 ****
50
30;22;1;2;14;
19;32;1;2;123;
21;32;1;2;531;
24;26;1;2;181;
31;25;1;2;585;
34;32;1;2;113;
24;32;1;2;1;
30;20;1;2;688;
21;33;1;2;95;
31;19;1;2;518;
32;29;1;2;466;
18;32;1;2;442;
24;33;1;2;164;
24;28;1;2;512;
20;19;1;2;614;
18;29;1;2;643;
19;35;1;2;79;
26;30;1;2;320;
32;25;1;2;479;
23;23;1;2;311;
22;20;1;2;324;
35;35;1;2;630;
30;31;1;2;551;
21;32;1;2;531;
27;29;1;2;480;
22;32;1;2;55;
29;31;1;2;56;
29;29;1;2;125;
32;27;1;2;211;
26;19;1;2;149;
29;33;1;2;692;
30;29;1;2;57;
32;21;1;2;418;
32;34;1;2;602;
28;32;1;2;41;
20;28;1;2;339;
24;34;1;2;26;
18;30;1;2;331;
18;31;1;2;667;
31;25;1;2;620;
22;21;1;2;174;
34;26;1;2;73;
25;35;1;2;139;
26;29;1;2;619;
34;22;1;2;375;
19;18;1;2;585;
20;29;1;2;584;
19;27;1;2;352;
33;20;1;2;191;
25;28;1;2;152;
1;1;10;504
2;1;10;813
3;1;7;560
4;1;12;960
5;1;2;473
6;1;15;586
7;1;2;758
8;1;10;327
9;1;3;863
10;1;20;1035
11;1;10;33
12;1;8;1365
13;1;6;945
*** EOF ***