**** 12 ****
50
27;21;1;2;639;
24;21;1;2;34;
28;20;1;2;588;
20;33;1;2;637;
29;23;1;2;698;
32;30;1;2;243;
26;24;1;2;51;
35;23;1;2;439;
24;33;1;2;158;
35;28;1;2;740;
30;33;1;2;461;
33;32;1;2;174;
35;24;1;2;577;
32;34;1;2;304;
32;35;1;2;1;
30;30;1;2;663;
26;20;1;2;520;
29;35;1;2;657;
30;35;1;2;698;
32;35;1;2;432;
29;32;1;2;508;
25;25;1;2;274;
23;20;1;2;15;
32;23;1;2;729;
25;23;1;2;98;
26;30;1;2;56;
31;27;1;2;703;
25;26;1;2;621;
25;20;1;2;473;
34;20;1;2;758;
26;25;1;2;661;
24;25;1;2;12;
35;28;1;2;162;
33;24;1;2;630;
21;26;1;2;361;
30;25;1;2;450;
27;24;1;2;84;
21;24;1;2;540;
30;22;1;2;292;
22;21;1;2;87;
24;31;1;2;19;
22;23;1;2;107;
30;25;1;2;149;
34;25;1;2;215;
24;28;1;2;141;
27;24;1;2;238;
21;22;1;2;720;
29;28;1;2;638;
25;21;1;2;702;
27;31;1;2;281;
1;1;18;1243
2;1;7;60
3;1;17;1116
4;1;14;560
5;1;16;917
6;1;8;404
7;1;6;15
8;1;6;1517
9;1;3;1349
10;1;17;1493
11;1;11;1469
12;1;2;1223
13;1;9;1074
*** EOF ***