**** 9 ****
50
12;34;1;2;133;
18;23;1;2;353;
5;35;1;2;386;
6;9;1;2;339;
13;26;1;2;270;
33;10;1;2;112;
8;14;1;2;325;
24;35;1;2;98;
22;6;1;2;53;
7;20;1;2;250;
9;35;1;2;438;
23;35;1;2;384;
12;9;1;2;449;
31;26;1;2;46;
4;5;1;2;225;
34;9;1;2;410;
21;23;1;2;31;
12;10;1;2;462;
9;25;1;2;146;
21;21;1;2;178;
32;10;1;2;121;
20;8;1;2;499;
5;13;1;2;177;
20;8;1;2;404;
27;25;1;2;257;
21;21;1;2;291;
19;33;1;2;437;
5;33;1;2;149;
15;32;1;2;164;
20;6;1;2;261;
18;17;1;2;372;
18;14;1;2;149;
21;10;1;2;415;
30;32;1;2;309;
26;18;1;2;486;
7;14;1;2;264;
34;9;1;2;285;
26;31;1;2;19;
4;34;1;2;2;
29;20;1;2;166;
23;32;1;2;340;
12;27;1;2;169;
33;24;1;2;421;
12;16;1;2;318;
18;28;1;2;133;
27;18;1;2;325;
21;4;1;2;499;
6;21;1;2;462;
33;17;1;2;167;
14;21;1;2;272;
1;1;7;598
2;1;10;273
3;1;1;393
4;1;2;765
5;1;12;668
6;1;14;125
7;1;3;786
8;1;2;833
9;1;9;628
10;1;12;616
11;1;10;508
12;1;9;1013
13;1;16;151
*** EOF ***