**** 0 ****
50
28;33;1;2;566;
23;35;1;2;260;
14;20;1;2;260;
22;18;1;2;232;
31;32;1;2;445;
11;32;1;2;248;
13;11;1;2;6;
32;25;1;2;523;
20;12;1;2;92;
28;10;1;2;120;
27;27;1;2;226;
20;25;1;2;60;
17;24;1;2;419;
32;29;1;2;162;
18;23;1;2;463;
23;34;1;2;361;
10;28;1;2;453;
28;25;1;2;296;
27;29;1;2;526;
14;34;1;2;75;
16;21;1;2;93;
21;34;1;2;146;
24;12;1;2;97;
19;15;1;2;515;
34;16;1;2;450;
15;15;1;2;369;
10;24;1;2;9;
18;34;1;2;358;
16;34;1;2;119;
34;17;1;2;597;
22;16;1;2;545;
24;22;1;2;595;
22;31;1;2;332;
13;12;1;2;130;
32;23;1;2;254;
23;22;1;2;454;
21;20;1;2;415;
22;35;1;2;144;
15;30;1;2;228;
30;28;1;2;569;
35;12;1;2;550;
15;34;1;2;132;
14;22;1;2;80;
27;31;1;2;108;
27;28;1;2;377;
23;15;1;2;346;
10;24;1;2;463;
11;18;1;2;19;
18;34;1;2;553;
19;16;1;2;333;
1;1;12;1139
2;1;14;862
3;1;2;324
4;1;7;823
5;1;17;642
6;1;3;878
7;1;2;288
8;1;9;179
9;1;20;920
10;1;14;1084
11;1;1;838
12;1;10;491
13;1;18;686
*** EOF ***