**** 5 ****
50
18;28;1;2;230;
32;23;1;2;37;
28;30;1;2;399;
20;33;1;2;430;
27;28;1;2;682;
17;23;1;2;219;
34;19;1;2;681;
29;20;1;2;389;
21;17;1;2;373;
19;29;1;2;421;
35;30;1;2;513;
25;29;1;2;99;
28;35;1;2;65;
19;35;1;2;109;
31;31;1;2;570;
26;35;1;2;109;
20;34;1;2;146;
16;33;1;2;220;
34;32;1;2;388;
18;31;1;2;369;
21;20;1;2;273;
17;33;1;2;443;
26;19;1;2;524;
24;26;1;2;175;
35;22;1;2;478;
16;33;1;2;160;
20;22;1;2;370;
25;35;1;2;430;
28;28;1;2;168;
18;26;1;2;656;
29;17;1;2;166;
27;30;1;2;246;
19;29;1;2;184;
22;34;1;2;232;
20;33;1;2;192;
35;18;1;2;408;
33;25;1;2;625;
30;25;1;2;453;
27;32;1;2;48;
29;19;1;2;280;
24;25;1;2;79;
27;33;1;2;426;
25;32;1;2;362;
35;28;1;2;278;
19;23;1;2;77;
23;30;1;2;388;
34;22;1;2;144;
24;34;1;2;594;
34;32;1;2;266;
19;25;1;2;277;
1;1;10;1304
2;1;9;679
3;1;7;245
4;1;15;822
5;1;6;1160
6;1;20;492
7;1;11;529
8;1;11;1291
9;1;16;1196
10;1;5;294
11;1;9;1101
12;1;14;335
13;1;8;543
*** EOF ***