**** 16 ****
50
18;24;1;2;642;
29;28;1;2;159;
25;29;1;2;244;
25;19;1;2;214;
28;34;1;2;493;
28;34;1;2;713;
34;23;1;2;405;
17;33;1;2;385;
35;20;1;2;474;
31;19;1;2;618;
28;22;1;2;579;
21;23;1;2;502;
23;21;1;2;571;
31;26;1;2;256;
35;33;1;2;644;
27;35;1;2;686;
20;35;1;2;476;
25;24;1;2;633;
27;30;1;2;556;
21;24;1;2;486;
22;22;1;2;91;
32;34;1;2;456;
32;21;1;2;274;
18;33;1;2;180;
30;34;1;2;345;
18;34;1;2;522;
35;32;1;2;587;
25;21;1;2;477;
26;20;1;2;23;
29;32;1;2;338;
27;33;1;2;225;
29;28;1;2;166;
19;33;1;2;242;
27;20;1;2;672;
29;31;1;2;329;
31;21;1;2;178;
26;31;1;2;131;
32;35;1;2;301;
18;27;1;2;494;
26;29;1;2;152;
28;20;1;2;237;
33;22;1;2;193;
34;23;1;2;268;
21;18;1;2;640;
30;33;1;2;333;
34;26;1;2;453;
20;21;1;2;637;
28;30;1;2;409;
17;28;1;2;251;
23;34;1;2;345;
1;1;1;971
2;1;11;454
3;1;3;221
4;1;10;520
5;1;12;559
6;1;3;200
7;1;18;156
8;1;10;113
9;1;20;282
10;1;11;1258
11;1;6;657
12;1;20;1213
13;1;4;429
*** EOF ***