**** 10 ****
50
34;34;1;2;237;
34;32;1;2;503;
32;35;1;2;492;
35;32;1;2;242;
33;34;1;2;439;
35;34;1;2;690;
33;32;1;2;15;
33;35;1;2;297;
32;34;1;2;202;
34;34;1;2;648;
32;32;1;2;708;
33;32;1;2;322;
33;32;1;2;848;
34;35;1;2;710;
34;34;1;2;276;
34;35;1;2;753;
33;35;1;2;357;
35;32;1;2;738;
32;32;1;2;123;
33;35;1;2;94;
32;34;1;2;442;
32;35;1;2;183;
33;32;1;2;293;
35;33;1;2;873;
32;34;1;2;334;
34;33;1;2;50;
35;35;1;2;514;
32;32;1;2;878;
34;33;1;2;786;
32;35;1;2;403;
32;34;1;2;764;
33;33;1;2;283;
32;33;1;2;297;
35;33;1;2;273;
34;34;1;2;571;
33;35;1;2;425;
33;33;1;2;612;
34;34;1;2;74;
34;35;1;2;574;
33;33;1;2;408;
33;35;1;2;440;
32;35;1;2;578;
35;34;1;2;341;
32;32;1;2;237;
35;33;1;2;551;
32;32;1;2;488;
34;33;1;2;94;
34;32;1;2;274;
34;32;1;2;853;
35;35;1;2;68;
1;1;13;76
2;1;10;837
3;1;17;1390
4;1;16;1082
5;1;9;1576
6;1;6;1610
7;1;11;1537
8;1;18;742
9;1;8;207
10;1;15;121
11;1;11;386
12;1;15;543
13;1;17;1471
*** EOF ***