**** 11 ****
50
34;21;1;2;40;
26;23;1;2;172;
26;20;1;2;595;
28;20;1;2;613;
27;28;1;2;173;
25;29;1;2;637;
26;29;1;2;339;
28;20;1;2;514;
23;19;1;2;633;
28;24;1;2;227;
21;27;1;2;660;
35;31;1;2;504;
30;25;1;2;337;
31;29;1;2;385;
30;28;1;2;657;
33;26;1;2;222;
17;27;1;2;382;
28;33;1;2;279;
19;20;1;2;375;
35;17;1;2;387;
23;28;1;2;324;
31;24;1;2;620;
23;27;1;2;588;
25;17;1;2;323;
30;32;1;2;622;
29;27;1;2;204;
35;20;1;2;181;
16;26;1;2;426;
24;35;1;2;106;
25;26;1;2;499;
25;28;1;2;337;
33;24;1;2;710;
31;20;1;2;89;
28;26;1;2;526;
17;25;1;2;489;
20;30;1;2;391;
22;22;1;2;318;
22;33;1;2;427;
22;24;1;2;618;
27;33;1;2;2;
23;16;1;2;538;
22;31;1;2;169;
19;17;1;2;349;
35;23;1;2;420;
19;20;1;2;696;
23;21;1;2;238;
28;19;1;2;314;
33;22;1;2;353;
29;17;1;2;52;
22;26;1;2;323;
1;1;16;1416
2;1;10;222
3;1;14;870
4;1;6;929
5;1;15;1400
6;1;13;1277
7;1;12;1309
8;1;9;28
9;1;4;967
10;1;13;456
11;1;4;923
12;1;5;665
13;1;20;1133
*** EOF ***