**** 9 ****
50
22;26;1;2;82;
31;28;1;2;699;
25;25;1;2;399;
28;31;1;2;26;
30;23;1;2;178;
24;35;1;2;378;
25;24;1;2;188;
35;26;1;2;292;
30;31;1;2;381;
33;35;1;2;715;
30;23;1;2;644;
28;29;1;2;703;
25;35;1;2;504;
26;23;1;2;236;
22;23;1;2;290;
27;30;1;2;727;
31;22;1;2;315;
24;27;1;2;636;
30;34;1;2;589;
30;25;1;2;385;
26;27;1;2;712;
29;25;1;2;158;
33;24;1;2;61;
33;34;1;2;719;
22;35;1;2;297;
27;29;1;2;608;
24;29;1;2;137;
32;29;1;2;552;
25;33;1;2;451;
25;24;1;2;371;
28;31;1;2;259;
24;23;1;2;585;
24;23;1;2;655;
28;27;1;2;648;
28;29;1;2;730;
31;23;1;2;586;
28;23;1;2;671;
34;27;1;2;474;
34;29;1;2;386;
24;26;1;2;30;
34;33;1;2;684;
28;35;1;2;531;
32;32;1;2;191;
25;34;1;2;676;
28;29;1;2;694;
25;25;1;2;704;
30;24;1;2;236;
24;25;1;2;563;
22;30;1;2;591;
32;25;1;2;691;
1;1;3;458
2;1;2;46
3;1;3;287
4;1;11;219
5;1;19;303
6;1;20;1168
7;1;15;429
8;1;5;831
9;1;12;564
10;1;1;193
11;1;5;1319
12;1;7;554
13;1;2;749
*** EOF ***