**** 9 ****
50
29;26;1;2;295;
34;24;1;2;16;
20;23;1;2;465;
17;27;1;2;215;
16;19;1;2;259;
16;25;1;2;424;
20;24;1;2;382;
21;16;1;2;251;
33;26;1;2;180;
29;23;1;2;590;
31;17;1;2;494;
26;22;1;2;428;
32;21;1;2;159;
15;23;1;2;384;
21;34;1;2;666;
26;15;1;2;110;
20;14;1;2;282;
24;28;1;2;78;
33;14;1;2;263;
32;28;1;2;20;
29;18;1;2;126;
17;20;1;2;262;
19;29;1;2;428;
27;27;1;2;665;
14;18;1;2;221;
17;20;1;2;310;
29;35;1;2;11;
32;21;1;2;276;
24;27;1;2;432;
19;19;1;2;658;
26;19;1;2;219;
29;28;1;2;303;
35;35;1;2;451;
17;26;1;2;548;
35;26;1;2;642;
26;16;1;2;580;
23;24;1;2;259;
22;19;1;2;294;
35;17;1;2;622;
17;31;1;2;121;
33;34;1;2;51;
20;33;1;2;540;
26;33;1;2;631;
18;18;1;2;275;
22;25;1;2;461;
34;25;1;2;132;
17;14;1;2;397;
18;22;1;2;305;
31;35;1;2;594;
26;20;1;2;526;
1;1;10;319
2;1;5;1052
3;1;14;132
4;1;6;1149
5;1;3;1124
6;1;5;673
7;1;5;387
8;1;4;1140
9;1;6;787
10;1;18;524
11;1;14;1172
12;1;3;57
13;1;15;364
*** EOF ***