**** 3 ****
50
26;25;1;2;623;
25;28;1;2;795;
26;35;1;2;161;
35;35;1;2;766;
26;26;1;2;20;
35;26;1;2;747;
26;29;1;2;237;
32;26;1;2;712;
31;32;1;2;448;
31;26;1;2;264;
27;35;1;2;400;
27;35;1;2;207;
32;32;1;2;475;
34;25;1;2;400;
31;28;1;2;664;
24;25;1;2;678;
30;31;1;2;271;
35;29;1;2;659;
32;33;1;2;614;
28;25;1;2;167;
26;35;1;2;517;
31;28;1;2;404;
26;31;1;2;473;
25;32;1;2;289;
34;35;1;2;606;
34;26;1;2;588;
30;26;1;2;606;
34;25;1;2;489;
28;35;1;2;218;
34;29;1;2;266;
28;31;1;2;329;
29;35;1;2;161;
27;31;1;2;678;
25;26;1;2;226;
32;33;1;2;695;
33;26;1;2;362;
31;29;1;2;97;
28;28;1;2;5;
29;29;1;2;800;
24;34;1;2;396;
29;27;1;2;558;
32;34;1;2;56;
25;32;1;2;706;
26;34;1;2;1;
34;24;1;2;181;
34;28;1;2;583;
31;31;1;2;561;
32;32;1;2;491;
32;24;1;2;262;
26;24;1;2;90;
1;1;15;653
2;1;6;1543
3;1;13;1060
4;1;11;1528
5;1;15;692
6;1;2;1350
7;1;17;949
8;1;11;304
9;1;1;837
10;1;7;386
11;1;12;985
12;1;14;1265
13;1;15;498
*** EOF ***