**** 0 ****
50
26;25;1;2;395;
16;35;1;2;267;
17;26;1;2;153;
26;22;1;2;585;
30;33;1;2;510;
25;32;1;2;394;
35;32;1;2;13;
20;21;1;2;27;
19;23;1;2;528;
22;22;1;2;620;
18;35;1;2;34;
32;23;1;2;394;
35;23;1;2;266;
34;32;1;2;106;
18;35;1;2;387;
16;33;1;2;6;
23;34;1;2;266;
29;28;1;2;7;
34;34;1;2;217;
33;21;1;2;214;
30;31;1;2;119;
26;21;1;2;30;
17;29;1;2;447;
28;25;1;2;395;
30;35;1;2;349;
23;29;1;2;541;
16;35;1;2;639;
33;32;1;2;671;
23;35;1;2;412;
28;27;1;2;627;
27;18;1;2;436;
31;24;1;2;532;
32;32;1;2;347;
23;20;1;2;627;
24;33;1;2;211;
21;22;1;2;221;
33;24;1;2;218;
27;25;1;2;583;
16;22;1;2;301;
22;29;1;2;495;
18;19;1;2;545;
20;22;1;2;500;
28;32;1;2;639;
30;21;1;2;631;
17;26;1;2;385;
31;19;1;2;519;
30;20;1;2;626;
35;25;1;2;303;
29;27;1;2;657;
16;29;1;2;574;
1;1;4;94
2;1;12;928
3;1;5;1173
4;1;13;163
5;1;7;70
6;1;6;874
7;1;14;631
8;1;5;50
9;1;17;557
10;1;12;277
11;1;12;676
12;1;12;316
13;1;12;774
*** EOF ***