**** 1 ****
50
31;27;1;2;230;
18;24;1;2;131;
25;24;1;2;251;
26;34;1;2;274;
35;31;1;2;198;
29;30;1;2;457;
28;31;1;2;688;
35;19;1;2;392;
18;31;1;2;460;
27;25;1;2;728;
31;19;1;2;214;
22;26;1;2;279;
31;26;1;2;475;
34;20;1;2;533;
18;19;1;2;603;
33;34;1;2;636;
33;22;1;2;218;
31;24;1;2;364;
32;33;1;2;572;
33;23;1;2;414;
34;21;1;2;436;
28;32;1;2;539;
20;18;1;2;424;
18;35;1;2;261;
19;21;1;2;275;
32;29;1;2;125;
19;32;1;2;236;
18;30;1;2;340;
30;22;1;2;274;
33;33;1;2;173;
20;27;1;2;370;
32;26;1;2;369;
32;31;1;2;87;
34;34;1;2;260;
28;23;1;2;553;
27;22;1;2;215;
33;27;1;2;169;
19;21;1;2;614;
18;24;1;2;236;
26;18;1;2;143;
27;29;1;2;172;
31;24;1;2;727;
19;21;1;2;553;
22;31;1;2;69;
32;25;1;2;424;
33;26;1;2;599;
28;28;1;2;286;
30;29;1;2;328;
22;27;1;2;456;
22;21;1;2;123;
1;1;7;163
2;1;6;150
3;1;2;1003
4;1;15;93
5;1;11;1396
6;1;14;1174
7;1;9;761
8;1;3;57
9;1;3;781
10;1;17;1226
11;1;12;1323
12;1;13;598
13;1;16;1128
*** EOF ***