**** 18 ****
50
32;22;1;2;706;
22;20;1;2;362;
26;34;1;2;174;
24;20;1;2;217;
23;20;1;2;361;
24;35;1;2;347;
30;19;1;2;191;
34;16;1;2;578;
34;33;1;2;692;
28;25;1;2;280;
17;18;1;2;629;
16;17;1;2;466;
25;28;1;2;222;
26;33;1;2;68;
18;24;1;2;489;
32;26;1;2;404;
31;33;1;2;369;
31;26;1;2;394;
28;32;1;2;194;
18;18;1;2;147;
33;25;1;2;124;
20;27;1;2;363;
26;30;1;2;288;
29;32;1;2;84;
32;19;1;2;51;
33;21;1;2;272;
17;16;1;2;419;
24;26;1;2;483;
23;33;1;2;574;
35;31;1;2;55;
25;23;1;2;579;
35;30;1;2;380;
20;25;1;2;89;
17;28;1;2;384;
28;19;1;2;543;
32;25;1;2;258;
19;22;1;2;377;
16;35;1;2;262;
16;28;1;2;236;
29;32;1;2;596;
21;19;1;2;582;
34;29;1;2;223;
24;20;1;2;532;
23;26;1;2;27;
32;34;1;2;32;
31;28;1;2;164;
19;35;1;2;461;
29;25;1;2;648;
16;23;1;2;532;
20;27;1;2;387;
1;1;12;174
2;1;6;1308
3;1;18;937
4;1;12;562
5;1;1;996
6;1;8;667
7;1;13;1088
8;1;1;770
9;1;19;226
10;1;20;1131
11;1;4;64
12;1;19;131
13;1;15;502
*** EOF ***