**** 17 ****
50
29;23;1;2;761;
23;27;1;2;255;
26;26;1;2;568;
30;23;1;2;128;
28;31;1;2;40;
27;29;1;2;385;
26;27;1;2;220;
32;27;1;2;266;
29;32;1;2;475;
20;31;1;2;726;
32;29;1;2;599;
26;20;1;2;556;
25;34;1;2;698;
20;21;1;2;93;
26;20;1;2;589;
26;25;1;2;434;
32;21;1;2;702;
25;23;1;2;14;
24;35;1;2;679;
31;24;1;2;510;
29;24;1;2;554;
34;30;1;2;206;
32;25;1;2;658;
35;21;1;2;328;
31;23;1;2;155;
31;33;1;2;643;
33;21;1;2;147;
23;21;1;2;180;
28;26;1;2;680;
22;20;1;2;509;
29;20;1;2;754;
29;28;1;2;180;
29;34;1;2;592;
20;32;1;2;146;
21;32;1;2;641;
20;29;1;2;551;
31;28;1;2;523;
31;20;1;2;738;
26;25;1;2;373;
26;23;1;2;3;
35;34;1;2;340;
23;26;1;2;462;
34;32;1;2;581;
24;35;1;2;127;
23;32;1;2;608;
30;35;1;2;691;
26;35;1;2;137;
32;34;1;2;511;
31;27;1;2;740;
30;28;1;2;262;
1;1;18;714
2;1;13;615
3;1;7;865
4;1;17;496
5;1;7;876
6;1;2;1361
7;1;14;926
8;1;14;1148
9;1;13;108
10;1;3;352
11;1;18;1121
12;1;9;134
13;1;5;255
*** EOF ***