**** 12 ****
50
9;26;1;2;291;
22;18;1;2;304;
17;20;1;2;114;
13;5;1;2;471;
29;21;1;2;282;
15;35;1;2;270;
6;31;1;2;525;
9;13;1;2;254;
15;24;1;2;28;
17;30;1;2;372;
34;6;1;2;437;
35;4;1;2;363;
33;19;1;2;508;
34;15;1;2;542;
12;21;1;2;518;
19;13;1;2;406;
22;6;1;2;438;
6;16;1;2;280;
33;33;1;2;17;
16;5;1;2;518;
27;31;1;2;64;
26;14;1;2;8;
32;31;1;2;135;
9;32;1;2;422;
15;12;1;2;64;
26;20;1;2;553;
32;24;1;2;340;
11;26;1;2;91;
24;21;1;2;236;
6;4;1;2;358;
29;10;1;2;117;
14;24;1;2;510;
34;21;1;2;463;
19;13;1;2;398;
5;32;1;2;404;
23;32;1;2;326;
15;27;1;2;389;
14;21;1;2;304;
23;13;1;2;369;
29;16;1;2;52;
13;27;1;2;80;
12;20;1;2;238;
26;15;1;2;199;
32;22;1;2;427;
4;34;1;2;71;
25;6;1;2;260;
13;22;1;2;234;
32;10;1;2;452;
10;17;1;2;453;
9;7;1;2;82;
1;1;8;520
2;1;16;831
3;1;8;667
4;1;18;633
5;1;4;22
6;1;5;682
7;1;4;54
8;1;6;1024
9;1;6;1035
10;1;16;587
11;1;15;716
12;1;17;910
13;1;4;1048
*** EOF ***