**** 0 ****
50
25;22;1;2;311;
28;32;1;2;353;
23;33;1;2;567;
24;32;1;2;179;
25;26;1;2;695;
20;30;1;2;180;
24;26;1;2;696;
27;26;1;2;537;
21;20;1;2;589;
28;21;1;2;9;
34;21;1;2;255;
29;21;1;2;283;
32;22;1;2;72;
28;35;1;2;356;
32;33;1;2;90;
21;28;1;2;291;
34;34;1;2;73;
32;32;1;2;610;
28;23;1;2;174;
28;28;1;2;727;
29;28;1;2;518;
32;30;1;2;101;
24;23;1;2;555;
31;24;1;2;40;
23;22;1;2;305;
21;28;1;2;194;
35;28;1;2;47;
23;22;1;2;14;
22;34;1;2;482;
20;23;1;2;592;
22;27;1;2;148;
22;21;1;2;137;
33;28;1;2;384;
31;20;1;2;589;
26;34;1;2;423;
26;28;1;2;558;
28;28;1;2;67;
32;25;1;2;221;
26;21;1;2;50;
29;30;1;2;115;
29;25;1;2;162;
34;31;1;2;665;
30;23;1;2;542;
24;30;1;2;232;
34;31;1;2;41;
23;34;1;2;260;
23;33;1;2;35;
34;35;1;2;478;
35;22;1;2;189;
32;33;1;2;340;
1;1;14;1136
2;1;15;1112
3;1;8;956
4;1;12;491
5;1;20;300
6;1;8;351
7;1;11;1275
8;1;4;802
9;1;19;379
10;1;2;936
11;1;16;108
12;1;7;684
13;1;19;1384
*** EOF ***