**** 1 ****
50
25;28;1;2;718;
34;28;1;2;771;
25;34;1;2;791;
31;32;1;2;797;
33;31;1;2;622;
25;30;1;2;735;
24;32;1;2;600;
29;32;1;2;71;
27;32;1;2;485;
25;27;1;2;492;
32;27;1;2;222;
34;35;1;2;654;
28;25;1;2;677;
31;33;1;2;706;
26;34;1;2;738;
33;25;1;2;529;
24;35;1;2;90;
29;24;1;2;691;
28;35;1;2;56;
29;25;1;2;462;
28;32;1;2;792;
31;24;1;2;127;
32;31;1;2;667;
28;32;1;2;6;
35;29;1;2;752;
25;29;1;2;775;
35;34;1;2;154;
31;28;1;2;748;
31;30;1;2;7;
35;33;1;2;613;
27;24;1;2;143;
33;26;1;2;572;
33;27;1;2;547;
28;34;1;2;108;
24;30;1;2;238;
24;30;1;2;159;
24;26;1;2;377;
35;28;1;2;316;
34;24;1;2;414;
26;26;1;2;281;
24;27;1;2;489;
28;31;1;2;258;
31;26;1;2;585;
33;31;1;2;173;
31;35;1;2;429;
27;34;1;2;306;
35;32;1;2;486;
26;27;1;2;632;
30;25;1;2;548;
35;27;1;2;59;
1;1;2;1439
2;1;7;905
3;1;4;1236
4;1;20;1285
5;1;18;317
6;1;19;482
7;1;4;1355
8;1;5;858
9;1;4;870
10;1;3;900
11;1;19;1196
12;1;12;217
13;1;6;87
*** EOF ***