**** 13 ****
50
35;30;1;2;296;
24;31;1;2;395;
35;28;1;2;736;
23;26;1;2;750;
22;25;1;2;712;
34;24;1;2;428;
29;27;1;2;260;
29;26;1;2;521;
29;30;1;2;637;
31;24;1;2;125;
34;28;1;2;208;
22;26;1;2;528;
34;32;1;2;353;
26;33;1;2;180;
22;34;1;2;633;
31;28;1;2;592;
26;26;1;2;296;
34;26;1;2;304;
31;26;1;2;671;
33;23;1;2;51;
27;33;1;2;77;
32;29;1;2;127;
24;34;1;2;419;
22;26;1;2;124;
26;27;1;2;513;
24;26;1;2;423;
31;35;1;2;135;
23;33;1;2;158;
34;22;1;2;742;
31;27;1;2;597;
23;34;1;2;710;
26;29;1;2;39;
26;26;1;2;30;
32;34;1;2;229;
23;24;1;2;551;
26;24;1;2;480;
23;23;1;2;670;
32;29;1;2;338;
30;25;1;2;517;
25;24;1;2;352;
27;24;1;2;202;
33;31;1;2;198;
28;23;1;2;538;
22;26;1;2;332;
22;24;1;2;193;
35;34;1;2;94;
29;31;1;2;33;
23;27;1;2;667;
25;25;1;2;460;
23;31;1;2;237;
1;1;18;344
2;1;3;922
3;1;16;1048
4;1;13;701
5;1;4;1507
6;1;7;78
7;1;14;221
8;1;15;1106
9;1;9;574
10;1;6;432
11;1;10;948
12;1;8;270
13;1;9;1362
*** EOF ***