**** 15 ****
50
24;14;1;2;262;
24;17;1;2;648;
14;22;1;2;144;
33;13;1;2;457;
24;27;1;2;381;
24;24;1;2;587;
16;16;1;2;639;
33;29;1;2;446;
35;18;1;2;199;
34;25;1;2;61;
30;16;1;2;425;
19;12;1;2;411;
30;13;1;2;497;
26;29;1;2;440;
29;17;1;2;11;
21;26;1;2;474;
16;35;1;2;404;
34;21;1;2;126;
34;17;1;2;390;
14;21;1;2;450;
29;17;1;2;138;
35;33;1;2;652;
31;29;1;2;571;
13;31;1;2;348;
15;13;1;2;334;
23;16;1;2;265;
22;17;1;2;103;
28;12;1;2;669;
15;19;1;2;380;
15;23;1;2;614;
16;31;1;2;214;
27;33;1;2;268;
18;25;1;2;80;
29;21;1;2;604;
34;12;1;2;239;
27;14;1;2;625;
32;29;1;2;154;
34;31;1;2;497;
33;30;1;2;494;
34;14;1;2;150;
35;27;1;2;666;
15;31;1;2;204;
15;24;1;2;60;
13;12;1;2;526;
12;20;1;2;30;
22;34;1;2;164;
20;20;1;2;226;
17;22;1;2;440;
13;35;1;2;497;
19;28;1;2;126;
1;1;19;546
2;1;4;213
3;1;18;139
4;1;10;742
5;1;9;100
6;1;17;1270
7;1;5;1219
8;1;12;86
9;1;18;1009
10;1;11;1338
11;1;1;1005
12;1;15;24
13;1;11;359
*** EOF ***