**** 19 ****
50
35;24;1;2;73;
32;18;1;2;273;
29;23;1;2;59;
25;18;1;2;423;
30;33;1;2;162;
30;32;1;2;246;
22;34;1;2;317;
24;35;1;2;181;
29;18;1;2;583;
23;25;1;2;668;
27;32;1;2;471;
22;20;1;2;651;
30;34;1;2;402;
25;34;1;2;202;
18;26;1;2;422;
31;26;1;2;244;
31;23;1;2;632;
23;22;1;2;252;
28;35;1;2;366;
33;18;1;2;585;
23;32;1;2;246;
29;28;1;2;639;
33;31;1;2;164;
30;27;1;2;385;
26;18;1;2;28;
35;32;1;2;561;
21;29;1;2;637;
27;25;1;2;707;
23;22;1;2;278;
25;24;1;2;615;
20;19;1;2;454;
25;23;1;2;196;
28;32;1;2;503;
34;20;1;2;134;
21;27;1;2;281;
29;23;1;2;444;
31;23;1;2;427;
32;27;1;2;92;
23;35;1;2;688;
23;26;1;2;222;
22;19;1;2;473;
30;23;1;2;246;
26;35;1;2;281;
30;25;1;2;454;
18;26;1;2;463;
32;20;1;2;507;
29;26;1;2;660;
29;33;1;2;197;
20;25;1;2;490;
31;20;1;2;677;
1;1;1;906
2;1;19;83
3;1;3;885
4;1;2;478
5;1;14;613
6;1;1;210
7;1;20;1004
8;1;3;986
9;1;19;1390
10;1;3;452
11;1;5;630
12;1;3;62
13;1;20;1148
*** EOF ***