**** 4 ****
50
11;28;1;2;159;
8;28;1;2;344;
24;23;1;2;465;
23;19;1;2;267;
27;25;1;2;549;
13;8;1;2;308;
26;15;1;2;438;
23;18;1;2;527;
17;34;1;2;316;
34;16;1;2;335;
12;25;1;2;289;
34;17;1;2;71;
9;35;1;2;461;
30;12;1;2;482;
25;24;1;2;533;
16;8;1;2;76;
6;26;1;2;60;
26;35;1;2;119;
7;34;1;2;369;
30;10;1;2;73;
8;23;1;2;147;
23;8;1;2;440;
30;16;1;2;162;
17;12;1;2;322;
22;12;1;2;310;
7;27;1;2;114;
32;23;1;2;159;
30;9;1;2;332;
34;8;1;2;457;
22;18;1;2;333;
29;20;1;2;212;
24;15;1;2;471;
29;12;1;2;13;
12;14;1;2;543;
6;27;1;2;298;
21;21;1;2;505;
11;22;1;2;150;
16;9;1;2;48;
19;25;1;2;313;
7;25;1;2;476;
33;17;1;2;494;
11;7;1;2;217;
16;30;1;2;119;
8;22;1;2;172;
30;28;1;2;295;
6;20;1;2;136;
22;22;1;2;84;
19;18;1;2;470;
29;25;1;2;462;
24;13;1;2;485;
1;1;14;627
2;1;8;751
3;1;19;415
4;1;3;497
5;1;3;894
6;1;3;513
7;1;7;322
8;1;13;611
9;1;11;264
10;1;1;1022
11;1;20;973
12;1;1;288
13;1;1;464
*** EOF ***