**** 15 ****
50
24;26;1;2;289;
35;27;1;2;472;
31;30;1;2;149;
27;25;1;2;332;
34;31;1;2;243;
25;35;1;2;544;
33;32;1;2;164;
22;32;1;2;470;
35;35;1;2;481;
31;30;1;2;522;
24;34;1;2;399;
35;30;1;2;235;
27;32;1;2;425;
24;23;1;2;719;
32;35;1;2;94;
32;28;1;2;289;
25;25;1;2;425;
32;34;1;2;463;
33;29;1;2;724;
31;31;1;2;717;
23;24;1;2;391;
35;33;1;2;65;
28;31;1;2;780;
25;22;1;2;125;
26;30;1;2;709;
30;23;1;2;34;
34;33;1;2;589;
24;34;1;2;426;
24;34;1;2;647;
30;35;1;2;156;
22;33;1;2;5;
27;31;1;2;387;
33;27;1;2;725;
22;32;1;2;562;
27;32;1;2;504;
24;28;1;2;411;
30;24;1;2;231;
24;32;1;2;101;
29;30;1;2;529;
35;23;1;2;138;
27;26;1;2;744;
23;28;1;2;545;
32;26;1;2;3;
22;35;1;2;129;
30;22;1;2;381;
22;27;1;2;355;
31;23;1;2;421;
33;25;1;2;271;
24;28;1;2;335;
24;24;1;2;258;
1;1;10;1441
2;1;20;315
3;1;3;1173
4;1;13;1002
5;1;14;1199
6;1;12;1299
7;1;12;736
8;1;7;1467
9;1;1;1059
10;1;16;1347
11;1;14;444
12;1;19;1256
13;1;15;1152
*** EOF ***