**** 10 ****
50
31;14;1;2;18;
26;27;1;2;482;
34;14;1;2;309;
13;16;1;2;52;
18;23;1;2;530;
13;26;1;2;561;
14;14;1;2;446;
17;22;1;2;57;
18;32;1;2;262;
20;32;1;2;235;
12;28;1;2;580;
22;29;1;2;265;
30;12;1;2;647;
15;35;1;2;105;
22;30;1;2;40;
23;30;1;2;562;
19;25;1;2;513;
23;30;1;2;396;
28;16;1;2;366;
30;23;1;2;598;
29;30;1;2;397;
28;28;1;2;277;
29;18;1;2;302;
18;18;1;2;442;
14;20;1;2;574;
33;25;1;2;352;
32;18;1;2;254;
33;12;1;2;74;
31;18;1;2;396;
17;29;1;2;578;
23;21;1;2;529;
26;26;1;2;627;
22;14;1;2;118;
14;33;1;2;630;
33;18;1;2;418;
29;22;1;2;640;
29;30;1;2;647;
13;34;1;2;281;
25;34;1;2;323;
24;34;1;2;82;
32;31;1;2;133;
32;12;1;2;641;
26;16;1;2;567;
13;25;1;2;278;
20;33;1;2;641;
14;18;1;2;372;
29;31;1;2;32;
33;16;1;2;409;
35;29;1;2;225;
22;32;1;2;84;
1;1;8;903
2;1;10;348
3;1;4;1207
4;1;16;66
5;1;5;1300
6;1;20;999
7;1;4;1173
8;1;8;210
9;1;2;1297
10;1;1;258
11;1;5;202
12;1;18;364
13;1;17;1095
*** EOF ***