**** 4 ****
50
32;15;1;2;608;
11;11;1;2;625;
33;10;1;2;506;
17;33;1;2;468;
34;27;1;2;220;
32;25;1;2;506;
23;22;1;2;360;
25;30;1;2;246;
18;31;1;2;240;
32;29;1;2;152;
14;17;1;2;379;
23;12;1;2;35;
31;32;1;2;78;
10;23;1;2;186;
28;34;1;2;539;
18;35;1;2;75;
15;13;1;2;259;
21;25;1;2;16;
12;22;1;2;136;
11;30;1;2;484;
25;33;1;2;491;
12;11;1;2;286;
22;18;1;2;620;
22;19;1;2;260;
22;20;1;2;261;
20;12;1;2;380;
11;28;1;2;111;
34;35;1;2;319;
20;31;1;2;281;
23;18;1;2;424;
21;12;1;2;205;
11;10;1;2;485;
17;27;1;2;67;
35;16;1;2;474;
25;13;1;2;423;
27;35;1;2;563;
33;15;1;2;270;
25;16;1;2;519;
35;30;1;2;256;
25;21;1;2;48;
18;21;1;2;375;
19;19;1;2;113;
18;12;1;2;35;
27;34;1;2;272;
34;22;1;2;364;
35;27;1;2;574;
33;30;1;2;210;
15;25;1;2;498;
25;21;1;2;121;
12;20;1;2;52;
1;1;15;809
2;1;13;560
3;1;1;453
4;1;11;828
5;1;4;385
6;1;16;308
7;1;10;619
8;1;6;1075
9;1;9;543
10;1;3;449
11;1;5;252
12;1;9;21
13;1;10;1139
*** EOF ***