**** 8 ****
50
34;14;1;2;351;
28;23;1;2;419;
22;12;1;2;18;
14;29;1;2;368;
15;18;1;2;254;
17;20;1;2;170;
28;18;1;2;370;
15;18;1;2;360;
29;19;1;2;638;
26;14;1;2;328;
29;26;1;2;411;
23;12;1;2;72;
18;29;1;2;336;
15;30;1;2;616;
23;12;1;2;350;
26;28;1;2;427;
35;23;1;2;562;
31;24;1;2;341;
24;24;1;2;74;
19;22;1;2;233;
32;17;1;2;449;
19;30;1;2;316;
25;17;1;2;387;
20;28;1;2;15;
31;16;1;2;241;
27;34;1;2;272;
27;22;1;2;51;
27;14;1;2;143;
20;21;1;2;646;
34;16;1;2;392;
32;30;1;2;467;
25;28;1;2;607;
26;20;1;2;310;
27;17;1;2;472;
26;23;1;2;530;
21;14;1;2;343;
28;31;1;2;354;
33;14;1;2;202;
30;12;1;2;616;
19;21;1;2;403;
17;29;1;2;542;
20;27;1;2;433;
15;20;1;2;110;
12;28;1;2;19;
20;18;1;2;648;
21;32;1;2;369;
23;27;1;2;567;
26;19;1;2;606;
14;16;1;2;48;
14;30;1;2;287;
1;1;19;22
2;1;3;1296
3;1;20;239
4;1;10;889
5;1;3;798
6;1;11;190
7;1;13;63
8;1;9;284
9;1;3;525
10;1;19;142
11;1;18;451
12;1;2;1070
13;1;3;499
*** EOF ***