**** 9 ****
50
22;31;1;2;353;
28;12;1;2;388;
29;22;1;2;530;
29;26;1;2;298;
16;12;1;2;107;
20;10;1;2;346;
28;19;1;2;55;
13;19;1;2;343;
11;18;1;2;576;
22;25;1;2;563;
32;18;1;2;372;
31;22;1;2;165;
12;32;1;2;60;
24;17;1;2;539;
20;14;1;2;566;
19;26;1;2;336;
12;29;1;2;347;
29;21;1;2;460;
9;21;1;2;284;
21;16;1;2;445;
16;32;1;2;589;
27;29;1;2;496;
29;23;1;2;38;
27;34;1;2;247;
32;27;1;2;494;
26;29;1;2;398;
13;24;1;2;533;
29;18;1;2;4;
13;26;1;2;172;
16;31;1;2;551;
23;10;1;2;321;
26;35;1;2;439;
17;29;1;2;196;
35;16;1;2;154;
27;26;1;2;435;
15;34;1;2;52;
12;33;1;2;154;
26;25;1;2;431;
18;22;1;2;279;
11;25;1;2;424;
12;8;1;2;177;
28;24;1;2;479;
20;34;1;2;405;
28;25;1;2;247;
12;19;1;2;69;
9;12;1;2;90;
30;32;1;2;543;
32;14;1;2;278;
8;10;1;2;521;
31;32;1;2;247;
1;1;11;501
2;1;9;473
3;1;6;1097
4;1;18;726
5;1;14;86
6;1;6;800
7;1;10;630
8;1;2;835
9;1;4;337
10;1;14;248
11;1;16;612
12;1;4;530
13;1;2;386
*** EOF ***