**** 10 ****
50
22;28;1;2;53;
31;14;1;2;151;
34;19;1;2;484;
33;20;1;2;163;
19;30;1;2;531;
16;18;1;2;463;
5;16;1;2;135;
32;8;1;2;444;
21;10;1;2;36;
26;35;1;2;250;
5;25;1;2;464;
8;11;1;2;418;
11;27;1;2;507;
12;11;1;2;9;
8;28;1;2;322;
10;28;1;2;290;
17;26;1;2;238;
31;28;1;2;434;
8;17;1;2;450;
4;30;1;2;153;
32;26;1;2;289;
21;24;1;2;73;
9;14;1;2;477;
16;10;1;2;36;
21;23;1;2;97;
34;14;1;2;538;
29;10;1;2;574;
33;16;1;2;80;
30;14;1;2;461;
31;24;1;2;435;
10;25;1;2;50;
31;26;1;2;374;
13;15;1;2;467;
29;18;1;2;337;
29;25;1;2;304;
8;13;1;2;225;
19;12;1;2;154;
30;10;1;2;435;
29;5;1;2;65;
20;14;1;2;177;
14;21;1;2;118;
23;13;1;2;396;
16;11;1;2;484;
23;14;1;2;260;
18;29;1;2;354;
18;20;1;2;528;
8;18;1;2;152;
33;12;1;2;409;
35;9;1;2;119;
12;5;1;2;99;
1;1;16;978
2;1;18;755
3;1;7;283
4;1;13;1127
5;1;19;111
6;1;18;903
7;1;15;692
8;1;4;623
9;1;14;40
10;1;11;305
11;1;8;1144
12;1;9;470
13;1;8;188
*** EOF ***