**** 6 ****
50
8;10;1;2;339;
34;25;1;2;373;
35;8;1;2;282;
26;9;1;2;328;
21;2;1;2;117;
25;15;1;2;359;
28;33;1;2;114;
6;31;1;2;380;
12;19;1;2;395;
28;27;1;2;394;
6;6;1;2;219;
12;8;1;2;155;
8;19;1;2;261;
29;5;1;2;484;
30;32;1;2;343;
7;8;1;2;100;
11;28;1;2;192;
6;16;1;2;118;
5;33;1;2;310;
19;24;1;2;328;
29;2;1;2;89;
28;14;1;2;298;
21;20;1;2;315;
21;8;1;2;388;
2;3;1;2;424;
7;16;1;2;358;
22;9;1;2;441;
2;28;1;2;384;
11;13;1;2;322;
27;11;1;2;384;
16;24;1;2;135;
29;32;1;2;76;
32;3;1;2;217;
16;20;1;2;319;
12;7;1;2;231;
16;18;1;2;44;
8;26;1;2;15;
31;17;1;2;63;
24;19;1;2;448;
6;33;1;2;158;
30;31;1;2;453;
4;14;1;2;151;
11;8;1;2;484;
16;27;1;2;242;
25;8;1;2;27;
8;17;1;2;405;
18;18;1;2;266;
27;9;1;2;143;
33;30;1;2;244;
20;19;1;2;383;
1;1;1;752
2;1;14;886
3;1;1;801
4;1;13;570
5;1;9;861
6;1;6;731
7;1;6;124
8;1;3;177
9;1;3;363
10;1;7;916
11;1;1;333
12;1;11;497
13;1;11;542
*** EOF ***