**** 6 ****
50
34;34;1;2;381;
35;34;1;2;350;
33;32;1;2;61;
33;32;1;2;777;
32;35;1;2;77;
33;32;1;2;78;
32;32;1;2;623;
32;32;1;2;284;
33;33;1;2;491;
35;34;1;2;507;
35;34;1;2;803;
33;33;1;2;813;
33;33;1;2;248;
34;34;1;2;232;
33;35;1;2;318;
32;34;1;2;614;
33;35;1;2;267;
34;33;1;2;837;
35;32;1;2;94;
34;32;1;2;626;
35;32;1;2;705;
34;33;1;2;68;
32;32;1;2;725;
35;32;1;2;250;
34;35;1;2;341;
32;33;1;2;413;
32;33;1;2;757;
34;33;1;2;620;
32;34;1;2;752;
33;34;1;2;636;
32;32;1;2;609;
33;33;1;2;228;
32;33;1;2;707;
33;34;1;2;730;
34;35;1;2;445;
35;34;1;2;268;
32;33;1;2;715;
32;34;1;2;651;
34;32;1;2;840;
35;35;1;2;68;
33;32;1;2;541;
35;35;1;2;730;
33;34;1;2;461;
32;35;1;2;473;
32;34;1;2;856;
32;34;1;2;343;
33;35;1;2;502;
35;32;1;2;246;
33;32;1;2;44;
32;35;1;2;566;
1;1;11;1641
2;1;18;634
3;1;10;946
4;1;19;36
5;1;7;522
6;1;4;472
7;1;4;25
8;1;18;539
9;1;15;580
10;1;16;1064
11;1;17;1337
12;1;13;1164
13;1;7;1388
*** EOF ***