**** 9 ****
50
18;26;1;2;217;
11;20;1;2;318;
23;24;1;2;181;
9;15;1;2;217;
7;16;1;2;536;
8;12;1;2;162;
16;21;1;2;314;
15;23;1;2;413;
16;25;1;2;1;
23;18;1;2;463;
17;11;1;2;222;
34;17;1;2;44;
14;8;1;2;121;
6;10;1;2;496;
35;10;1;2;576;
6;10;1;2;481;
15;14;1;2;349;
25;8;1;2;240;
33;19;1;2;375;
29;34;1;2;479;
16;10;1;2;271;
18;34;1;2;566;
18;11;1;2;317;
29;13;1;2;519;
28;15;1;2;238;
33;12;1;2;212;
8;15;1;2;559;
16;10;1;2;236;
31;35;1;2;264;
20;18;1;2;212;
33;26;1;2;392;
20;20;1;2;189;
22;22;1;2;331;
16;8;1;2;15;
25;19;1;2;359;
18;12;1;2;22;
7;25;1;2;175;
33;34;1;2;576;
16;19;1;2;67;
31;7;1;2;253;
25;22;1;2;541;
34;19;1;2;339;
35;13;1;2;299;
28;7;1;2;574;
20;11;1;2;115;
31;25;1;2;208;
17;32;1;2;400;
21;20;1;2;205;
21;29;1;2;24;
13;10;1;2;229;
1;1;20;1009
2;1;3;1041
3;1;11;1150
4;1;3;320
5;1;14;793
6;1;3;484
7;1;12;676
8;1;9;593
9;1;3;462
10;1;20;1102
11;1;4;309
12;1;6;64
13;1;4;399
*** EOF ***