**** 13 ****
50
23;24;1;2;52;
26;21;1;2;376;
21;7;1;2;421;
15;26;1;2;191;
14;8;1;2;384;
9;20;1;2;569;
26;34;1;2;204;
16;33;1;2;287;
24;9;1;2;158;
22;13;1;2;206;
4;28;1;2;249;
11;25;1;2;338;
35;24;1;2;500;
24;29;1;2;139;
26;18;1;2;31;
11;6;1;2;289;
11;4;1;2;300;
32;26;1;2;536;
24;34;1;2;68;
23;7;1;2;598;
7;17;1;2;163;
6;13;1;2;212;
35;5;1;2;149;
35;16;1;2;314;
17;4;1;2;378;
24;33;1;2;66;
11;29;1;2;460;
33;29;1;2;37;
15;23;1;2;52;
30;32;1;2;173;
11;14;1;2;341;
27;10;1;2;503;
23;34;1;2;273;
32;14;1;2;597;
32;23;1;2;545;
7;21;1;2;507;
16;23;1;2;131;
17;32;1;2;263;
23;19;1;2;119;
34;29;1;2;471;
31;17;1;2;413;
20;12;1;2;58;
33;18;1;2;125;
17;21;1;2;108;
34;17;1;2;229;
34;30;1;2;111;
33;22;1;2;222;
10;7;1;2;285;
14;19;1;2;127;
22;23;1;2;501;
1;1;14;233
2;1;12;265
3;1;19;1172
4;1;4;294
5;1;2;586
6;1;8;998
7;1;17;487
8;1;16;810
9;1;16;334
10;1;7;399
11;1;3;321
12;1;4;1067
13;1;3;974
*** EOF ***