**** 4 ****
50
29;35;1;2;158;
32;31;1;2;455;
22;23;1;2;462;
24;31;1;2;677;
31;24;1;2;159;
26;32;1;2;489;
27;26;1;2;114;
28;34;1;2;419;
22;28;1;2;53;
33;29;1;2;368;
20;25;1;2;286;
20;27;1;2;301;
35;25;1;2;61;
20;28;1;2;15;
25;26;1;2;63;
32;23;1;2;366;
25;34;1;2;177;
27;31;1;2;400;
22;24;1;2;45;
29;32;1;2;378;
32;23;1;2;241;
22;27;1;2;562;
32;22;1;2;128;
22;23;1;2;68;
22;33;1;2;633;
25;26;1;2;324;
34;34;1;2;677;
21;23;1;2;241;
22;25;1;2;133;
32;24;1;2;183;
22;26;1;2;81;
33;35;1;2;31;
28;25;1;2;113;
23;33;1;2;226;
23;35;1;2;718;
23;23;1;2;45;
22;29;1;2;302;
20;29;1;2;41;
20;33;1;2;544;
30;30;1;2;368;
24;21;1;2;249;
23;31;1;2;556;
34;21;1;2;278;
24;32;1;2;61;
22;24;1;2;247;
23;34;1;2;530;
33;22;1;2;269;
31;24;1;2;531;
29;29;1;2;237;
23;24;1;2;647;
1;1;13;969
2;1;16;1066
3;1;3;368
4;1;1;907
5;1;17;314
6;1;8;1046
7;1;16;1113
8;1;15;132
9;1;16;689
10;1;12;1159
11;1;8;726
12;1;3;947
13;1;9;193
*** EOF ***