**** 9 ****
50
26;32;1;2;612;
31;28;1;2;9;
33;28;1;2;36;
34;32;1;2;319;
29;34;1;2;114;
32;30;1;2;423;
27;33;1;2;766;
27;26;1;2;560;
34;35;1;2;42;
30;27;1;2;111;
26;34;1;2;739;
32;27;1;2;196;
30;30;1;2;777;
31;27;1;2;334;
32;35;1;2;788;
35;26;1;2;285;
27;33;1;2;405;
27;35;1;2;20;
34;30;1;2;326;
26;32;1;2;6;
27;31;1;2;401;
32;30;1;2;725;
33;29;1;2;11;
31;34;1;2;96;
33;26;1;2;55;
27;29;1;2;164;
26;30;1;2;408;
31;28;1;2;692;
30;32;1;2;390;
28;35;1;2;829;
28;29;1;2;273;
34;32;1;2;632;
33;30;1;2;170;
32;31;1;2;225;
29;31;1;2;209;
29;34;1;2;267;
32;31;1;2;151;
32;33;1;2;554;
27;33;1;2;310;
32;33;1;2;416;
26;35;1;2;288;
35;27;1;2;838;
29;30;1;2;406;
34;33;1;2;766;
32;33;1;2;39;
29;26;1;2;3;
35;30;1;2;706;
30;35;1;2;335;
35;31;1;2;790;
28;28;1;2;796;
1;1;20;1136
2;1;17;654
3;1;4;1420
4;1;11;1243
5;1;6;391
6;1;19;35
7;1;12;225
8;1;13;89
9;1;14;259
10;1;12;956
11;1;18;1082
12;1;19;345
13;1;17;755
*** EOF ***