**** 0 ****
50
29;29;1;2;110;
25;27;1;2;336;
32;23;1;2;337;
26;30;1;2;462;
33;31;1;2;300;
22;27;1;2;96;
23;22;1;2;643;
30;24;1;2;665;
34;22;1;2;347;
33;32;1;2;488;
29;29;1;2;727;
35;35;1;2;77;
24;35;1;2;353;
24;28;1;2;553;
26;28;1;2;741;
33;30;1;2;368;
32;25;1;2;122;
26;35;1;2;83;
25;33;1;2;389;
23;30;1;2;450;
26;23;1;2;506;
23;32;1;2;103;
28;35;1;2;392;
23;23;1;2;325;
22;33;1;2;178;
32;25;1;2;72;
26;30;1;2;235;
34;27;1;2;502;
32;25;1;2;292;
24;29;1;2;638;
26;29;1;2;517;
23;35;1;2;208;
25;34;1;2;125;
23;26;1;2;174;
24;28;1;2;163;
32;24;1;2;293;
22;34;1;2;438;
24;30;1;2;358;
34;27;1;2;728;
30;25;1;2;420;
28;22;1;2;232;
31;35;1;2;761;
34;35;1;2;232;
27;29;1;2;286;
22;30;1;2;227;
29;30;1;2;477;
33;29;1;2;13;
26;27;1;2;422;
34;33;1;2;398;
29;26;1;2;27;
1;1;11;1293
2;1;7;1310
3;1;19;1070
4;1;13;239
5;1;9;146
6;1;3;231
7;1;12;1000
8;1;13;676
9;1;15;201
10;1;12;305
11;1;1;1025
12;1;4;321
13;1;15;632
*** EOF ***