**** 1 ****
50
33;33;1;2;357;
33;25;1;2;380;
23;24;1;2;204;
31;32;1;2;291;
35;26;1;2;308;
29;29;1;2;661;
25;31;1;2;28;
22;33;1;2;294;
33;32;1;2;16;
33;32;1;2;403;
26;31;1;2;293;
31;23;1;2;558;
31;30;1;2;549;
24;29;1;2;577;
26;26;1;2;668;
32;35;1;2;521;
32;24;1;2;711;
26;22;1;2;666;
31;28;1;2;449;
24;34;1;2;189;
29;25;1;2;339;
27;33;1;2;571;
27;35;1;2;327;
35;25;1;2;250;
27;26;1;2;66;
25;27;1;2;560;
28;35;1;2;342;
30;25;1;2;467;
30;24;1;2;586;
29;25;1;2;407;
25;28;1;2;464;
32;32;1;2;275;
30;32;1;2;182;
31;22;1;2;237;
31;26;1;2;51;
29;30;1;2;269;
32;25;1;2;35;
24;28;1;2;138;
31;30;1;2;429;
27;22;1;2;515;
23;30;1;2;172;
31;28;1;2;749;
27;26;1;2;462;
28;34;1;2;243;
35;29;1;2;396;
22;24;1;2;723;
30;25;1;2;330;
24;32;1;2;89;
29;31;1;2;422;
33;31;1;2;528;
1;1;2;768
2;1;17;1489
3;1;2;471
4;1;8;205
5;1;7;812
6;1;20;545
7;1;5;424
8;1;1;1128
9;1;6;739
10;1;17;789
11;1;16;179
12;1;20;974
13;1;4;493
*** EOF ***