**** 9 ****
50
35;34;1;2;745;
31;25;1;2;655;
24;29;1;2;645;
32;31;1;2;333;
25;25;1;2;306;
34;35;1;2;427;
34;28;1;2;268;
29;31;1;2;636;
29;26;1;2;236;
24;30;1;2;572;
26;34;1;2;744;
27;33;1;2;492;
32;29;1;2;515;
26;31;1;2;612;
34;27;1;2;354;
30;33;1;2;622;
25;30;1;2;794;
35;34;1;2;318;
25;34;1;2;308;
32;35;1;2;393;
29;32;1;2;88;
33;29;1;2;287;
33;30;1;2;499;
35;27;1;2;124;
27;34;1;2;639;
30;31;1;2;823;
26;28;1;2;252;
30;34;1;2;309;
29;34;1;2;535;
30;30;1;2;237;
32;26;1;2;707;
30;25;1;2;810;
26;31;1;2;535;
32;35;1;2;348;
35;34;1;2;621;
30;35;1;2;757;
28;31;1;2;626;
26;25;1;2;298;
29;24;1;2;780;
27;31;1;2;393;
34;28;1;2;797;
31;33;1;2;527;
33;27;1;2;623;
24;33;1;2;777;
26;34;1;2;437;
32;28;1;2;238;
32;28;1;2;636;
31;35;1;2;186;
35;26;1;2;353;
32;24;1;2;109;
1;1;18;1135
2;1;17;82
3;1;3;1445
4;1;6;1344
5;1;19;858
6;1;4;499
7;1;10;137
8;1;18;245
9;1;14;192
10;1;11;1566
11;1;13;716
12;1;17;742
13;1;2;20
*** EOF ***