**** 3 ****
50
20;23;1;2;49;
28;33;1;2;100;
34;30;1;2;26;
32;9;1;2;293;
8;21;1;2;72;
22;19;1;2;40;
34;16;1;2;267;
7;19;1;2;519;
27;19;1;2;481;
20;17;1;2;296;
34;25;1;2;525;
32;16;1;2;411;
16;16;1;2;234;
35;10;1;2;258;
16;6;1;2;598;
19;26;1;2;60;
32;6;1;2;342;
22;18;1;2;199;
25;26;1;2;238;
13;25;1;2;139;
26;28;1;2;118;
27;9;1;2;98;
16;25;1;2;10;
26;10;1;2;165;
26;27;1;2;368;
19;14;1;2;38;
7;12;1;2;495;
11;18;1;2;345;
8;9;1;2;92;
21;13;1;2;80;
13;21;1;2;8;
24;10;1;2;337;
8;11;1;2;370;
17;14;1;2;447;
32;22;1;2;588;
8;7;1;2;312;
35;33;1;2;279;
35;12;1;2;259;
16;35;1;2;584;
14;30;1;2;382;
19;28;1;2;495;
6;31;1;2;235;
14;21;1;2;206;
31;13;1;2;502;
13;9;1;2;298;
25;31;1;2;82;
27;22;1;2;302;
22;7;1;2;285;
14;22;1;2;22;
11;11;1;2;10;
1;1;16;998
2;1;15;861
3;1;19;937
4;1;5;725
5;1;13;1158
6;1;4;39
7;1;17;897
8;1;10;333
9;1;16;608
10;1;1;247
11;1;15;302
12;1;3;388
13;1;17;412
*** EOF ***