**** 3 ****
50
34;29;1;2;202;
28;34;1;2;34;
28;28;1;2;541;
29;29;1;2;66;
27;32;1;2;53;
30;29;1;2;594;
31;29;1;2;810;
30;34;1;2;813;
35;30;1;2;647;
33;31;1;2;36;
28;29;1;2;770;
30;35;1;2;515;
35;31;1;2;676;
31;28;1;2;13;
32;30;1;2;477;
32;26;1;2;721;
34;35;1;2;295;
31;29;1;2;475;
32;34;1;2;603;
29;28;1;2;790;
28;34;1;2;372;
30;28;1;2;51;
33;30;1;2;381;
30;30;1;2;12;
32;31;1;2;368;
35;31;1;2;501;
28;26;1;2;646;
29;30;1;2;456;
30;26;1;2;679;
27;31;1;2;405;
32;31;1;2;404;
34;26;1;2;709;
26;30;1;2;772;
35;32;1;2;618;
31;32;1;2;751;
28;32;1;2;30;
32;30;1;2;442;
32;34;1;2;91;
31;34;1;2;761;
35;27;1;2;474;
28;32;1;2;750;
31;35;1;2;424;
31;31;1;2;768;
27;33;1;2;207;
31;27;1;2;462;
32;33;1;2;546;
30;27;1;2;99;
33;33;1;2;198;
31;30;1;2;774;
28;34;1;2;542;
1;1;17;182
2;1;15;492
3;1;16;62
4;1;2;851
5;1;16;1543
6;1;5;830
7;1;11;970
8;1;1;924
9;1;6;1524
10;1;14;357
11;1;12;690
12;1;9;539
13;1;18;1652
*** EOF ***