**** 8 ****
50
34;18;1;2;675;
24;25;1;2;310;
30;25;1;2;638;
30;25;1;2;362;
23;18;1;2;335;
34;35;1;2;517;
23;16;1;2;358;
29;21;1;2;149;
29;26;1;2;275;
27;23;1;2;528;
31;34;1;2;555;
31;24;1;2;436;
27;29;1;2;527;
25;26;1;2;724;
31;33;1;2;300;
32;20;1;2;456;
32;17;1;2;31;
16;34;1;2;390;
25;30;1;2;552;
19;31;1;2;121;
29;33;1;2;328;
16;19;1;2;328;
23;29;1;2;501;
35;21;1;2;454;
33;21;1;2;19;
18;33;1;2;29;
19;19;1;2;523;
31;18;1;2;335;
20;32;1;2;629;
19;34;1;2;609;
33;33;1;2;644;
25;22;1;2;7;
29;26;1;2;25;
29;23;1;2;438;
19;17;1;2;610;
27;30;1;2;457;
24;26;1;2;31;
16;27;1;2;328;
17;33;1;2;512;
19;23;1;2;243;
28;17;1;2;400;
26;16;1;2;676;
31;31;1;2;55;
28;30;1;2;499;
35;27;1;2;397;
23;19;1;2;657;
17;35;1;2;517;
27;34;1;2;28;
35;30;1;2;248;
17;25;1;2;695;
1;1;4;28
2;1;16;333
3;1;6;252
4;1;18;354
5;1;19;464
6;1;18;968
7;1;3;557
8;1;12;880
9;1;15;735
10;1;11;679
11;1;10;1100
12;1;9;858
13;1;17;1146
*** EOF ***