**** 16 ****
50
13;22;1;2;190;
9;33;1;2;133;
34;23;1;2;59;
9;35;1;2;569;
25;28;1;2;313;
19;10;1;2;448;
8;27;1;2;113;
25;28;1;2;165;
25;25;1;2;393;
8;28;1;2;235;
14;15;1;2;505;
13;31;1;2;40;
34;33;1;2;413;
20;12;1;2;515;
33;34;1;2;346;
20;26;1;2;111;
16;33;1;2;533;
23;25;1;2;489;
20;17;1;2;327;
29;31;1;2;454;
10;33;1;2;239;
26;10;1;2;359;
33;20;1;2;278;
27;25;1;2;39;
10;17;1;2;33;
28;20;1;2;225;
28;8;1;2;416;
33;35;1;2;259;
9;8;1;2;401;
14;12;1;2;505;
19;16;1;2;306;
21;29;1;2;254;
31;34;1;2;26;
25;25;1;2;51;
27;34;1;2;390;
14;25;1;2;435;
34;17;1;2;192;
31;15;1;2;59;
34;20;1;2;568;
30;28;1;2;552;
20;16;1;2;46;
12;24;1;2;543;
11;25;1;2;162;
17;11;1;2;568;
21;32;1;2;147;
14;20;1;2;91;
23;34;1;2;93;
27;8;1;2;17;
33;14;1;2;570;
8;26;1;2;113;
1;1;18;773
2;1;12;476
3;1;15;45
4;1;3;1189
5;1;12;804
6;1;9;315
7;1;11;1101
8;1;2;887
9;1;6;713
10;1;13;402
11;1;16;285
12;1;13;514
13;1;19;1028
*** EOF ***