**** 17 ****
50
14;14;1;2;471;
32;34;1;2;192;
12;22;1;2;213;
11;20;1;2;549;
10;20;1;2;23;
17;35;1;2;274;
23;29;1;2;217;
12;24;1;2;115;
10;14;1;2;129;
35;11;1;2;136;
13;32;1;2;140;
31;12;1;2;139;
10;21;1;2;257;
17;32;1;2;493;
11;13;1;2;194;
34;14;1;2;281;
15;24;1;2;260;
23;28;1;2;202;
18;34;1;2;274;
32;28;1;2;404;
13;30;1;2;332;
26;16;1;2;471;
17;11;1;2;438;
22;17;1;2;577;
34;15;1;2;130;
18;16;1;2;469;
12;26;1;2;119;
19;22;1;2;500;
22;20;1;2;353;
18;10;1;2;455;
21;21;1;2;77;
23;30;1;2;325;
16;13;1;2;249;
21;26;1;2;159;
30;25;1;2;351;
29;15;1;2;555;
31;16;1;2;543;
32;31;1;2;294;
13;29;1;2;508;
27;20;1;2;175;
29;24;1;2;529;
11;32;1;2;381;
27;10;1;2;574;
10;33;1;2;387;
20;19;1;2;92;
35;10;1;2;397;
33;24;1;2;220;
25;18;1;2;354;
15;32;1;2;216;
21;26;1;2;338;
1;1;2;84
2;1;13;895
3;1;9;1160
4;1;5;687
5;1;1;1098
6;1;2;698
7;1;11;522
8;1;16;802
9;1;13;367
10;1;19;755
11;1;1;1044
12;1;19;579
13;1;13;230
*** EOF ***