**** 14 ****
50
29;23;1;2;417;
32;29;1;2;94;
30;35;1;2;476;
32;23;1;2;426;
30;32;1;2;736;
24;23;1;2;307;
34;27;1;2;188;
28;29;1;2;155;
34;22;1;2;151;
33;31;1;2;678;
31;28;1;2;406;
28;31;1;2;119;
30;28;1;2;534;
32;32;1;2;72;
35;29;1;2;206;
31;26;1;2;759;
24;29;1;2;228;
26;24;1;2;221;
32;32;1;2;113;
29;32;1;2;675;
22;29;1;2;502;
32;31;1;2;288;
28;33;1;2;767;
28;22;1;2;287;
32;27;1;2;285;
33;22;1;2;544;
25;23;1;2;528;
24;35;1;2;317;
26;23;1;2;752;
34;29;1;2;132;
23;35;1;2;431;
31;26;1;2;340;
27;32;1;2;748;
22;27;1;2;703;
26;32;1;2;343;
23;22;1;2;569;
29;29;1;2;548;
24;26;1;2;49;
34;22;1;2;386;
33;29;1;2;709;
28;26;1;2;646;
26;29;1;2;370;
23;35;1;2;149;
25;30;1;2;463;
22;34;1;2;439;
30;34;1;2;403;
34;22;1;2;618;
28;28;1;2;469;
33;26;1;2;266;
33;24;1;2;270;
1;1;13;759
2;1;12;1153
3;1;8;1253
4;1;2;1149
5;1;5;513
6;1;8;267
7;1;12;50
8;1;13;191
9;1;7;1369
10;1;4;313
11;1;17;409
12;1;14;742
13;1;12;1114
*** EOF ***