**** 4 ****
50
16;23;1;2;90;
20;33;1;2;272;
26;33;1;2;139;
14;26;1;2;573;
13;12;1;2;180;
14;13;1;2;472;
26;17;1;2;191;
28;13;1;2;16;
33;29;1;2;5;
23;19;1;2;114;
22;24;1;2;360;
12;33;1;2;441;
19;35;1;2;551;
17;13;1;2;297;
17;22;1;2;88;
28;27;1;2;396;
26;21;1;2;479;
19;35;1;2;565;
18;28;1;2;331;
21;16;1;2;500;
35;33;1;2;301;
25;32;1;2;427;
20;27;1;2;82;
17;23;1;2;440;
12;25;1;2;144;
33;17;1;2;7;
23;24;1;2;536;
15;17;1;2;23;
31;25;1;2;313;
27;32;1;2;580;
23;30;1;2;171;
34;27;1;2;531;
19;27;1;2;196;
32;25;1;2;6;
18;18;1;2;337;
18;30;1;2;421;
17;12;1;2;585;
30;20;1;2;317;
28;26;1;2;121;
32;13;1;2;629;
23;30;1;2;456;
20;21;1;2;301;
27;18;1;2;150;
12;26;1;2;234;
24;27;1;2;260;
16;33;1;2;72;
30;14;1;2;424;
30;26;1;2;19;
23;16;1;2;260;
14;24;1;2;58;
1;1;2;642
2;1;14;248
3;1;10;631
4;1;11;1162
5;1;5;1047
6;1;11;1256
7;1;3;562
8;1;14;986
9;1;20;273
10;1;15;1141
11;1;10;848
12;1;10;946
13;1;18;670
*** EOF ***