**** 15 ****
50
21;9;1;2;166;
31;12;1;2;265;
5;18;1;2;452;
19;17;1;2;75;
29;11;1;2;281;
30;3;1;2;430;
23;18;1;2;11;
10;10;1;2;40;
11;35;1;2;459;
34;29;1;2;156;
12;13;1;2;145;
15;4;1;2;117;
21;35;1;2;128;
19;14;1;2;371;
32;8;1;2;522;
30;7;1;2;537;
23;28;1;2;376;
10;30;1;2;203;
8;15;1;2;18;
22;10;1;2;241;
8;24;1;2;167;
13;34;1;2;489;
3;18;1;2;322;
24;3;1;2;194;
33;26;1;2;129;
27;10;1;2;146;
7;26;1;2;121;
7;11;1;2;382;
30;17;1;2;223;
11;8;1;2;508;
9;11;1;2;543;
16;16;1;2;421;
30;25;1;2;150;
14;27;1;2;478;
29;24;1;2;324;
11;17;1;2;123;
25;19;1;2;432;
13;11;1;2;400;
22;7;1;2;473;
26;7;1;2;437;
31;28;1;2;55;
4;9;1;2;465;
10;12;1;2;96;
16;20;1;2;335;
9;11;1;2;536;
9;2;1;2;366;
35;32;1;2;358;
33;26;1;2;402;
20;3;1;2;234;
6;21;1;2;172;
1;1;19;145
2;1;20;923
3;1;7;551
4;1;17;276
5;1;14;473
6;1;14;679
7;1;1;379
8;1;15;952
9;1;18;205
10;1;10;571
11;1;3;709
12;1;19;47
13;1;14;511
*** EOF ***