**** 0 ****
50
28;30;1;2;350;
33;30;1;2;842;
29;28;1;2;534;
29;28;1;2;64;
34;34;1;2;795;
34;31;1;2;15;
33;32;1;2;310;
35;31;1;2;741;
29;29;1;2;403;
34;29;1;2;178;
33;33;1;2;785;
31;31;1;2;583;
30;34;1;2;757;
30;35;1;2;192;
33;29;1;2;845;
28;35;1;2;6;
33;34;1;2;363;
32;35;1;2;283;
35;32;1;2;369;
34;29;1;2;35;
28;34;1;2;87;
30;29;1;2;197;
30;35;1;2;448;
32;33;1;2;730;
29;31;1;2;546;
29;28;1;2;502;
34;34;1;2;811;
32;35;1;2;537;
33;34;1;2;473;
29;35;1;2;31;
35;35;1;2;383;
30;31;1;2;550;
35;30;1;2;188;
34;31;1;2;140;
35;35;1;2;644;
34;35;1;2;610;
29;31;1;2;656;
30;28;1;2;627;
35;31;1;2;865;
35;28;1;2;605;
31;34;1;2;299;
28;30;1;2;849;
35;35;1;2;747;
35;34;1;2;138;
33;30;1;2;632;
29;32;1;2;534;
32;30;1;2;846;
33;32;1;2;607;
32;35;1;2;668;
32;32;1;2;226;
1;1;18;85
2;1;13;468
3;1;14;589
4;1;2;1706
5;1;15;929
6;1;20;985
7;1;18;366
8;1;10;237
9;1;9;513
10;1;10;552
11;1;12;539
12;1;17;1239
13;1;3;1076
*** EOF ***