**** 6 ****
50
34;8;1;2;134;
15;12;1;2;255;
25;10;1;2;183;
31;29;1;2;302;
8;19;1;2;456;
32;23;1;2;198;
27;28;1;2;295;
24;9;1;2;493;
9;11;1;2;189;
33;17;1;2;292;
29;35;1;2;410;
9;34;1;2;127;
15;31;1;2;158;
19;23;1;2;441;
14;28;1;2;221;
24;35;1;2;145;
15;8;1;2;410;
8;16;1;2;5;
29;28;1;2;336;
25;20;1;2;111;
10;13;1;2;437;
30;32;1;2;9;
16;29;1;2;401;
29;32;1;2;119;
12;33;1;2;2;
12;12;1;2;131;
31;24;1;2;259;
17;24;1;2;196;
10;23;1;2;314;
33;10;1;2;478;
29;32;1;2;252;
20;28;1;2;143;
17;24;1;2;550;
8;19;1;2;303;
27;18;1;2;515;
14;18;1;2;551;
25;16;1;2;378;
27;33;1;2;122;
30;20;1;2;408;
34;33;1;2;412;
26;24;1;2;226;
13;8;1;2;225;
16;18;1;2;100;
22;21;1;2;194;
20;35;1;2;114;
14;27;1;2;129;
13;8;1;2;141;
15;35;1;2;410;
25;9;1;2;230;
35;11;1;2;67;
1;1;12;132
2;1;13;629
3;1;4;531
4;1;5;51
5;1;1;482
6;1;4;449
7;1;4;805
8;1;16;510
9;1;4;978
10;1;7;194
11;1;4;884
12;1;17;317
13;1;14;938
*** EOF ***