**** 11 ****
50
12;33;1;2;565;
16;14;1;2;454;
23;24;1;2;587;
27;31;1;2;646;
22;26;1;2;625;
6;10;1;2;307;
8;15;1;2;385;
18;20;1;2;614;
35;29;1;2;52;
32;13;1;2;266;
24;12;1;2;270;
16;35;1;2;579;
35;22;1;2;170;
34;25;1;2;285;
24;25;1;2;620;
34;31;1;2;313;
27;12;1;2;97;
11;35;1;2;259;
23;32;1;2;286;
33;12;1;2;190;
7;34;1;2;623;
27;29;1;2;569;
31;32;1;2;172;
20;23;1;2;292;
23;7;1;2;628;
27;30;1;2;192;
6;25;1;2;214;
24;19;1;2;198;
19;24;1;2;357;
19;9;1;2;537;
25;28;1;2;200;
9;29;1;2;53;
32;15;1;2;317;
28;30;1;2;208;
12;18;1;2;156;
33;23;1;2;207;
26;14;1;2;362;
32;27;1;2;86;
20;29;1;2;200;
35;33;1;2;419;
35;33;1;2;319;
33;29;1;2;424;
34;11;1;2;27;
12;21;1;2;464;
13;27;1;2;8;
16;27;1;2;419;
20;24;1;2;314;
19;6;1;2;83;
18;19;1;2;128;
18;10;1;2;286;
1;1;16;955
2;1;8;900
3;1;15;369
4;1;8;695
5;1;18;613
6;1;15;1128
7;1;9;1191
8;1;17;980
9;1;19;81
10;1;9;768
11;1;16;555
12;1;13;1007
13;1;1;755
*** EOF ***