**** 7 ****
50
29;26;1;2;109;
35;26;1;2;590;
30;24;1;2;170;
32;35;1;2;172;
35;25;1;2;400;
30;28;1;2;768;
28;29;1;2;806;
27;31;1;2;386;
35;30;1;2;777;
26;24;1;2;767;
30;26;1;2;607;
30;28;1;2;108;
31;34;1;2;33;
24;32;1;2;250;
28;26;1;2;180;
35;35;1;2;723;
32;35;1;2;485;
35;28;1;2;526;
35;26;1;2;95;
26;29;1;2;202;
29;24;1;2;193;
27;35;1;2;608;
27;33;1;2;676;
27;31;1;2;725;
24;25;1;2;172;
30;27;1;2;525;
34;35;1;2;473;
26;32;1;2;778;
33;35;1;2;109;
26;28;1;2;570;
34;32;1;2;456;
24;24;1;2;137;
25;26;1;2;400;
30;35;1;2;451;
34;33;1;2;527;
33;27;1;2;25;
31;29;1;2;701;
29;29;1;2;87;
29;33;1;2;417;
30;28;1;2;18;
34;35;1;2;379;
24;33;1;2;477;
28;33;1;2;124;
34;32;1;2;327;
24;34;1;2;528;
32;34;1;2;167;
32;32;1;2;59;
25;31;1;2;94;
32;29;1;2;53;
28;30;1;2;269;
1;1;14;248
2;1;17;1277
3;1;8;673
4;1;15;387
5;1;9;468
6;1;19;1506
7;1;2;986
8;1;10;44
9;1;9;1409
10;1;10;703
11;1;18;579
12;1;3;525
13;1;14;1596
*** EOF ***