**** 11 ****
50
29;17;1;2;572;
23;14;1;2;247;
28;18;1;2;214;
34;16;1;2;564;
32;31;1;2;490;
22;34;1;2;8;
21;35;1;2;483;
24;31;1;2;314;
26;35;1;2;470;
14;30;1;2;110;
15;26;1;2;381;
16;33;1;2;83;
20;26;1;2;612;
34;21;1;2;215;
20;33;1;2;299;
29;21;1;2;183;
23;22;1;2;683;
29;27;1;2;210;
33;31;1;2;630;
15;14;1;2;223;
24;31;1;2;265;
22;15;1;2;489;
23;26;1;2;490;
21;28;1;2;647;
20;33;1;2;79;
34;23;1;2;553;
31;25;1;2;506;
20;21;1;2;288;
26;14;1;2;298;
25;27;1;2;45;
14;35;1;2;304;
14;16;1;2;426;
31;25;1;2;323;
19;21;1;2;402;
35;35;1;2;42;
22;21;1;2;617;
33;28;1;2;504;
31;33;1;2;126;
30;33;1;2;365;
20;21;1;2;408;
30;20;1;2;534;
20;16;1;2;596;
32;35;1;2;131;
18;21;1;2;258;
17;22;1;2;658;
26;23;1;2;356;
34;29;1;2;455;
21;33;1;2;102;
24;18;1;2;143;
28;19;1;2;347;
1;1;7;709
2;1;14;262
3;1;9;400
4;1;16;1091
5;1;3;115
6;1;11;27
7;1;13;439
8;1;12;1288
9;1;2;873
10;1;9;1046
11;1;19;362
12;1;15;985
13;1;4;1352
*** EOF ***