**** 3 ****
50
34;32;1;2;218;
32;32;1;2;260;
34;33;1;2;714;
30;34;1;2;824;
35;34;1;2;217;
31;32;1;2;186;
34;31;1;2;636;
30;30;1;2;203;
31;31;1;2;25;
35;30;1;2;320;
31;31;1;2;539;
35;31;1;2;133;
34;30;1;2;689;
31;31;1;2;321;
35;32;1;2;674;
31;34;1;2;484;
31;32;1;2;132;
33;31;1;2;359;
33;34;1;2;633;
31;32;1;2;544;
34;30;1;2;7;
32;31;1;2;644;
32;31;1;2;503;
32;32;1;2;518;
31;31;1;2;392;
33;35;1;2;452;
30;31;1;2;804;
33;31;1;2;643;
34;34;1;2;132;
32;33;1;2;864;
34;34;1;2;219;
33;30;1;2;714;
32;34;1;2;411;
33;30;1;2;440;
34;32;1;2;128;
35;30;1;2;253;
35;33;1;2;361;
30;35;1;2;699;
30;33;1;2;511;
34;32;1;2;803;
33;30;1;2;800;
34;35;1;2;247;
34;35;1;2;157;
30;33;1;2;2;
31;35;1;2;110;
31;30;1;2;77;
31;31;1;2;303;
31;30;1;2;560;
31;33;1;2;310;
30;31;1;2;585;
1;1;13;726
2;1;6;1389
3;1;20;116
4;1;9;1694
5;1;5;1668
6;1;14;533
7;1;5;1613
8;1;11;1302
9;1;7;698
10;1;6;856
11;1;13;835
12;1;18;605
13;1;10;239
*** EOF ***