**** 16 ****
50
15;35;1;2;435;
5;25;1;2;279;
17;7;1;2;262;
23;9;1;2;440;
15;25;1;2;193;
11;25;1;2;68;
3;32;1;2;269;
32;23;1;2;449;
29;11;1;2;174;
7;15;1;2;74;
4;23;1;2;6;
12;32;1;2;438;
20;35;1;2;364;
24;34;1;2;96;
11;10;1;2;449;
2;28;1;2;197;
3;20;1;2;116;
15;7;1;2;259;
29;16;1;2;161;
26;3;1;2;31;
18;35;1;2;297;
35;10;1;2;57;
33;33;1;2;52;
34;22;1;2;169;
16;6;1;2;158;
3;24;1;2;273;
29;16;1;2;386;
6;25;1;2;31;
19;7;1;2;271;
9;34;1;2;433;
3;35;1;2;288;
33;20;1;2;484;
19;9;1;2;32;
4;35;1;2;300;
15;33;1;2;30;
21;30;1;2;245;
10;17;1;2;98;
3;33;1;2;164;
17;12;1;2;357;
21;30;1;2;400;
32;15;1;2;249;
2;6;1;2;271;
6;14;1;2;337;
11;32;1;2;380;
12;31;1;2;391;
4;24;1;2;272;
14;7;1;2;342;
26;17;1;2;170;
12;21;1;2;336;
30;26;1;2;370;
1;1;20;154
2;1;18;751
3;1;2;514
4;1;15;791
5;1;3;414
6;1;17;352
7;1;19;813
8;1;17;269
9;1;14;103
10;1;3;33
11;1;19;907
12;1;11;649
13;1;19;383
*** EOF ***