**** 2 ****
50
35;29;1;2;593;
29;30;1;2;196;
31;26;1;2;40;
29;24;1;2;697;
29;24;1;2;417;
32;30;1;2;750;
23;26;1;2;579;
34;24;1;2;545;
28;33;1;2;531;
29;23;1;2;241;
23;29;1;2;559;
30;28;1;2;562;
32;32;1;2;345;
30;25;1;2;235;
32;35;1;2;684;
29;29;1;2;320;
33;26;1;2;121;
31;34;1;2;295;
27;23;1;2;380;
29;34;1;2;111;
30;31;1;2;115;
30;35;1;2;677;
29;28;1;2;600;
28;33;1;2;464;
22;34;1;2;762;
29;22;1;2;437;
32;30;1;2;409;
24;26;1;2;261;
27;23;1;2;781;
22;28;1;2;259;
28;24;1;2;655;
34;23;1;2;468;
32;25;1;2;439;
26;30;1;2;184;
29;28;1;2;467;
24;28;1;2;715;
23;24;1;2;657;
22;29;1;2;78;
35;23;1;2;56;
29;32;1;2;22;
26;29;1;2;208;
28;32;1;2;743;
33;33;1;2;588;
33;27;1;2;429;
33;30;1;2;497;
30;28;1;2;302;
28;31;1;2;594;
30;23;1;2;191;
33;30;1;2;400;
28;32;1;2;182;
1;1;6;1259
2;1;18;20
3;1;2;43
4;1;9;698
5;1;11;941
6;1;15;138
7;1;15;1389
8;1;3;740
9;1;17;474
10;1;5;451
11;1;13;1320
12;1;19;1165
13;1;3;1485
*** EOF ***