**** 12 ****
50
34;12;1;2;530;
11;11;1;2;82;
25;13;1;2;453;
16;17;1;2;162;
11;20;1;2;486;
25;26;1;2;162;
23;20;1;2;37;
14;9;1;2;516;
33;31;1;2;149;
35;16;1;2;564;
22;34;1;2;210;
33;6;1;2;455;
23;14;1;2;379;
25;27;1;2;400;
20;34;1;2;441;
18;35;1;2;544;
21;8;1;2;416;
31;31;1;2;132;
7;12;1;2;23;
8;34;1;2;563;
14;30;1;2;90;
8;33;1;2;173;
34;18;1;2;302;
15;7;1;2;563;
26;15;1;2;527;
11;24;1;2;529;
18;8;1;2;153;
24;18;1;2;1;
30;22;1;2;223;
32;9;1;2;547;
22;34;1;2;46;
10;12;1;2;267;
13;6;1;2;189;
22;34;1;2;46;
20;28;1;2;508;
12;23;1;2;358;
14;35;1;2;559;
33;22;1;2;283;
25;7;1;2;102;
35;6;1;2;526;
7;33;1;2;328;
7;7;1;2;284;
35;34;1;2;96;
20;9;1;2;132;
9;18;1;2;214;
6;22;1;2;506;
18;15;1;2;485;
16;31;1;2;545;
10;31;1;2;117;
19;9;1;2;48;
1;1;1;1062
2;1;18;951
3;1;7;383
4;1;4;911
5;1;14;741
6;1;11;273
7;1;17;345
8;1;18;879
9;1;3;543
10;1;4;5
11;1;11;309
12;1;14;708
13;1;16;1093
*** EOF ***