**** 8 ****
50
34;6;1;2;400;
18;19;1;2;114;
2;18;1;2;340;
30;24;1;2;237;
2;9;1;2;207;
11;18;1;2;419;
25;19;1;2;82;
15;35;1;2;73;
23;7;1;2;295;
35;24;1;2;402;
17;25;1;2;141;
27;23;1;2;63;
20;22;1;2;85;
7;24;1;2;32;
24;14;1;2;448;
2;17;1;2;202;
18;5;1;2;508;
12;5;1;2;276;
17;21;1;2;28;
35;30;1;2;521;
24;20;1;2;180;
25;8;1;2;241;
19;14;1;2;440;
5;2;1;2;531;
13;25;1;2;497;
22;20;1;2;350;
10;13;1;2;185;
24;9;1;2;529;
20;23;1;2;83;
30;35;1;2;434;
30;28;1;2;480;
20;31;1;2;44;
19;2;1;2;354;
10;12;1;2;491;
33;29;1;2;568;
3;3;1;2;203;
22;32;1;2;248;
34;24;1;2;105;
30;10;1;2;499;
29;17;1;2;256;
17;15;1;2;266;
27;30;1;2;169;
34;2;1;2;489;
10;12;1;2;246;
27;24;1;2;474;
5;10;1;2;107;
15;21;1;2;60;
23;27;1;2;472;
20;34;1;2;235;
19;9;1;2;352;
1;1;8;1109
2;1;15;492
3;1;6;928
4;1;4;462
5;1;20;470
6;1;2;717
7;1;20;1083
8;1;1;1003
9;1;20;427
10;1;13;1069
11;1;16;794
12;1;15;238
13;1;16;140
*** EOF ***