**** 8 ****
50
32;32;1;2;644;
32;33;1;2;138;
33;35;1;2;461;
32;33;1;2;353;
34;35;1;2;409;
32;33;1;2;399;
35;35;1;2;103;
34;34;1;2;28;
33;34;1;2;486;
34;32;1;2;374;
34;35;1;2;50;
34;32;1;2;675;
33;32;1;2;450;
32;33;1;2;545;
35;35;1;2;608;
35;35;1;2;640;
33;34;1;2;535;
34;33;1;2;497;
33;35;1;2;413;
34;32;1;2;896;
35;35;1;2;671;
32;32;1;2;10;
33;33;1;2;551;
32;33;1;2;142;
33;32;1;2;645;
33;32;1;2;533;
32;32;1;2;57;
33;33;1;2;131;
32;33;1;2;205;
32;33;1;2;799;
32;34;1;2;445;
33;33;1;2;881;
32;33;1;2;164;
32;33;1;2;807;
35;32;1;2;71;
35;34;1;2;594;
32;32;1;2;849;
35;35;1;2;774;
33;35;1;2;663;
34;35;1;2;263;
34;35;1;2;117;
35;33;1;2;212;
32;34;1;2;595;
32;32;1;2;40;
33;33;1;2;62;
34;34;1;2;435;
35;33;1;2;346;
34;32;1;2;303;
33;34;1;2;695;
34;32;1;2;65;
1;1;10;916
2;1;7;1775
3;1;12;1651
4;1;14;114
5;1;6;514
6;1;18;608
7;1;4;1123
8;1;9;1584
9;1;16;215
10;1;8;1219
11;1;12;1512
12;1;6;29
13;1;15;1555
*** EOF ***