**** 13 ****
50
28;32;1;2;282;
29;30;1;2;29;
34;31;1;2;413;
27;31;1;2;686;
32;30;1;2;388;
26;30;1;2;825;
28;34;1;2;282;
26;31;1;2;163;
26;26;1;2;370;
29;33;1;2;477;
34;27;1;2;496;
26;30;1;2;289;
34;28;1;2;16;
34;35;1;2;38;
30;26;1;2;610;
35;33;1;2;636;
26;33;1;2;10;
33;31;1;2;173;
27;34;1;2;811;
32;29;1;2;303;
30;30;1;2;750;
26;33;1;2;564;
30;35;1;2;748;
26;26;1;2;102;
28;30;1;2;298;
32;30;1;2;244;
33;30;1;2;64;
28;31;1;2;141;
32;32;1;2;505;
27;33;1;2;282;
29;32;1;2;402;
32;28;1;2;765;
27;28;1;2;794;
35;34;1;2;620;
28;27;1;2;642;
34;33;1;2;509;
27;33;1;2;828;
29;29;1;2;511;
35;34;1;2;485;
33;31;1;2;671;
26;28;1;2;822;
35;26;1;2;156;
29;33;1;2;99;
28;30;1;2;513;
28;32;1;2;277;
29;32;1;2;191;
32;28;1;2;441;
32;30;1;2;353;
28;28;1;2;177;
32;30;1;2;411;
1;1;17;751
2;1;17;896
3;1;6;346
4;1;13;257
5;1;16;1469
6;1;18;949
7;1;12;88
8;1;18;1109
9;1;13;683
10;1;14;1203
11;1;9;670
12;1;20;989
13;1;6;1155
*** EOF ***