**** 2 ****
50
35;16;1;2;58;
19;34;1;2;301;
4;14;1;2;112;
35;27;1;2;313;
7;24;1;2;262;
6;31;1;2;21;
34;7;1;2;63;
35;12;1;2;377;
8;7;1;2;308;
2;11;1;2;154;
9;32;1;2;48;
3;35;1;2;49;
11;26;1;2;72;
8;12;1;2;389;
25;8;1;2;366;
6;3;1;2;90;
28;34;1;2;91;
16;29;1;2;218;
21;3;1;2;221;
13;24;1;2;226;
35;11;1;2;430;
15;4;1;2;491;
6;33;1;2;65;
35;20;1;2;286;
32;18;1;2;225;
8;3;1;2;476;
12;14;1;2;519;
3;8;1;2;288;
31;35;1;2;145;
18;32;1;2;284;
15;24;1;2;226;
33;24;1;2;38;
16;28;1;2;398;
24;33;1;2;450;
3;6;1;2;206;
6;12;1;2;237;
35;10;1;2;316;
16;5;1;2;362;
32;25;1;2;144;
9;27;1;2;27;
33;7;1;2;180;
8;19;1;2;167;
30;24;1;2;292;
19;33;1;2;379;
23;32;1;2;156;
22;18;1;2;40;
12;2;1;2;26;
19;11;1;2;200;
22;33;1;2;5;
25;6;1;2;446;
1;1;12;393
2;1;2;667
3;1;18;315
4;1;6;574
5;1;8;436
6;1;10;31
7;1;20;447
8;1;4;907
9;1;1;989
10;1;5;736
11;1;7;59
12;1;16;842
13;1;9;636
*** EOF ***