**** 1 ****
50
32;34;1;2;413;
33;35;1;2;188;
33;33;1;2;822;
34;34;1;2;384;
34;34;1;2;198;
35;34;1;2;860;
33;34;1;2;654;
32;32;1;2;228;
35;34;1;2;199;
33;33;1;2;785;
34;33;1;2;138;
35;35;1;2;178;
34;33;1;2;738;
35;34;1;2;736;
34;32;1;2;82;
34;33;1;2;181;
34;34;1;2;628;
34;34;1;2;259;
35;35;1;2;390;
35;35;1;2;406;
33;33;1;2;769;
32;34;1;2;386;
35;33;1;2;700;
33;33;1;2;85;
35;34;1;2;116;
35;34;1;2;886;
34;32;1;2;670;
34;35;1;2;236;
35;32;1;2;797;
34;32;1;2;114;
35;32;1;2;494;
34;33;1;2;583;
35;32;1;2;721;
34;32;1;2;290;
35;35;1;2;689;
35;32;1;2;369;
33;33;1;2;141;
35;33;1;2;877;
32;35;1;2;684;
35;35;1;2;51;
35;34;1;2;681;
33;33;1;2;433;
35;32;1;2;241;
33;35;1;2;169;
32;32;1;2;303;
35;32;1;2;33;
34;33;1;2;673;
32;34;1;2;257;
32;33;1;2;166;
34;34;1;2;153;
1;1;6;640
2;1;9;1642
3;1;15;854
4;1;14;1562
5;1;8;964
6;1;16;1791
7;1;14;1356
8;1;14;1084
9;1;3;1491
10;1;1;1609
11;1;15;1730
12;1;8;118
13;1;6;1594
*** EOF ***