**** 10 ****
50
31;31;1;2;463;
33;32;1;2;587;
35;34;1;2;133;
34;30;1;2;523;
30;34;1;2;145;
30;34;1;2;538;
33;34;1;2;255;
31;30;1;2;875;
31;33;1;2;725;
32;32;1;2;624;
32;31;1;2;508;
35;31;1;2;622;
33;32;1;2;134;
35;32;1;2;435;
35;32;1;2;685;
32;33;1;2;246;
31;32;1;2;864;
33;35;1;2;565;
33;30;1;2;390;
32;33;1;2;86;
30;32;1;2;879;
35;33;1;2;198;
35;34;1;2;96;
34;34;1;2;363;
35;35;1;2;632;
30;32;1;2;853;
34;32;1;2;212;
33;30;1;2;501;
34;34;1;2;221;
32;33;1;2;104;
33;35;1;2;836;
30;31;1;2;277;
30;30;1;2;397;
31;33;1;2;642;
32;33;1;2;103;
30;32;1;2;261;
30;33;1;2;557;
35;34;1;2;126;
33;31;1;2;601;
35;34;1;2;421;
35;31;1;2;458;
31;33;1;2;36;
30;33;1;2;342;
31;33;1;2;174;
35;31;1;2;750;
31;34;1;2;535;
30;35;1;2;884;
31;31;1;2;239;
30;32;1;2;879;
34;31;1;2;652;
1;1;3;1493
2;1;13;1217
3;1;13;1546
4;1;12;489
5;1;11;1625
6;1;20;341
7;1;20;810
8;1;17;398
9;1;16;1196
10;1;19;1248
11;1;8;143
12;1;6;462
13;1;11;1509
*** EOF ***