**** 14 ****
50
26;33;1;2;132;
24;24;1;2;342;
24;19;1;2;71;
32;34;1;2;137;
33;25;1;2;247;
25;25;1;2;658;
20;25;1;2;6;
24;23;1;2;570;
27;18;1;2;348;
18;33;1;2;98;
24;20;1;2;149;
22;28;1;2;442;
18;25;1;2;559;
18;21;1;2;272;
31;25;1;2;50;
28;26;1;2;470;
21;21;1;2;454;
21;21;1;2;598;
30;32;1;2;287;
26;26;1;2;477;
23;34;1;2;39;
23;31;1;2;184;
18;29;1;2;158;
20;31;1;2;564;
18;28;1;2;619;
20;20;1;2;578;
24;25;1;2;459;
35;34;1;2;204;
19;34;1;2;460;
25;18;1;2;264;
24;23;1;2;143;
20;33;1;2;345;
28;26;1;2;112;
21;21;1;2;312;
24;32;1;2;590;
23;29;1;2;273;
23;24;1;2;484;
18;18;1;2;350;
25;31;1;2;594;
27;20;1;2;453;
28;30;1;2;50;
29;34;1;2;100;
18;19;1;2;289;
31;22;1;2;66;
18;29;1;2;533;
23;34;1;2;16;
30;25;1;2;121;
33;34;1;2;423;
20;20;1;2;2;
19;22;1;2;269;
1;1;18;1282
2;1;7;1016
3;1;7;783
4;1;19;904
5;1;10;565
6;1;6;552
7;1;11;726
8;1;10;854
9;1;14;1212
10;1;13;318
11;1;7;120
12;1;11;800
13;1;3;850
*** EOF ***