**** 13 ****
50
27;26;1;2;92;
27;33;1;2;49;
31;35;1;2;739;
34;27;1;2;386;
29;24;1;2;210;
34;32;1;2;766;
30;33;1;2;8;
33;30;1;2;310;
26;34;1;2;341;
31;27;1;2;823;
26;28;1;2;686;
30;24;1;2;560;
35;24;1;2;195;
26;34;1;2;425;
30;24;1;2;406;
29;32;1;2;472;
32;29;1;2;208;
34;28;1;2;386;
24;27;1;2;797;
31;30;1;2;832;
34;27;1;2;379;
29;34;1;2;147;
31;25;1;2;61;
31;32;1;2;295;
24;33;1;2;759;
27;33;1;2;576;
35;35;1;2;42;
30;31;1;2;780;
35;34;1;2;478;
24;35;1;2;40;
33;28;1;2;481;
27;25;1;2;438;
31;32;1;2;167;
32;33;1;2;126;
28;30;1;2;661;
27;30;1;2;508;
32;33;1;2;663;
24;33;1;2;221;
30;33;1;2;56;
32;26;1;2;271;
31;31;1;2;153;
25;35;1;2;411;
33;31;1;2;106;
27;31;1;2;816;
26;32;1;2;50;
31;31;1;2;375;
29;33;1;2;77;
29;25;1;2;220;
31;28;1;2;359;
33;28;1;2;637;
1;1;14;1636
2;1;16;1077
3;1;19;1154
4;1;1;54
5;1;16;994
6;1;13;293
7;1;18;578
8;1;5;56
9;1;12;784
10;1;16;1197
11;1;13;1018
12;1;20;1490
13;1;12;255
*** EOF ***