**** 3 ****
50
31;26;1;2;402;
27;33;1;2;203;
35;26;1;2;346;
35;30;1;2;493;
30;26;1;2;402;
33;28;1;2;478;
27;34;1;2;312;
18;19;1;2;98;
23;30;1;2;17;
17;21;1;2;557;
32;17;1;2;407;
27;33;1;2;21;
16;16;1;2;430;
19;19;1;2;301;
21;34;1;2;73;
31;30;1;2;446;
31;33;1;2;208;
28;34;1;2;105;
19;28;1;2;641;
31;18;1;2;619;
22;21;1;2;51;
32;27;1;2;189;
23;25;1;2;594;
25;35;1;2;150;
33;18;1;2;547;
19;24;1;2;285;
19;23;1;2;700;
25;23;1;2;636;
26;26;1;2;171;
18;34;1;2;336;
17;22;1;2;528;
16;17;1;2;651;
18;24;1;2;607;
21;34;1;2;396;
32;21;1;2;706;
23;23;1;2;30;
31;17;1;2;274;
24;16;1;2;306;
33;33;1;2;709;
35;34;1;2;286;
16;33;1;2;532;
25;33;1;2;164;
19;34;1;2;693;
17;34;1;2;25;
31;24;1;2;288;
24;23;1;2;431;
32;35;1;2;409;
26;16;1;2;593;
26;33;1;2;658;
33;17;1;2;288;
1;1;20;1247
2;1;20;420
3;1;12;1120
4;1;13;70
5;1;3;1023
6;1;5;747
7;1;20;355
8;1;17;524
9;1;3;1026
10;1;15;28
11;1;14;97
12;1;18;867
13;1;13;1078
*** EOF ***