**** 10 ****
50
35;34;1;2;529;
34;16;1;2;548;
29;34;1;2;55;
24;31;1;2;625;
23;32;1;2;550;
18;25;1;2;325;
35;34;1;2;503;
18;16;1;2;332;
29;30;1;2;130;
17;27;1;2;83;
15;23;1;2;399;
17;19;1;2;460;
32;25;1;2;246;
20;16;1;2;297;
27;35;1;2;523;
18;34;1;2;200;
19;34;1;2;130;
18;32;1;2;523;
35;15;1;2;208;
14;23;1;2;341;
20;34;1;2;198;
32;33;1;2;448;
23;32;1;2;574;
33;17;1;2;168;
21;35;1;2;620;
35;22;1;2;383;
23;29;1;2;432;
17;32;1;2;175;
30;23;1;2;603;
21;30;1;2;416;
23;35;1;2;38;
27;19;1;2;36;
18;23;1;2;513;
21;32;1;2;651;
30;27;1;2;246;
19;33;1;2;89;
29;32;1;2;435;
24;21;1;2;420;
24;33;1;2;517;
19;28;1;2;317;
18;26;1;2;649;
27;16;1;2;504;
31;26;1;2;180;
17;35;1;2;44;
16;26;1;2;575;
24;35;1;2;333;
17;34;1;2;453;
23;34;1;2;334;
21;15;1;2;217;
31;21;1;2;621;
1;1;9;435
2;1;3;874
3;1;6;204
4;1;13;1287
5;1;17;246
6;1;14;639
7;1;12;153
8;1;5;331
9;1;8;616
10;1;7;979
11;1;17;342
12;1;18;901
13;1;3;1085
*** EOF ***