**** 18 ****
50
15;29;1;2;392;
29;26;1;2;637;
17;34;1;2;303;
21;32;1;2;505;
29;31;1;2;45;
12;21;1;2;497;
29;10;1;2;620;
26;21;1;2;490;
28;13;1;2;507;
33;8;1;2;448;
30;30;1;2;517;
34;32;1;2;272;
14;9;1;2;499;
27;11;1;2;185;
33;32;1;2;341;
22;10;1;2;53;
29;11;1;2;222;
24;8;1;2;587;
25;12;1;2;455;
18;35;1;2;277;
33;31;1;2;415;
12;22;1;2;109;
12;14;1;2;527;
13;16;1;2;645;
29;19;1;2;120;
25;28;1;2;605;
16;23;1;2;57;
19;12;1;2;259;
10;35;1;2;198;
32;21;1;2;21;
9;17;1;2;533;
22;8;1;2;27;
19;31;1;2;512;
21;9;1;2;593;
24;16;1;2;181;
28;17;1;2;122;
29;11;1;2;20;
27;17;1;2;342;
34;35;1;2;130;
32;12;1;2;433;
24;27;1;2;256;
24;32;1;2;297;
13;30;1;2;451;
9;30;1;2;562;
26;15;1;2;44;
28;11;1;2;374;
20;12;1;2;176;
23;21;1;2;295;
19;20;1;2;33;
21;16;1;2;203;
1;1;9;869
2;1;19;542
3;1;17;1197
4;1;17;783
5;1;7;161
6;1;8;529
7;1;19;904
8;1;17;1286
9;1;5;732
10;1;20;306
11;1;3;487
12;1;5;267
13;1;12;122
*** EOF ***