**** 3 ****
50
34;35;1;2;410;
24;24;1;2;126;
32;32;1;2;163;
34;21;1;2;557;
27;27;1;2;422;
29;30;1;2;477;
20;31;1;2;626;
32;30;1;2;198;
31;33;1;2;111;
31;24;1;2;220;
35;25;1;2;411;
30;27;1;2;539;
33;22;1;2;585;
35;28;1;2;570;
21;35;1;2;421;
23;35;1;2;190;
28;28;1;2;429;
30;32;1;2;78;
20;26;1;2;327;
26;22;1;2;27;
20;24;1;2;107;
31;21;1;2;61;
23;28;1;2;280;
22;26;1;2;448;
26;26;1;2;77;
35;31;1;2;7;
22;23;1;2;322;
22;31;1;2;172;
21;24;1;2;16;
35;20;1;2;306;
34;34;1;2;43;
29;24;1;2;262;
21;33;1;2;193;
25;35;1;2;534;
27;30;1;2;547;
23;25;1;2;292;
22;20;1;2;176;
22;29;1;2;572;
24;27;1;2;194;
31;35;1;2;208;
32;35;1;2;696;
21;31;1;2;387;
20;27;1;2;541;
24;29;1;2;532;
25;34;1;2;634;
21;20;1;2;255;
30;23;1;2;435;
23;33;1;2;681;
26;28;1;2;159;
26;29;1;2;501;
1;1;8;1441
2;1;14;867
3;1;4;1139
4;1;9;1298
5;1;10;259
6;1;18;373
7;1;1;893
8;1;20;772
9;1;1;1383
10;1;6;928
11;1;13;1202
12;1;1;1006
13;1;19;556
*** EOF ***