**** 0 ****
50
17;29;1;2;122;
29;13;1;2;115;
31;24;1;2;300;
22;34;1;2;21;
34;19;1;2;72;
24;21;1;2;643;
31;18;1;2;519;
23;18;1;2;386;
28;17;1;2;375;
31;33;1;2;304;
33;12;1;2;422;
26;18;1;2;211;
35;31;1;2;243;
13;22;1;2;92;
30;32;1;2;536;
24;12;1;2;115;
24;19;1;2;271;
14;32;1;2;492;
25;23;1;2;27;
20;18;1;2;39;
26;28;1;2;82;
25;23;1;2;73;
29;23;1;2;527;
24;26;1;2;589;
29;23;1;2;571;
16;25;1;2;572;
25;23;1;2;375;
35;33;1;2;376;
19;16;1;2;57;
15;22;1;2;480;
25;23;1;2;421;
16;16;1;2;2;
30;26;1;2;365;
30;23;1;2;123;
34;23;1;2;642;
23;14;1;2;636;
24;31;1;2;340;
22;32;1;2;45;
26;25;1;2;613;
14;22;1;2;684;
34;26;1;2;5;
25;17;1;2;176;
17;30;1;2;154;
15;16;1;2;521;
23;20;1;2;516;
22;35;1;2;561;
32;35;1;2;179;
21;35;1;2;449;
34;27;1;2;659;
29;21;1;2;401;
1;1;20;1215
2;1;18;932
3;1;19;1238
4;1;6;1051
5;1;5;262
6;1;20;309
7;1;11;189
8;1;5;865
9;1;7;1272
10;1;14;1121
11;1;15;120
12;1;10;1034
13;1;4;1147
*** EOF ***