**** 1 ****
50
32;27;1;2;433;
22;25;1;2;122;
10;27;1;2;169;
14;24;1;2;575;
31;23;1;2;141;
30;35;1;2;323;
21;27;1;2;94;
33;33;1;2;320;
34;21;1;2;135;
22;10;1;2;27;
31;27;1;2;499;
15;28;1;2;510;
26;27;1;2;516;
30;24;1;2;302;
14;25;1;2;425;
16;11;1;2;464;
30;15;1;2;169;
17;23;1;2;69;
23;28;1;2;204;
19;27;1;2;94;
13;24;1;2;392;
29;25;1;2;443;
24;34;1;2;161;
30;21;1;2;262;
17;13;1;2;33;
16;24;1;2;583;
21;16;1;2;101;
10;31;1;2;403;
23;20;1;2;492;
18;19;1;2;351;
24;34;1;2;2;
27;33;1;2;448;
17;29;1;2;239;
24;29;1;2;617;
13;10;1;2;90;
23;13;1;2;12;
29;22;1;2;601;
16;12;1;2;486;
33;14;1;2;451;
14;30;1;2;81;
20;14;1;2;67;
32;35;1;2;355;
13;29;1;2;18;
25;18;1;2;175;
26;31;1;2;493;
13;35;1;2;17;
29;27;1;2;124;
25;34;1;2;211;
20;33;1;2;563;
21;27;1;2;410;
1;1;15;1126
2;1;4;1220
3;1;12;1042
4;1;6;1240
5;1;5;40
6;1;9;653
7;1;17;538
8;1;19;119
9;1;4;464
10;1;10;709
11;1;19;518
12;1;3;635
13;1;6;25
*** EOF ***