**** 11 ****
50
29;13;1;2;548;
33;11;1;2;517;
32;11;1;2;405;
18;31;1;2;74;
20;14;1;2;551;
32;22;1;2;241;
14;18;1;2;634;
32;20;1;2;252;
30;33;1;2;315;
33;26;1;2;543;
14;12;1;2;107;
27;28;1;2;399;
22;10;1;2;290;
21;33;1;2;550;
12;26;1;2;120;
32;30;1;2;449;
30;35;1;2;49;
14;26;1;2;348;
20;17;1;2;80;
15;10;1;2;296;
35;20;1;2;245;
24;15;1;2;34;
31;17;1;2;617;
26;29;1;2;302;
10;24;1;2;10;
30;31;1;2;244;
30;30;1;2;659;
33;26;1;2;301;
22;20;1;2;655;
19;11;1;2;540;
25;10;1;2;689;
29;22;1;2;562;
27;34;1;2;655;
35;29;1;2;468;
27;21;1;2;538;
23;24;1;2;411;
33;14;1;2;364;
10;10;1;2;199;
29;26;1;2;530;
14;14;1;2;680;
10;19;1;2;548;
29;29;1;2;472;
25;32;1;2;675;
15;22;1;2;277;
23;12;1;2;54;
10;29;1;2;12;
24;28;1;2;334;
34;28;1;2;492;
23;16;1;2;475;
19;24;1;2;2;
1;1;11;120
2;1;20;1106
3;1;17;103
4;1;2;337
5;1;10;144
6;1;16;614
7;1;18;425
8;1;12;24
9;1;14;894
10;1;20;168
11;1;15;799
12;1;16;1080
13;1;4;1265
*** EOF ***