**** 13 ****
50
5;3;1;2;51;
21;4;1;2;456;
20;11;1;2;404;
32;8;1;2;412;
11;20;1;2;36;
3;3;1;2;237;
18;28;1;2;404;
19;18;1;2;154;
16;19;1;2;156;
5;21;1;2;365;
27;5;1;2;161;
18;29;1;2;80;
21;14;1;2;84;
20;23;1;2;121;
18;8;1;2;273;
17;10;1;2;150;
30;4;1;2;201;
28;23;1;2;503;
27;9;1;2;163;
10;30;1;2;49;
11;25;1;2;434;
5;13;1;2;169;
17;17;1;2;68;
12;33;1;2;131;
25;5;1;2;203;
17;34;1;2;195;
31;19;1;2;213;
2;6;1;2;499;
23;6;1;2;495;
34;22;1;2;504;
13;33;1;2;30;
9;30;1;2;400;
12;27;1;2;125;
8;15;1;2;264;
16;8;1;2;164;
34;8;1;2;163;
25;12;1;2;319;
21;18;1;2;213;
9;17;1;2;305;
30;18;1;2;216;
32;9;1;2;341;
23;3;1;2;317;
23;14;1;2;23;
7;15;1;2;178;
10;25;1;2;3;
5;12;1;2;362;
11;13;1;2;131;
7;17;1;2;171;
20;18;1;2;173;
17;24;1;2;140;
1;1;6;108
2;1;15;917
3;1;12;353
4;1;6;22
5;1;7;829
6;1;19;42
7;1;13;254
8;1;19;953
9;1;8;375
10;1;2;605
11;1;3;865
12;1;9;384
13;1;17;870
*** EOF ***