**** 6 ****
50
28;23;1;2;292;
21;35;1;2;457;
33;34;1;2;382;
30;23;1;2;449;
6;23;1;2;309;
8;9;1;2;542;
7;22;1;2;454;
12;17;1;2;268;
15;32;1;2;56;
17;8;1;2;523;
12;15;1;2;317;
14;23;1;2;425;
16;25;1;2;227;
28;26;1;2;105;
24;6;1;2;346;
29;34;1;2;163;
20;24;1;2;86;
26;8;1;2;186;
32;29;1;2;207;
21;28;1;2;189;
14;28;1;2;339;
25;32;1;2;307;
23;15;1;2;435;
31;15;1;2;491;
23;29;1;2;557;
7;19;1;2;381;
22;9;1;2;80;
7;6;1;2;495;
22;25;1;2;368;
6;33;1;2;516;
22;18;1;2;492;
10;17;1;2;82;
18;22;1;2;295;
31;15;1;2;227;
11;14;1;2;425;
17;6;1;2;155;
12;15;1;2;244;
23;11;1;2;462;
30;7;1;2;200;
19;11;1;2;250;
8;35;1;2;411;
25;10;1;2;246;
19;6;1;2;24;
35;27;1;2;84;
35;17;1;2;357;
33;22;1;2;1;
34;9;1;2;562;
34;29;1;2;420;
25;15;1;2;42;
21;15;1;2;33;
1;1;10;213
2;1;10;587
3;1;9;748
4;1;7;886
5;1;16;536
6;1;8;496
7;1;15;468
8;1;14;969
9;1;12;128
10;1;16;718
11;1;7;1143
12;1;16;1110
13;1;16;933
*** EOF ***