**** 15 ****
50
33;33;1;2;828;
35;35;1;2;551;
31;35;1;2;803;
34;34;1;2;691;
30;30;1;2;644;
34;28;1;2;813;
34;33;1;2;427;
28;33;1;2;120;
31;30;1;2;520;
32;34;1;2;41;
29;35;1;2;364;
28;35;1;2;801;
32;28;1;2;51;
35;32;1;2;101;
32;30;1;2;732;
28;28;1;2;378;
34;28;1;2;270;
35;29;1;2;146;
32;28;1;2;401;
35;34;1;2;510;
29;32;1;2;727;
30;29;1;2;488;
31;34;1;2;163;
28;31;1;2;771;
30;35;1;2;674;
35;30;1;2;123;
31;33;1;2;503;
28;32;1;2;703;
33;30;1;2;430;
34;33;1;2;843;
29;31;1;2;23;
29;34;1;2;718;
34;28;1;2;484;
30;34;1;2;641;
29;33;1;2;243;
34;28;1;2;811;
29;33;1;2;454;
28;33;1;2;100;
33;28;1;2;823;
29;28;1;2;420;
32;34;1;2;112;
34;33;1;2;785;
35;28;1;2;235;
31;34;1;2;769;
31;30;1;2;628;
31;31;1;2;760;
29;33;1;2;211;
28;31;1;2;366;
32;33;1;2;414;
33;35;1;2;58;
1;1;19;745
2;1;5;581
3;1;20;1359
4;1;9;1238
5;1;3;110
6;1;5;948
7;1;11;655
8;1;1;124
9;1;3;826
10;1;5;1580
11;1;20;1642
12;1;11;387
13;1;10;1016
*** EOF ***