**** 9 ****
50
33;32;1;2;212;
12;35;1;2;216;
7;9;1;2;147;
28;29;1;2;18;
12;16;1;2;523;
34;33;1;2;1;
25;18;1;2;451;
17;22;1;2;93;
5;33;1;2;224;
19;2;1;2;524;
7;23;1;2;90;
14;34;1;2;236;
16;27;1;2;499;
6;2;1;2;492;
20;31;1;2;431;
7;10;1;2;427;
35;20;1;2;68;
20;6;1;2;361;
30;22;1;2;506;
9;13;1;2;372;
21;8;1;2;289;
12;5;1;2;278;
10;2;1;2;353;
24;23;1;2;454;
27;25;1;2;94;
28;30;1;2;44;
24;33;1;2;82;
27;28;1;2;142;
3;19;1;2;331;
29;2;1;2;84;
14;5;1;2;247;
22;17;1;2;171;
29;31;1;2;343;
16;25;1;2;267;
22;25;1;2;218;
13;17;1;2;81;
6;27;1;2;492;
6;21;1;2;338;
13;18;1;2;244;
35;24;1;2;132;
9;31;1;2;68;
12;18;1;2;405;
10;32;1;2;458;
7;17;1;2;263;
31;30;1;2;493;
31;28;1;2;463;
19;23;1;2;205;
19;22;1;2;249;
25;16;1;2;498;
12;27;1;2;488;
1;1;13;726
2;1;16;414
3;1;1;941
4;1;12;237
5;1;17;283
6;1;2;443
7;1;12;387
8;1;17;853
9;1;16;545
10;1;13;799
11;1;10;40
12;1;3;29
13;1;5;679
*** EOF ***