**** 19 ****
50
33;19;1;2;236;
32;26;1;2;394;
18;34;1;2;25;
31;7;1;2;537;
6;11;1;2;175;
12;28;1;2;231;
27;33;1;2;385;
33;34;1;2;478;
19;31;1;2;302;
13;28;1;2;221;
31;27;1;2;497;
19;20;1;2;67;
33;29;1;2;226;
19;11;1;2;545;
13;24;1;2;340;
12;12;1;2;443;
26;29;1;2;53;
24;7;1;2;287;
7;15;1;2;83;
34;13;1;2;288;
25;11;1;2;388;
34;19;1;2;32;
26;22;1;2;504;
29;20;1;2;362;
7;20;1;2;236;
14;21;1;2;274;
27;29;1;2;528;
9;17;1;2;486;
12;6;1;2;378;
6;29;1;2;424;
17;10;1;2;152;
16;26;1;2;176;
28;29;1;2;460;
17;17;1;2;30;
12;24;1;2;24;
17;20;1;2;343;
23;18;1;2;536;
6;23;1;2;437;
28;26;1;2;423;
20;25;1;2;237;
11;35;1;2;279;
14;15;1;2;164;
17;15;1;2;464;
31;21;1;2;261;
24;19;1;2;236;
17;17;1;2;515;
20;16;1;2;261;
10;35;1;2;276;
27;23;1;2;140;
13;35;1;2;457;
1;1;6;531
2;1;2;247
3;1;2;469
4;1;4;734
5;1;10;1047
6;1;12;837
7;1;12;1065
8;1;15;390
9;1;7;884
10;1;7;335
11;1;18;122
12;1;13;285
13;1;10;346
*** EOF ***