**** 6 ****
50
25;21;1;2;351;
19;29;1;2;519;
21;21;1;2;131;
27;19;1;2;193;
30;35;1;2;386;
33;27;1;2;88;
22;26;1;2;298;
35;22;1;2;516;
26;31;1;2;665;
29;28;1;2;214;
20;18;1;2;312;
28;18;1;2;408;
35;30;1;2;579;
29;21;1;2;52;
29;33;1;2;622;
27;27;1;2;752;
32;23;1;2;341;
30;19;1;2;274;
22;34;1;2;622;
27;31;1;2;559;
27;28;1;2;591;
35;28;1;2;397;
24;31;1;2;630;
32;20;1;2;547;
34;24;1;2;113;
35;25;1;2;19;
28;20;1;2;717;
20;28;1;2;285;
34;25;1;2;344;
31;22;1;2;697;
30;27;1;2;757;
21;20;1;2;598;
20;34;1;2;565;
34;35;1;2;759;
22;27;1;2;95;
29;31;1;2;3;
27;22;1;2;25;
25;28;1;2;528;
22;22;1;2;401;
30;27;1;2;541;
28;35;1;2;468;
24;32;1;2;449;
18;31;1;2;513;
30;22;1;2;672;
34;21;1;2;295;
19;31;1;2;465;
27;34;1;2;156;
30;19;1;2;64;
29;35;1;2;274;
19;29;1;2;380;
1;1;6;622
2;1;20;1068
3;1;4;1002
4;1;18;136
5;1;8;93
6;1;12;1381
7;1;18;547
8;1;17;664
9;1;10;630
10;1;18;488
11;1;6;856
12;1;14;876
13;1;15;1503
*** EOF ***