**** 7 ****
50
24;18;1;2;254;
29;11;1;2;586;
29;26;1;2;14;
26;27;1;2;351;
13;24;1;2;241;
33;32;1;2;116;
33;26;1;2;624;
13;27;1;2;332;
34;34;1;2;47;
17;23;1;2;238;
28;17;1;2;63;
21;35;1;2;418;
34;18;1;2;36;
17;10;1;2;384;
26;15;1;2;2;
30;26;1;2;416;
13;19;1;2;406;
18;18;1;2;214;
24;18;1;2;169;
10;10;1;2;321;
18;12;1;2;235;
16;33;1;2;587;
19;11;1;2;606;
35;21;1;2;324;
17;18;1;2;139;
28;11;1;2;479;
15;35;1;2;74;
17;19;1;2;131;
20;11;1;2;244;
15;32;1;2;629;
34;32;1;2;33;
17;14;1;2;80;
22;23;1;2;215;
31;30;1;2;143;
21;21;1;2;313;
30;32;1;2;455;
21;11;1;2;495;
10;19;1;2;80;
20;34;1;2;76;
17;34;1;2;224;
33;32;1;2;290;
32;22;1;2;140;
31;23;1;2;79;
20;22;1;2;296;
26;11;1;2;77;
35;14;1;2;470;
12;14;1;2;336;
18;26;1;2;417;
31;20;1;2;27;
13;18;1;2;145;
1;1;1;293
2;1;10;943
3;1;1;629
4;1;16;359
5;1;16;155
6;1;20;603
7;1;9;176
8;1;15;400
9;1;5;1157
10;1;14;916
11;1;3;877
12;1;6;735
13;1;8;1054
*** EOF ***