**** 0 ****
50
16;33;1;2;206;
20;18;1;2;495;
5;6;1;2;133;
22;15;1;2;508;
18;35;1;2;326;
13;33;1;2;463;
4;23;1;2;304;
26;28;1;2;314;
8;14;1;2;18;
9;23;1;2;336;
16;10;1;2;214;
22;4;1;2;471;
4;16;1;2;158;
32;29;1;2;406;
19;33;1;2;445;
20;8;1;2;471;
24;9;1;2;401;
8;26;1;2;390;
32;8;1;2;440;
31;32;1;2;193;
12;22;1;2;460;
18;34;1;2;156;
26;4;1;2;450;
27;10;1;2;183;
23;28;1;2;282;
33;7;1;2;341;
22;4;1;2;71;
26;28;1;2;333;
30;30;1;2;264;
25;34;1;2;137;
29;28;1;2;493;
6;30;1;2;48;
24;13;1;2;75;
15;22;1;2;284;
12;18;1;2;358;
20;6;1;2;300;
4;9;1;2;328;
16;4;1;2;341;
12;19;1;2;39;
19;17;1;2;292;
29;6;1;2;326;
16;14;1;2;366;
11;13;1;2;78;
8;19;1;2;428;
10;29;1;2;91;
16;4;1;2;448;
19;26;1;2;208;
22;33;1;2;223;
15;18;1;2;503;
13;8;1;2;469;
1;1;5;437
2;1;3;273
3;1;4;684
4;1;12;347
5;1;19;446
6;1;7;88
7;1;19;570
8;1;16;946
9;1;3;815
10;1;16;741
11;1;13;891
12;1;4;1010
13;1;2;255
*** EOF ***