**** 2 ****
50
26;25;1;2;362;
23;19;1;2;71;
13;6;1;2;124;
19;9;1;2;21;
8;24;1;2;102;
11;9;1;2;13;
10;24;1;2;271;
10;16;1;2;407;
30;24;1;2;240;
8;6;1;2;163;
29;31;1;2;3;
34;27;1;2;117;
31;18;1;2;199;
7;20;1;2;322;
13;14;1;2;320;
14;27;1;2;64;
11;20;1;2;185;
14;25;1;2;363;
14;11;1;2;256;
10;11;1;2;437;
6;13;1;2;79;
29;35;1;2;53;
19;17;1;2;441;
7;20;1;2;229;
6;16;1;2;49;
32;7;1;2;255;
15;27;1;2;75;
9;8;1;2;29;
29;13;1;2;205;
30;33;1;2;154;
6;23;1;2;148;
12;21;1;2;62;
8;23;1;2;44;
7;26;1;2;483;
25;29;1;2;34;
15;20;1;2;354;
17;28;1;2;84;
9;9;1;2;342;
16;19;1;2;83;
23;17;1;2;382;
26;21;1;2;338;
31;7;1;2;328;
10;30;1;2;234;
20;31;1;2;164;
32;26;1;2;412;
28;8;1;2;320;
7;18;1;2;81;
7;25;1;2;48;
32;11;1;2;265;
11;35;1;2;201;
1;1;2;129
2;1;5;385
3;1;1;801
4;1;6;967
5;1;8;708
6;1;20;393
7;1;7;497
8;1;14;356
9;1;8;320
10;1;12;222
11;1;14;864
12;1;17;527
13;1;10;600
*** EOF ***