**** 4 ****
50
34;35;1;2;763;
33;32;1;2;512;
35;34;1;2;82;
32;33;1;2;616;
35;33;1;2;2;
34;33;1;2;482;
35;32;1;2;36;
33;34;1;2;143;
32;32;1;2;94;
33;33;1;2;68;
34;33;1;2;371;
33;33;1;2;765;
32;33;1;2;203;
32;34;1;2;871;
32;35;1;2;809;
32;33;1;2;406;
33;35;1;2;859;
35;34;1;2;497;
33;34;1;2;47;
33;35;1;2;861;
32;33;1;2;516;
34;33;1;2;66;
34;32;1;2;450;
34;34;1;2;120;
34;33;1;2;721;
34;33;1;2;770;
33;32;1;2;352;
34;35;1;2;164;
34;35;1;2;240;
32;35;1;2;5;
33;32;1;2;80;
33;32;1;2;262;
32;32;1;2;301;
33;35;1;2;7;
32;35;1;2;391;
35;33;1;2;197;
32;35;1;2;504;
34;34;1;2;902;
33;35;1;2;324;
34;32;1;2;460;
33;35;1;2;66;
35;32;1;2;844;
35;32;1;2;653;
34;35;1;2;713;
33;34;1;2;220;
32;35;1;2;170;
33;33;1;2;679;
34;34;1;2;873;
33;35;1;2;634;
33;34;1;2;170;
1;1;4;1746
2;1;4;1556
3;1;20;1442
4;1;20;1402
5;1;15;1487
6;1;7;493
7;1;19;396
8;1;17;1166
9;1;19;183
10;1;1;763
11;1;1;734
12;1;1;551
13;1;12;362
*** EOF ***