**** 18 ****
50
15;23;1;2;524;
14;22;1;2;64;
28;28;1;2;94;
22;20;1;2;423;
33;35;1;2;604;
35;32;1;2;143;
35;16;1;2;162;
21;19;1;2;68;
34;30;1;2;70;
20;24;1;2;369;
26;26;1;2;289;
29;31;1;2;634;
21;28;1;2;676;
24;35;1;2;91;
18;33;1;2;14;
33;17;1;2;36;
23;19;1;2;645;
23;32;1;2;129;
16;16;1;2;74;
24;28;1;2;611;
30;14;1;2;175;
31;25;1;2;329;
20;32;1;2;666;
14;34;1;2;158;
26;26;1;2;74;
28;21;1;2;594;
24;25;1;2;590;
28;35;1;2;418;
18;29;1;2;6;
32;14;1;2;366;
35;32;1;2;311;
34;15;1;2;534;
25;29;1;2;372;
20;19;1;2;472;
27;31;1;2;165;
27;15;1;2;142;
24;22;1;2;520;
15;25;1;2;263;
31;21;1;2;356;
33;32;1;2;208;
19;26;1;2;14;
35;14;1;2;157;
28;28;1;2;623;
19;31;1;2;15;
35;31;1;2;194;
19;17;1;2;621;
32;21;1;2;366;
18;25;1;2;596;
23;20;1;2;349;
33;25;1;2;659;
1;1;14;177
2;1;13;199
3;1;13;1164
4;1;11;248
5;1;17;835
6;1;11;1249
7;1;2;335
8;1;9;815
9;1;11;345
10;1;12;577
11;1;17;23
12;1;4;1206
13;1;10;313
*** EOF ***