**** 17 ****
50
8;26;1;2;326;
20;28;1;2;75;
14;6;1;2;443;
28;10;1;2;85;
4;3;1;2;202;
11;33;1;2;287;
34;8;1;2;107;
31;9;1;2;2;
15;13;1;2;318;
3;34;1;2;36;
2;10;1;2;471;
35;2;1;2;447;
29;10;1;2;180;
34;16;1;2;387;
15;11;1;2;385;
11;25;1;2;191;
10;18;1;2;14;
19;9;1;2;485;
16;30;1;2;211;
18;24;1;2;190;
18;20;1;2;387;
6;6;1;2;235;
18;6;1;2;56;
28;22;1;2;122;
24;24;1;2;29;
10;17;1;2;209;
32;23;1;2;416;
7;22;1;2;314;
17;19;1;2;132;
10;32;1;2;217;
23;18;1;2;293;
3;27;1;2;11;
13;33;1;2;277;
10;28;1;2;400;
5;22;1;2;438;
18;23;1;2;321;
13;20;1;2;71;
17;31;1;2;74;
5;14;1;2;50;
35;25;1;2;480;
21;29;1;2;343;
29;7;1;2;487;
6;10;1;2;134;
26;3;1;2;428;
4;3;1;2;1;
15;23;1;2;433;
18;34;1;2;188;
21;25;1;2;23;
21;8;1;2;360;
32;7;1;2;329;
1;1;15;826
2;1;1;116
3;1;19;925
4;1;16;572
5;1;7;165
6;1;13;375
7;1;19;495
8;1;8;667
9;1;6;127
10;1;9;985
11;1;4;739
12;1;8;390
13;1;1;191
*** EOF ***