**** 8 ****
50
27;33;1;2;544;
28;32;1;2;207;
29;29;1;2;26;
31;33;1;2;288;
26;27;1;2;693;
30;26;1;2;220;
34;33;1;2;700;
32;26;1;2;676;
28;34;1;2;501;
28;32;1;2;713;
33;31;1;2;569;
28;28;1;2;85;
33;34;1;2;590;
32;35;1;2;822;
28;33;1;2;761;
34;31;1;2;178;
27;26;1;2;473;
35;32;1;2;179;
30;34;1;2;541;
35;34;1;2;153;
28;35;1;2;608;
28;34;1;2;71;
28;34;1;2;502;
35;28;1;2;360;
35;28;1;2;91;
29;31;1;2;359;
33;26;1;2;474;
28;27;1;2;491;
34;33;1;2;570;
26;29;1;2;742;
31;27;1;2;268;
26;28;1;2;483;
27;28;1;2;688;
35;35;1;2;775;
31;30;1;2;797;
28;31;1;2;448;
27;34;1;2;669;
34;33;1;2;535;
32;28;1;2;601;
28;32;1;2;647;
34;26;1;2;345;
34;33;1;2;501;
30;31;1;2;53;
33;33;1;2;188;
27;29;1;2;448;
31;26;1;2;126;
26;28;1;2;745;
27;28;1;2;711;
26;32;1;2;217;
31;30;1;2;751;
1;1;12;1632
2;1;4;1037
3;1;12;435
4;1;11;660
5;1;20;1210
6;1;9;1059
7;1;6;830
8;1;2;1347
9;1;19;936
10;1;20;1279
11;1;1;1448
12;1;19;358
13;1;8;1557
*** EOF ***