**** 14 ****
50
23;33;1;2;296;
28;27;1;2;414;
32;29;1;2;609;
23;35;1;2;489;
20;24;1;2;59;
30;35;1;2;639;
23;21;1;2;578;
34;32;1;2;280;
31;29;1;2;16;
30;21;1;2;309;
25;29;1;2;540;
23;27;1;2;239;
22;23;1;2;284;
30;35;1;2;132;
28;24;1;2;416;
24;34;1;2;321;
22;23;1;2;570;
27;24;1;2;94;
30;35;1;2;93;
28;21;1;2;84;
22;28;1;2;452;
30;25;1;2;54;
23;20;1;2;582;
20;29;1;2;619;
24;31;1;2;189;
34;26;1;2;580;
26;29;1;2;427;
22;32;1;2;328;
28;35;1;2;494;
20;21;1;2;521;
21;28;1;2;509;
23;20;1;2;152;
24;28;1;2;661;
31;34;1;2;457;
29;24;1;2;142;
27;33;1;2;239;
20;23;1;2;130;
24;28;1;2;203;
22;26;1;2;199;
24;28;1;2;316;
24;30;1;2;645;
23;21;1;2;117;
29;23;1;2;496;
28;33;1;2;658;
27;35;1;2;517;
31;20;1;2;414;
35;28;1;2;387;
28;20;1;2;81;
31;23;1;2;92;
22;21;1;2;203;
1;1;20;821
2;1;6;166
3;1;14;1077
4;1;13;937
5;1;5;1145
6;1;8;988
7;1;5;376
8;1;14;973
9;1;4;1355
10;1;18;93
11;1;4;202
12;1;16;588
13;1;1;483
*** EOF ***