**** 15 ****
50
32;34;1;2;334;
33;35;1;2;14;
33;32;1;2;131;
33;33;1;2;921;
33;34;1;2;654;
32;32;1;2;506;
35;32;1;2;330;
33;35;1;2;42;
34;35;1;2;235;
33;32;1;2;658;
34;34;1;2;678;
35;32;1;2;23;
35;34;1;2;421;
35;33;1;2;714;
34;33;1;2;210;
33;35;1;2;834;
35;32;1;2;651;
35;35;1;2;264;
35;35;1;2;348;
35;34;1;2;529;
35;34;1;2;430;
34;33;1;2;110;
34;34;1;2;710;
35;35;1;2;140;
35;35;1;2;152;
34;35;1;2;582;
34;33;1;2;398;
34;32;1;2;37;
35;32;1;2;417;
35;34;1;2;89;
33;32;1;2;105;
33;35;1;2;386;
33;35;1;2;379;
32;35;1;2;379;
33;35;1;2;4;
35;34;1;2;111;
33;32;1;2;757;
35;35;1;2;430;
34;33;1;2;164;
32;33;1;2;489;
35;32;1;2;240;
34;32;1;2;442;
35;33;1;2;913;
33;34;1;2;223;
35;32;1;2;887;
33;33;1;2;883;
35;33;1;2;122;
34;35;1;2;62;
32;34;1;2;381;
35;34;1;2;739;
1;1;13;65
2;1;18;145
3;1;5;1497
4;1;9;22
5;1;2;1752
6;1;18;340
7;1;14;491
8;1;14;645
9;1;11;1720
10;1;14;592
11;1;11;1130
12;1;16;237
13;1;15;1182
*** EOF ***