**** 5 ****
50
31;33;1;2;413;
29;32;1;2;120;
33;34;1;2;571;
30;30;1;2;226;
33;29;1;2;398;
35;31;1;2;263;
28;32;1;2;833;
30;29;1;2;411;
30;31;1;2;45;
28;31;1;2;472;
31;32;1;2;278;
33;35;1;2;815;
29;29;1;2;433;
31;30;1;2;448;
32;29;1;2;210;
30;29;1;2;665;
28;32;1;2;728;
29;34;1;2;179;
35;34;1;2;590;
29;28;1;2;200;
35;31;1;2;518;
28;29;1;2;458;
30;35;1;2;52;
29;32;1;2;322;
29;33;1;2;188;
31;33;1;2;824;
35;32;1;2;740;
31;29;1;2;384;
31;28;1;2;49;
30;28;1;2;678;
33;31;1;2;543;
29;31;1;2;346;
30;29;1;2;516;
31;32;1;2;819;
28;28;1;2;38;
33;31;1;2;133;
30;31;1;2;296;
35;29;1;2;173;
35;32;1;2;774;
32;34;1;2;641;
31;28;1;2;368;
34;35;1;2;268;
30;33;1;2;567;
28;33;1;2;298;
30;33;1;2;108;
30;30;1;2;813;
31;33;1;2;640;
30;35;1;2;679;
34;32;1;2;845;
33;33;1;2;197;
1;1;18;747
2;1;12;984
3;1;20;137
4;1;2;859
5;1;13;478
6;1;16;1346
7;1;17;411
8;1;10;189
9;1;15;1506
10;1;6;165
11;1;20;429
12;1;4;1340
13;1;10;360
*** EOF ***