**** 7 ****
50
31;24;1;2;186;
32;24;1;2;639;
32;23;1;2;645;
31;20;1;2;252;
26;20;1;2;71;
20;18;1;2;247;
21;32;1;2;423;
24;31;1;2;430;
29;25;1;2;547;
25;35;1;2;429;
32;25;1;2;219;
18;32;1;2;350;
22;33;1;2;595;
19;18;1;2;647;
30;35;1;2;403;
18;19;1;2;624;
22;21;1;2;90;
23;24;1;2;197;
31;19;1;2;534;
29;20;1;2;569;
32;25;1;2;701;
35;19;1;2;637;
21;29;1;2;571;
34;26;1;2;66;
31;18;1;2;106;
27;33;1;2;196;
22;27;1;2;3;
26;31;1;2;55;
20;19;1;2;349;
20;30;1;2;317;
18;27;1;2;678;
28;32;1;2;295;
18;24;1;2;88;
35;28;1;2;110;
21;26;1;2;1;
33;35;1;2;325;
18;18;1;2;366;
24;33;1;2;195;
31;30;1;2;204;
22;32;1;2;518;
19;24;1;2;274;
26;30;1;2;84;
32;24;1;2;332;
26;21;1;2;389;
26;30;1;2;676;
22;26;1;2;282;
30;18;1;2;34;
22;34;1;2;198;
29;20;1;2;3;
34;35;1;2;411;
1;1;4;543
2;1;9;411
3;1;16;1154
4;1;2;928
5;1;10;1198
6;1;14;828
7;1;1;1025
8;1;5;1016
9;1;13;1097
10;1;11;321
11;1;1;1391
12;1;12;275
13;1;13;1231
*** EOF ***