**** 1 ****
50
19;23;1;2;434;
24;25;1;2;2;
23;19;1;2;676;
19;25;1;2;58;
23;22;1;2;153;
26;16;1;2;171;
32;20;1;2;419;
25;18;1;2;447;
23;18;1;2;498;
20;18;1;2;176;
29;25;1;2;663;
20;30;1;2;138;
16;17;1;2;700;
26;16;1;2;130;
35;19;1;2;35;
26;20;1;2;509;
29;17;1;2;120;
31;25;1;2;220;
30;20;1;2;46;
29;33;1;2;143;
22;24;1;2;150;
23;20;1;2;642;
26;35;1;2;147;
35;29;1;2;661;
23;35;1;2;436;
27;16;1;2;181;
29;34;1;2;202;
26;35;1;2;62;
32;24;1;2;357;
28;23;1;2;619;
31;35;1;2;189;
23;23;1;2;617;
34;19;1;2;681;
22;22;1;2;36;
28;23;1;2;27;
20;26;1;2;677;
26;32;1;2;735;
20;18;1;2;185;
23;34;1;2;464;
30;17;1;2;76;
35;32;1;2;357;
25;22;1;2;153;
27;27;1;2;571;
26;31;1;2;241;
25;17;1;2;38;
35;24;1;2;153;
30;24;1;2;314;
33;29;1;2;233;
28;23;1;2;455;
18;20;1;2;192;
1;1;19;711
2;1;16;1002
3;1;7;1121
4;1;14;282
5;1;10;1373
6;1;5;1105
7;1;8;967
8;1;17;693
9;1;3;928
10;1;13;577
11;1;6;529
12;1;18;381
13;1;20;56
*** EOF ***