**** 2 ****
50
18;35;1;2;49;
16;33;1;2;378;
23;10;1;2;327;
13;23;1;2;18;
31;11;1;2;265;
26;24;1;2;149;
32;16;1;2;31;
22;11;1;2;12;
34;15;1;2;277;
33;18;1;2;404;
20;16;1;2;549;
20;29;1;2;427;
35;18;1;2;168;
10;16;1;2;25;
33;18;1;2;534;
21;31;1;2;55;
35;14;1;2;137;
16;11;1;2;144;
18;23;1;2;425;
14;34;1;2;440;
34;34;1;2;547;
32;30;1;2;145;
32;26;1;2;298;
10;29;1;2;513;
14;14;1;2;226;
17;11;1;2;555;
33;19;1;2;233;
10;23;1;2;440;
28;14;1;2;500;
35;35;1;2;449;
26;27;1;2;112;
16;19;1;2;585;
32;18;1;2;216;
24;26;1;2;419;
13;31;1;2;601;
16;13;1;2;209;
19;33;1;2;129;
28;21;1;2;450;
28;30;1;2;464;
11;26;1;2;161;
17;32;1;2;404;
19;11;1;2;485;
29;22;1;2;247;
21;31;1;2;418;
14;16;1;2;180;
19;22;1;2;322;
21;15;1;2;154;
21;19;1;2;253;
14;34;1;2;340;
15;22;1;2;500;
1;1;17;760
2;1;10;139
3;1;9;27
4;1;4;497
5;1;8;588
6;1;18;943
7;1;13;1060
8;1;10;81
9;1;3;417
10;1;7;237
11;1;14;399
12;1;10;698
13;1;7;543
*** EOF ***