**** 14 ****
50
27;13;1;2;455;
30;13;1;2;17;
23;18;1;2;534;
15;18;1;2;147;
30;21;1;2;190;
23;12;1;2;299;
19;21;1;2;573;
20;32;1;2;422;
29;20;1;2;431;
17;25;1;2;591;
28;19;1;2;608;
32;19;1;2;507;
35;15;1;2;611;
35;16;1;2;265;
18;24;1;2;449;
31;35;1;2;124;
20;33;1;2;588;
25;32;1;2;378;
16;19;1;2;359;
12;34;1;2;173;
12;26;1;2;74;
17;27;1;2;202;
30;23;1;2;549;
20;23;1;2;505;
23;20;1;2;117;
30;26;1;2;473;
33;15;1;2;91;
19;15;1;2;72;
24;21;1;2;415;
35;18;1;2;522;
29;31;1;2;567;
13;31;1;2;197;
30;18;1;2;277;
16;19;1;2;255;
17;25;1;2;558;
22;31;1;2;10;
12;22;1;2;506;
34;31;1;2;152;
24;35;1;2;12;
14;15;1;2;90;
13;12;1;2;291;
31;18;1;2;227;
20;18;1;2;327;
35;12;1;2;104;
16;28;1;2;420;
33;29;1;2;55;
16;16;1;2;179;
24;13;1;2;246;
17;24;1;2;80;
12;24;1;2;134;
1;1;17;594
2;1;5;640
3;1;7;723
4;1;5;770
5;1;15;909
6;1;2;204
7;1;8;260
8;1;3;1114
9;1;16;1220
10;1;2;1138
11;1;3;1191
12;1;16;453
13;1;1;1213
*** EOF ***