**** 18 ****
50
15;34;1;2;244;
24;13;1;2;134;
35;25;1;2;74;
23;19;1;2;435;
25;10;1;2;386;
34;21;1;2;67;
35;23;1;2;225;
25;32;1;2;398;
16;18;1;2;366;
18;22;1;2;541;
24;24;1;2;288;
30;28;1;2;500;
29;32;1;2;429;
12;23;1;2;511;
30;34;1;2;511;
22;28;1;2;283;
25;13;1;2;156;
35;33;1;2;356;
26;21;1;2;602;
27;12;1;2;347;
11;34;1;2;140;
12;12;1;2;281;
11;26;1;2;60;
24;21;1;2;548;
14;30;1;2;28;
23;12;1;2;215;
30;32;1;2;66;
12;27;1;2;566;
21;27;1;2;540;
34;32;1;2;86;
17;16;1;2;407;
17;21;1;2;53;
33;29;1;2;609;
14;29;1;2;316;
18;14;1;2;306;
20;21;1;2;320;
10;11;1;2;478;
24;35;1;2;198;
31;24;1;2;128;
11;28;1;2;376;
26;26;1;2;579;
32;25;1;2;477;
33;27;1;2;199;
25;14;1;2;548;
13;25;1;2;343;
26;17;1;2;289;
10;14;1;2;426;
15;22;1;2;398;
27;23;1;2;602;
11;35;1;2;516;
1;1;6;264
2;1;8;362
3;1;20;710
4;1;10;525
5;1;12;68
6;1;3;501
7;1;5;941
8;1;1;426
9;1;2;587
10;1;11;120
11;1;10;380
12;1;5;251
13;1;11;1123
*** EOF ***