**** 4 ****
50
26;27;1;2;543;
35;29;1;2;511;
34;33;1;2;595;
34;26;1;2;117;
34;32;1;2;94;
28;33;1;2;40;
34;27;1;2;759;
26;26;1;2;559;
31;26;1;2;461;
34;30;1;2;828;
26;33;1;2;640;
26;35;1;2;483;
31;34;1;2;549;
33;27;1;2;211;
32;32;1;2;367;
33;33;1;2;511;
27;35;1;2;96;
27;34;1;2;792;
34;34;1;2;476;
32;31;1;2;183;
26;29;1;2;510;
34;28;1;2;612;
33;31;1;2;605;
33;33;1;2;297;
33;32;1;2;739;
29;30;1;2;103;
33;32;1;2;421;
30;32;1;2;804;
26;27;1;2;807;
28;32;1;2;87;
31;30;1;2;344;
29;28;1;2;484;
34;33;1;2;378;
34;30;1;2;334;
29;26;1;2;547;
26;34;1;2;374;
30;26;1;2;447;
34;29;1;2;134;
34;27;1;2;398;
26;27;1;2;745;
31;30;1;2;596;
32;30;1;2;69;
31;35;1;2;606;
35;27;1;2;62;
32;32;1;2;510;
33;28;1;2;775;
27;32;1;2;21;
31;33;1;2;668;
29;33;1;2;257;
30;30;1;2;381;
1;1;4;867
2;1;1;949
3;1;20;1188
4;1;13;811
5;1;14;529
6;1;5;1316
7;1;6;1584
8;1;20;583
9;1;7;339
10;1;2;452
11;1;11;964
12;1;15;67
13;1;14;703
*** EOF ***