**** 18 ****
50
35;30;1;2;90;
11;32;1;2;414;
18;6;1;2;265;
31;32;1;2;13;
23;10;1;2;54;
28;28;1;2;116;
22;30;1;2;198;
27;25;1;2;396;
9;9;1;2;522;
18;15;1;2;461;
18;27;1;2;214;
6;18;1;2;318;
35;13;1;2;310;
29;21;1;2;338;
19;8;1;2;377;
12;11;1;2;438;
18;9;1;2;336;
14;18;1;2;454;
25;35;1;2;382;
34;19;1;2;265;
8;28;1;2;539;
16;27;1;2;164;
18;20;1;2;389;
25;12;1;2;541;
17;18;1;2;191;
31;15;1;2;269;
28;12;1;2;147;
35;34;1;2;407;
23;24;1;2;347;
19;22;1;2;352;
23;25;1;2;207;
14;31;1;2;156;
29;12;1;2;509;
11;15;1;2;313;
22;21;1;2;272;
7;20;1;2;23;
13;33;1;2;311;
22;23;1;2;535;
15;30;1;2;557;
24;22;1;2;92;
34;17;1;2;346;
19;33;1;2;148;
16;18;1;2;352;
16;9;1;2;44;
32;22;1;2;548;
8;31;1;2;390;
19;11;1;2;471;
26;34;1;2;21;
17;18;1;2;448;
11;26;1;2;148;
1;1;9;51
2;1;6;318
3;1;1;102
4;1;17;1127
5;1;13;477
6;1;8;176
7;1;16;122
8;1;10;1011
9;1;20;705
10;1;1;795
11;1;16;761
12;1;4;244
13;1;18;1073
*** EOF ***