**** 15 ****
50
29;34;1;2;70;
33;28;1;2;723;
29;30;1;2;635;
33;29;1;2;311;
28;32;1;2;269;
35;35;1;2;711;
29;32;1;2;121;
26;29;1;2;570;
29;30;1;2;505;
30;35;1;2;179;
32;31;1;2;328;
32;34;1;2;543;
32;27;1;2;775;
35;35;1;2;716;
33;30;1;2;65;
33;26;1;2;299;
26;27;1;2;608;
33;30;1;2;720;
29;27;1;2;255;
28;28;1;2;736;
26;33;1;2;544;
32;27;1;2;429;
34;33;1;2;789;
30;31;1;2;179;
35;34;1;2;610;
30;28;1;2;454;
29;32;1;2;496;
27;29;1;2;284;
32;29;1;2;175;
34;29;1;2;624;
29;33;1;2;708;
32;34;1;2;336;
33;33;1;2;467;
33;30;1;2;564;
31;31;1;2;382;
33;34;1;2;694;
29;27;1;2;767;
28;26;1;2;285;
32;32;1;2;442;
33;33;1;2;400;
29;26;1;2;244;
30;28;1;2;775;
27;30;1;2;193;
30;35;1;2;131;
31;31;1;2;664;
31;28;1;2;311;
33;26;1;2;6;
35;27;1;2;637;
30;29;1;2;257;
33;32;1;2;760;
1;1;17;967
2;1;18;1177
3;1;6;168
4;1;7;1669
5;1;3;269
6;1;11;395
7;1;15;1280
8;1;3;1059
9;1;5;1610
10;1;4;138
11;1;16;771
12;1;14;26
13;1;7;753
*** EOF ***