**** 18 ****
50
33;25;1;2;327;
35;35;1;2;143;
26;24;1;2;274;
26;32;1;2;453;
35;27;1;2;470;
26;25;1;2;739;
31;30;1;2;134;
24;30;1;2;526;
26;27;1;2;67;
31;28;1;2;337;
30;31;1;2;405;
33;29;1;2;373;
32;25;1;2;299;
29;25;1;2;599;
32;34;1;2;539;
29;30;1;2;791;
27;32;1;2;399;
29;25;1;2;758;
25;25;1;2;649;
33;25;1;2;572;
26;29;1;2;357;
35;25;1;2;419;
32;25;1;2;777;
34;28;1;2;601;
32;25;1;2;777;
28;24;1;2;692;
27;35;1;2;671;
27;30;1;2;398;
35;28;1;2;288;
29;29;1;2;135;
25;31;1;2;732;
29;31;1;2;698;
29;31;1;2;403;
28;33;1;2;566;
25;28;1;2;657;
25;26;1;2;101;
28;29;1;2;24;
31;27;1;2;192;
30;28;1;2;246;
28;24;1;2;582;
35;33;1;2;112;
31;24;1;2;551;
34;34;1;2;320;
30;26;1;2;76;
35;24;1;2;422;
32;35;1;2;130;
27;24;1;2;60;
29;30;1;2;743;
27;24;1;2;707;
34;27;1;2;186;
1;1;19;820
2;1;5;322
3;1;16;1174
4;1;12;195
5;1;15;73
6;1;17;143
7;1;20;97
8;1;5;1548
9;1;10;275
10;1;10;291
11;1;20;420
12;1;16;1082
13;1;19;344
*** EOF ***