**** 14 ****
50
34;17;1;2;191;
23;14;1;2;122;
22;26;1;2;289;
31;22;1;2;719;
25;15;1;2;541;
28;25;1;2;444;
32;24;1;2;626;
34;29;1;2;399;
30;27;1;2;199;
21;19;1;2;62;
35;29;1;2;502;
21;34;1;2;406;
28;21;1;2;444;
34;26;1;2;327;
35;31;1;2;150;
20;25;1;2;652;
23;18;1;2;339;
21;27;1;2;228;
22;23;1;2;512;
29;21;1;2;645;
32;19;1;2;672;
29;33;1;2;186;
19;17;1;2;631;
33;15;1;2;605;
35;34;1;2;420;
21;16;1;2;278;
34;28;1;2;252;
22;14;1;2;656;
35;34;1;2;629;
14;23;1;2;421;
15;20;1;2;591;
32;25;1;2;142;
18;20;1;2;503;
16;20;1;2;139;
34;19;1;2;705;
34;34;1;2;138;
21;29;1;2;231;
23;32;1;2;11;
27;17;1;2;190;
34;32;1;2;254;
34;31;1;2;165;
35;33;1;2;408;
32;27;1;2;506;
26;18;1;2;179;
31;23;1;2;54;
24;25;1;2;603;
19;24;1;2;142;
24;20;1;2;28;
17;14;1;2;111;
32;25;1;2;226;
1;1;9;1232
2;1;19;29
3;1;3;444
4;1;19;1058
5;1;10;1368
6;1;16;558
7;1;16;606
8;1;11;175
9;1;4;1245
10;1;8;58
11;1;3;1471
12;1;4;541
13;1;17;262
*** EOF ***