**** 11 ****
50
35;34;1;2;707;
32;33;1;2;143;
33;32;1;2;651;
35;32;1;2;527;
33;32;1;2;220;
32;32;1;2;465;
35;33;1;2;372;
34;32;1;2;512;
35;32;1;2;367;
34;34;1;2;373;
34;33;1;2;863;
33;35;1;2;545;
35;35;1;2;370;
33;33;1;2;212;
32;35;1;2;773;
35;34;1;2;95;
34;32;1;2;902;
33;35;1;2;245;
33;35;1;2;312;
33;35;1;2;70;
32;35;1;2;89;
33;32;1;2;254;
33;35;1;2;159;
32;35;1;2;627;
34;35;1;2;411;
35;32;1;2;265;
32;34;1;2;143;
35;34;1;2;776;
35;34;1;2;383;
32;34;1;2;759;
33;34;1;2;75;
32;33;1;2;450;
32;35;1;2;109;
35;34;1;2;83;
34;35;1;2;311;
32;32;1;2;466;
34;35;1;2;906;
33;35;1;2;788;
33;33;1;2;40;
32;32;1;2;877;
32;34;1;2;483;
33;34;1;2;620;
35;35;1;2;796;
33;35;1;2;44;
32;33;1;2;901;
33;32;1;2;47;
32;33;1;2;730;
33;34;1;2;589;
32;35;1;2;161;
32;33;1;2;492;
1;1;12;113
2;1;20;67
3;1;8;1084
4;1;6;315
5;1;8;495
6;1;3;1389
7;1;12;505
8;1;13;1464
9;1;4;727
10;1;18;674
11;1;20;248
12;1;13;744
13;1;18;340
*** EOF ***