**** 1 ****
50
16;28;1;2;339;
29;25;1;2;104;
26;18;1;2;85;
20;23;1;2;537;
24;21;1;2;185;
18;26;1;2;449;
15;18;1;2;355;
14;17;1;2;620;
33;22;1;2;318;
18;22;1;2;329;
28;13;1;2;83;
20;30;1;2;251;
16;14;1;2;109;
13;34;1;2;560;
32;35;1;2;125;
17;13;1;2;369;
27;20;1;2;468;
34;29;1;2;10;
25;30;1;2;576;
12;23;1;2;51;
17;21;1;2;521;
35;29;1;2;509;
30;21;1;2;32;
12;25;1;2;607;
32;14;1;2;448;
28;17;1;2;359;
29;15;1;2;210;
29;12;1;2;38;
22;28;1;2;551;
35;21;1;2;314;
30;15;1;2;68;
35;12;1;2;510;
12;12;1;2;428;
33;27;1;2;469;
35;28;1;2;124;
15;22;1;2;576;
13;17;1;2;487;
21;12;1;2;175;
19;25;1;2;353;
21;33;1;2;154;
18;12;1;2;527;
24;19;1;2;293;
25;16;1;2;407;
28;35;1;2;76;
32;21;1;2;368;
33;13;1;2;18;
13;17;1;2;346;
19;27;1;2;472;
14;15;1;2;218;
24;29;1;2;64;
1;1;7;791
2;1;20;411
3;1;19;1073
4;1;1;455
5;1;19;1261
6;1;6;1282
7;1;4;874
8;1;12;1118
9;1;4;782
10;1;19;897
11;1;5;165
12;1;14;245
13;1;11;1093
*** EOF ***