**** 12 ****
50
28;35;1;2;283;
35;29;1;2;675;
29;35;1;2;191;
31;30;1;2;829;
35;33;1;2;807;
33;30;1;2;447;
34;35;1;2;309;
33;30;1;2;134;
33;29;1;2;546;
32;34;1;2;311;
32;33;1;2;80;
28;31;1;2;411;
35;30;1;2;181;
33;33;1;2;660;
28;29;1;2;139;
35;32;1;2;709;
32;32;1;2;650;
35;34;1;2;669;
29;35;1;2;26;
33;34;1;2;308;
29;33;1;2;189;
32;34;1;2;74;
34;31;1;2;802;
34;32;1;2;32;
35;31;1;2;110;
34;32;1;2;249;
28;35;1;2;670;
28;35;1;2;316;
28;33;1;2;644;
32;35;1;2;421;
29;32;1;2;11;
34;28;1;2;733;
30;35;1;2;215;
28;29;1;2;309;
35;30;1;2;60;
28;30;1;2;683;
35;34;1;2;687;
31;32;1;2;699;
32;33;1;2;352;
34;35;1;2;744;
32;32;1;2;208;
33;32;1;2;714;
35;30;1;2;254;
34;33;1;2;767;
35;29;1;2;207;
29;33;1;2;654;
31;32;1;2;404;
33;32;1;2;345;
29;34;1;2;208;
31;29;1;2;198;
1;1;5;1078
2;1;1;1611
3;1;6;696
4;1;11;909
5;1;6;617
6;1;7;397
7;1;1;1475
8;1;6;566
9;1;4;1407
10;1;5;1620
11;1;16;1542
12;1;2;681
13;1;13;832
*** EOF ***