**** 9 ****
50
29;32;1;2;240;
31;32;1;2;108;
30;30;1;2;576;
28;33;1;2;497;
31;30;1;2;139;
32;35;1;2;292;
30;30;1;2;354;
35;31;1;2;174;
35;33;1;2;847;
31;29;1;2;6;
33;30;1;2;648;
33;31;1;2;98;
35;35;1;2;808;
35;34;1;2;12;
31;28;1;2;284;
33;29;1;2;666;
30;31;1;2;517;
29;28;1;2;397;
33;32;1;2;290;
34;31;1;2;273;
31;34;1;2;121;
29;34;1;2;613;
34;33;1;2;638;
28;29;1;2;807;
33;33;1;2;259;
28;33;1;2;800;
35;33;1;2;709;
34;31;1;2;771;
32;28;1;2;675;
33;33;1;2;157;
35;31;1;2;736;
34;33;1;2;637;
34;29;1;2;529;
34;30;1;2;798;
33;31;1;2;416;
30;29;1;2;369;
28;33;1;2;515;
28;33;1;2;204;
32;32;1;2;799;
31;34;1;2;179;
30;35;1;2;538;
35;31;1;2;42;
28;31;1;2;89;
29;30;1;2;588;
32;30;1;2;854;
32;33;1;2;467;
31;28;1;2;298;
32;33;1;2;565;
32;33;1;2;860;
30;34;1;2;287;
1;1;15;471
2;1;6;569
3;1;20;967
4;1;18;1478
5;1;4;237
6;1;17;890
7;1;6;1208
8;1;2;927
9;1;11;1117
10;1;8;809
11;1;1;6
12;1;19;947
13;1;18;667
*** EOF ***