**** 8 ****
50
17;4;1;2;129;
29;28;1;2;374;
13;24;1;2;306;
30;6;1;2;176;
15;31;1;2;123;
17;32;1;2;382;
34;29;1;2;451;
31;7;1;2;409;
34;27;1;2;152;
30;4;1;2;414;
27;12;1;2;208;
28;32;1;2;528;
15;18;1;2;272;
23;25;1;2;57;
10;25;1;2;526;
19;19;1;2;444;
17;12;1;2;97;
28;5;1;2;199;
10;9;1;2;523;
31;30;1;2;17;
5;20;1;2;131;
29;35;1;2;392;
13;8;1;2;193;
16;12;1;2;45;
11;9;1;2;255;
17;4;1;2;190;
35;4;1;2;482;
16;18;1;2;30;
4;15;1;2;486;
34;33;1;2;443;
34;18;1;2;612;
10;29;1;2;133;
34;18;1;2;248;
32;5;1;2;325;
28;30;1;2;303;
17;24;1;2;393;
25;4;1;2;609;
35;34;1;2;253;
31;12;1;2;560;
32;7;1;2;109;
34;34;1;2;134;
30;19;1;2;299;
12;5;1;2;367;
7;30;1;2;296;
13;4;1;2;374;
5;20;1;2;89;
34;10;1;2;463;
33;18;1;2;353;
31;4;1;2;99;
13;32;1;2;126;
1;1;20;415
2;1;9;51
3;1;11;75
4;1;12;675
5;1;16;967
6;1;11;283
7;1;2;1236
8;1;11;313
9;1;15;522
10;1;10;552
11;1;4;18
12;1;18;693
13;1;19;1283
*** EOF ***