**** 15 ****
50
20;7;1;2;120;
15;12;1;2;87;
19;20;1;2;355;
17;2;1;2;170;
1;11;1;2;396;
6;10;1;2;18;
19;16;1;2;215;
2;10;1;2;288;
8;4;1;2;65;
7;4;1;2;267;
5;18;1;2;3;
20;6;1;2;88;
10;13;1;2;298;
2;18;1;2;38;
13;13;1;2;240;
20;11;1;2;386;
12;18;1;2;62;
5;15;1;2;179;
11;13;1;2;201;
2;9;1;2;207;
20;7;1;2;24;
6;19;1;2;62;
20;15;1;2;255;
6;13;1;2;230;
7;2;1;2;115;
11;2;1;2;116;
8;7;1;2;308;
11;7;1;2;268;
10;15;1;2;303;
7;3;1;2;149;
5;16;1;2;3;
11;1;1;2;211;
8;20;1;2;106;
2;1;1;2;397;
3;16;1;2;43;
7;2;1;2;134;
16;15;1;2;1;
5;16;1;2;381;
19;13;1;2;214;
4;9;1;2;347;
11;19;1;2;182;
1;16;1;2;293;
2;7;1;2;199;
15;1;1;2;45;
20;15;1;2;55;
20;19;1;2;154;
5;16;1;2;150;
10;8;1;2;360;
6;4;1;2;113;
17;15;1;2;140;
1;1;14;155
2;1;6;335
3;1;4;390
4;1;8;279
5;1;11;466
6;1;18;369
7;1;15;441
8;1;13;605
9;1;19;678
10;1;12;264
11;1;20;72
12;1;10;564
13;1;12;92
14;1;1;325
15;1;17;706
16;1;18;581
17;1;8;140
18;1;15;123
19;1;20;509
20;1;9;350
21;1;5;220
22;1;6;411
23;1;9;45
24;1;19;731
*** EOF ***