**** 7 ****
50
2;7;1;2;114;
14;4;1;2;285;
16;14;1;2;177;
10;7;1;2;214;
13;3;1;2;243;
4;20;1;2;397;
19;9;1;2;2;
14;14;1;2;124;
7;5;1;2;212;
15;16;1;2;92;
2;1;1;2;115;
10;16;1;2;286;
17;10;1;2;326;
15;19;1;2;165;
20;15;1;2;21;
6;15;1;2;310;
19;17;1;2;12;
13;1;1;2;306;
5;5;1;2;199;
4;14;1;2;179;
5;20;1;2;187;
11;19;1;2;346;
19;16;1;2;94;
6;7;1;2;140;
18;17;1;2;151;
20;4;1;2;253;
14;8;1;2;342;
5;13;1;2;118;
19;4;1;2;8;
10;4;1;2;326;
12;15;1;2;191;
4;13;1;2;87;
19;11;1;2;24;
17;18;1;2;93;
4;12;1;2;332;
19;9;1;2;318;
12;8;1;2;154;
20;15;1;2;346;
16;7;1;2;293;
10;20;1;2;103;
6;17;1;2;35;
14;2;1;2;94;
4;4;1;2;43;
10;16;1;2;164;
2;15;1;2;148;
2;15;1;2;106;
17;6;1;2;210;
12;1;1;2;73;
12;11;1;2;143;
14;5;1;2;253;
1;1;16;395
2;1;12;21
3;1;10;796
4;1;10;51
5;1;10;108
6;1;6;225
7;1;12;732
8;1;18;294
9;1;9;781
10;1;3;138
11;1;15;707
12;1;16;371
13;1;10;456
14;1;17;578
15;1;14;540
16;1;19;317
17;1;15;152
18;1;8;351
19;1;5;634
*** EOF ***