**** 15 ****
50
11;5;1;2;234;
12;18;1;2;202;
13;13;1;2;219;
15;14;1;2;91;
1;11;1;2;46;
9;13;1;2;234;
7;4;1;2;23;
3;4;1;2;311;
17;2;1;2;225;
15;5;1;2;7;
17;5;1;2;307;
7;1;1;2;32;
1;19;1;2;231;
3;10;1;2;188;
6;3;1;2;345;
12;18;1;2;249;
17;15;1;2;346;
1;9;1;2;325;
19;17;1;2;6;
4;6;1;2;164;
18;12;1;2;223;
20;3;1;2;56;
10;7;1;2;246;
8;6;1;2;62;
15;16;1;2;79;
5;19;1;2;259;
3;8;1;2;155;
13;17;1;2;168;
13;9;1;2;217;
15;12;1;2;215;
8;20;1;2;169;
3;20;1;2;237;
12;15;1;2;278;
17;4;1;2;321;
15;5;1;2;283;
16;4;1;2;248;
2;5;1;2;23;
13;18;1;2;296;
19;11;1;2;258;
18;16;1;2;229;
18;13;1;2;255;
11;3;1;2;197;
17;1;1;2;34;
3;15;1;2;80;
19;7;1;2;289;
9;18;1;2;172;
14;5;1;2;341;
3;19;1;2;338;
20;4;1;2;203;
12;10;1;2;16;
1;1;7;673
2;1;9;243
3;1;11;698
4;1;2;334
5;1;4;66
6;1;19;575
7;1;19;514
8;1;2;84
9;1;3;661
10;1;20;256
11;1;20;619
12;1;10;422
13;1;6;457
14;1;12;440
15;1;5;182
*** EOF ***