**** 6 ****
50
12;2;1;2;40;
19;3;1;2;154;
12;14;1;2;325;
5;20;1;2;308;
14;2;1;2;57;
11;20;1;2;72;
5;8;1;2;115;
4;17;1;2;64;
13;10;1;2;138;
18;4;1;2;99;
5;17;1;2;220;
4;5;1;2;238;
10;15;1;2;302;
16;5;1;2;53;
11;9;1;2;335;
16;6;1;2;226;
2;10;1;2;285;
6;1;1;2;92;
5;17;1;2;25;
4;2;1;2;52;
5;15;1;2;246;
7;3;1;2;274;
5;10;1;2;289;
6;12;1;2;171;
17;10;1;2;289;
9;16;1;2;253;
18;8;1;2;101;
6;5;1;2;58;
11;2;1;2;3;
8;17;1;2;108;
6;14;1;2;215;
9;17;1;2;149;
1;4;1;2;345;
4;9;1;2;6;
11;16;1;2;192;
13;12;1;2;322;
18;17;1;2;272;
13;8;1;2;9;
18;7;1;2;74;
18;6;1;2;195;
1;7;1;2;125;
14;4;1;2;140;
19;13;1;2;246;
1;5;1;2;45;
18;12;1;2;82;
7;6;1;2;315;
14;6;1;2;111;
17;14;1;2;178;
13;17;1;2;169;
19;2;1;2;260;
1;1;6;479
2;1;14;645
3;1;6;695
4;1;2;531
5;1;3;368
6;1;14;435
7;1;2;128
8;1;2;562
9;1;10;306
10;1;10;207
11;1;14;382
12;1;7;319
13;1;18;174
14;1;5;106
15;1;6;12
16;1;17;591
17;1;17;39
18;1;12;347
19;1;1;220
20;1;12;514
*** EOF ***