**** 19 ****
50
7;12;1;2;85;
5;17;1;2;102;
6;9;1;2;158;
6;13;1;2;41;
15;4;1;2;198;
6;7;1;2;47;
16;9;1;2;297;
3;13;1;2;328;
18;1;1;2;239;
4;1;1;2;153;
15;8;1;2;198;
15;13;1;2;126;
2;7;1;2;137;
19;12;1;2;284;
4;10;1;2;167;
8;9;1;2;96;
9;19;1;2;119;
2;4;1;2;79;
13;18;1;2;148;
13;8;1;2;264;
20;13;1;2;244;
15;20;1;2;37;
17;1;1;2;218;
8;2;1;2;65;
10;17;1;2;90;
10;14;1;2;285;
17;11;1;2;69;
4;1;1;2;62;
18;4;1;2;291;
6;7;1;2;139;
2;19;1;2;114;
5;5;1;2;166;
15;1;1;2;308;
8;9;1;2;173;
7;6;1;2;136;
18;19;1;2;138;
16;9;1;2;27;
16;15;1;2;49;
7;6;1;2;168;
6;19;1;2;107;
5;19;1;2;123;
15;16;1;2;268;
10;8;1;2;53;
2;1;1;2;268;
11;16;1;2;307;
14;18;1;2;311;
2;8;1;2;173;
2;15;1;2;186;
10;10;1;2;253;
4;9;1;2;220;
1;1;18;32
2;1;18;331
3;1;20;132
4;1;8;420
5;1;12;234
6;1;12;649
7;1;3;284
8;1;1;263
9;1;7;254
10;1;12;193
11;1;18;69
12;1;5;636
13;1;9;106
14;1;5;402
15;1;10;434
16;1;2;390
17;1;1;399
18;1;10;300
*** EOF ***