**** 6 ****
50
3;17;1;2;44;
16;16;1;2;106;
8;5;1;2;67;
15;5;1;2;252;
2;1;1;2;357;
11;20;1;2;40;
19;2;1;2;267;
20;13;1;2;341;
12;10;1;2;99;
19;20;1;2;388;
17;9;1;2;38;
6;2;1;2;402;
6;15;1;2;267;
20;5;1;2;223;
14;2;1;2;169;
20;10;1;2;336;
2;8;1;2;356;
11;15;1;2;33;
15;17;1;2;40;
14;19;1;2;281;
14;8;1;2;129;
18;7;1;2;101;
3;11;1;2;60;
11;20;1;2;357;
8;13;1;2;324;
14;2;1;2;291;
12;14;1;2;74;
17;5;1;2;359;
10;4;1;2;256;
8;5;1;2;392;
16;12;1;2;151;
19;1;1;2;171;
2;1;1;2;171;
9;10;1;2;384;
16;6;1;2;69;
19;17;1;2;250;
3;16;1;2;333;
20;2;1;2;100;
4;18;1;2;40;
16;17;1;2;7;
19;9;1;2;305;
11;7;1;2;254;
6;12;1;2;152;
8;10;1;2;254;
4;11;1;2;337;
14;5;1;2;366;
4;19;1;2;123;
3;10;1;2;230;
4;5;1;2;255;
20;15;1;2;7;
1;1;4;388
2;1;5;548
3;1;12;436
4;1;3;183
5;1;15;365
6;1;19;40
7;1;16;620
8;1;6;294
9;1;3;558
10;1;20;242
11;1;11;154
12;1;7;330
13;1;2;358
14;1;13;562
15;1;2;456
16;1;13;603
17;1;12;731
18;1;16;696
19;1;13;526
20;1;8;511
21;1;14;414
22;1;9;92
*** EOF ***