**** 0 ****
50
12;4;1;2;150;
2;4;1;2;249;
6;6;1;2;307;
16;14;1;2;130;
17;19;1;2;91;
16;10;1;2;127;
17;19;1;2;55;
15;1;1;2;212;
5;10;1;2;131;
19;19;1;2;229;
7;7;1;2;94;
5;3;1;2;140;
7;1;1;2;238;
19;6;1;2;276;
12;19;1;2;216;
5;5;1;2;286;
15;10;1;2;7;
12;7;1;2;111;
13;19;1;2;12;
10;18;1;2;90;
20;14;1;2;306;
10;15;1;2;246;
8;7;1;2;180;
6;20;1;2;72;
7;15;1;2;73;
20;20;1;2;271;
11;3;1;2;100;
6;13;1;2;185;
11;5;1;2;210;
20;4;1;2;239;
1;6;1;2;78;
4;18;1;2;55;
2;11;1;2;177;
20;6;1;2;202;
17;13;1;2;260;
6;5;1;2;163;
8;2;1;2;87;
17;19;1;2;25;
7;2;1;2;186;
7;20;1;2;182;
2;16;1;2;226;
12;20;1;2;299;
1;2;1;2;175;
1;5;1;2;109;
4;8;1;2;30;
12;2;1;2;299;
5;3;1;2;243;
12;11;1;2;293;
12;9;1;2;22;
3;14;1;2;221;
1;1;20;486
2;1;2;295
3;1;16;43
4;1;2;407
5;1;10;340
6;1;1;587
7;1;19;142
8;1;4;114
9;1;6;271
10;1;3;238
11;1;12;252
12;1;5;410
13;1;3;163
14;1;4;173
15;1;3;3
16;1;8;331
17;1;19;69
18;1;1;612
*** EOF ***