**** 5 ****
50
5;17;1;2;308;
2;6;1;2;215;
19;7;1;2;295;
5;13;1;2;223;
3;16;1;2;120;
6;2;1;2;125;
13;14;1;2;223;
20;2;1;2;91;
9;2;1;2;145;
1;8;1;2;147;
2;18;1;2;84;
3;4;1;2;228;
4;15;1;2;15;
7;1;1;2;151;
8;17;1;2;299;
8;8;1;2;270;
14;11;1;2;228;
4;10;1;2;5;
19;14;1;2;230;
6;13;1;2;305;
13;4;1;2;158;
11;1;1;2;48;
6;16;1;2;277;
2;11;1;2;4;
11;1;1;2;205;
8;12;1;2;257;
15;19;1;2;166;
19;12;1;2;81;
3;15;1;2;297;
4;19;1;2;158;
9;10;1;2;280;
13;6;1;2;140;
19;9;1;2;127;
7;8;1;2;117;
3;20;1;2;153;
17;1;1;2;292;
6;15;1;2;305;
2;10;1;2;25;
9;4;1;2;254;
20;14;1;2;255;
20;14;1;2;221;
15;5;1;2;227;
6;19;1;2;305;
10;17;1;2;53;
8;17;1;2;57;
11;13;1;2;1;
1;12;1;2;78;
10;13;1;2;207;
12;19;1;2;229;
11;2;1;2;26;
1;1;5;131
2;1;5;606
3;1;2;582
4;1;19;554
5;1;12;13
6;1;11;166
7;1;12;335
8;1;15;101
9;1;15;236
10;1;18;635
11;1;3;507
12;1;14;446
13;1;18;41
14;1;2;78
15;1;16;263
16;1;17;138
17;1;12;188
18;1;1;186
*** EOF ***