**** 18 ****
50
20;14;1;2;176;
17;18;1;2;346;
19;15;1;2;26;
11;17;1;2;26;
18;2;1;2;304;
10;20;1;2;251;
1;2;1;2;337;
7;3;1;2;371;
9;20;1;2;242;
17;8;1;2;70;
9;12;1;2;386;
9;18;1;2;39;
19;20;1;2;161;
12;16;1;2;140;
6;11;1;2;410;
8;3;1;2;70;
8;16;1;2;59;
12;20;1;2;356;
17;1;1;2;282;
16;17;1;2;109;
3;8;1;2;369;
11;14;1;2;3;
12;8;1;2;323;
5;17;1;2;348;
14;1;1;2;341;
3;1;1;2;211;
18;10;1;2;407;
3;20;1;2;341;
15;1;1;2;320;
17;10;1;2;78;
15;9;1;2;141;
10;17;1;2;131;
6;19;1;2;67;
3;10;1;2;406;
16;19;1;2;260;
1;7;1;2;242;
12;10;1;2;38;
11;10;1;2;192;
16;12;1;2;312;
11;11;1;2;244;
8;4;1;2;242;
20;1;1;2;30;
20;10;1;2;295;
17;16;1;2;89;
9;11;1;2;389;
3;19;1;2;260;
10;14;1;2;228;
8;5;1;2;85;
19;20;1;2;105;
12;10;1;2;87;
1;1;16;751
2;1;19;548
3;1;8;465
4;1;19;816
5;1;17;623
6;1;14;533
7;1;17;410
8;1;18;501
9;1;2;159
10;1;3;245
11;1;3;128
12;1;16;66
13;1;13;228
14;1;14;204
15;1;17;653
16;1;3;224
17;1;2;706
18;1;8;804
19;1;14;439
20;1;6;430
21;1;14;286
22;1;19;714
23;1;6;369
*** EOF ***