**** 18 ****
50
17;14;1;2;58;
19;17;1;2;311;
12;7;1;2;81;
17;19;1;2;144;
12;2;1;2;87;
14;20;1;2;329;
13;2;1;2;372;
20;5;1;2;258;
1;5;1;2;258;
7;5;1;2;334;
10;18;1;2;359;
20;2;1;2;55;
1;9;1;2;325;
17;8;1;2;238;
19;14;1;2;373;
4;12;1;2;115;
12;13;1;2;222;
13;5;1;2;394;
11;18;1;2;318;
7;8;1;2;150;
4;8;1;2;298;
19;6;1;2;177;
15;9;1;2;103;
4;3;1;2;348;
20;10;1;2;127;
4;3;1;2;10;
12;10;1;2;162;
1;7;1;2;60;
14;5;1;2;100;
10;8;1;2;221;
13;1;1;2;380;
7;8;1;2;50;
2;13;1;2;255;
8;15;1;2;76;
4;13;1;2;167;
20;12;1;2;69;
18;13;1;2;46;
13;14;1;2;208;
20;1;1;2;170;
3;6;1;2;209;
15;11;1;2;149;
13;10;1;2;273;
13;11;1;2;77;
3;6;1;2;286;
11;20;1;2;406;
19;1;1;2;234;
9;13;1;2;88;
19;16;1;2;123;
18;13;1;2;33;
6;8;1;2;264;
1;1;12;546
2;1;4;524
3;1;6;508
4;1;5;313
5;1;1;456
6;1;6;518
7;1;9;213
8;1;4;186
9;1;4;46
10;1;15;747
11;1;6;575
12;1;1;251
13;1;5;463
14;1;3;241
15;1;19;167
16;1;19;656
17;1;6;348
18;1;19;820
19;1;1;163
20;1;15;614
21;1;8;378
22;1;6;233
23;1;16;134
24;1;19;108
25;1;6;568
26;1;16;491
27;1;15;414
*** EOF ***