**** 6 ****
50
10;10;1;2;407;
11;7;1;2;311;
11;18;1;2;416;
9;12;1;2;60;
13;7;1;2;434;
17;7;1;2;401;
8;8;1;2;25;
7;16;1;2;76;
16;7;1;2;246;
4;1;1;2;401;
14;4;1;2;182;
18;13;1;2;261;
11;6;1;2;381;
20;4;1;2;102;
2;12;1;2;342;
11;9;1;2;10;
20;16;1;2;282;
6;16;1;2;6;
12;8;1;2;284;
3;14;1;2;307;
20;8;1;2;304;
11;18;1;2;109;
20;6;1;2;267;
19;14;1;2;360;
4;12;1;2;13;
11;18;1;2;274;
14;20;1;2;223;
14;1;1;2;151;
18;14;1;2;142;
19;11;1;2;423;
20;4;1;2;99;
5;11;1;2;224;
4;3;1;2;186;
4;12;1;2;134;
9;10;1;2;23;
7;10;1;2;381;
8;14;1;2;211;
16;13;1;2;434;
17;4;1;2;74;
11;14;1;2;463;
7;7;1;2;88;
6;11;1;2;39;
17;3;1;2;5;
3;17;1;2;352;
1;16;1;2;380;
16;8;1;2;449;
17;18;1;2;389;
13;5;1;2;246;
10;15;1;2;161;
7;10;1;2;14;
1;1;18;582
2;1;18;21
3;1;15;342
4;1;17;276
5;1;11;531
6;1;20;138
7;1;16;812
8;1;13;709
9;1;3;184
10;1;1;340
11;1;8;194
12;1;5;523
13;1;1;394
14;1;18;432
15;1;15;229
16;1;20;495
17;1;15;121
18;1;17;767
19;1;4;12
20;1;10;542
21;1;19;894
22;1;14;85
23;1;18;667
24;1;11;256
25;1;17;617
26;1;16;415
27;1;18;208
*** EOF ***