**** 15 ****
50
8;17;1;2;270;
8;15;1;2;139;
13;3;1;2;257;
11;19;1;2;262;
1;15;1;2;127;
17;5;1;2;47;
7;1;1;2;130;
1;3;1;2;152;
4;8;1;2;253;
15;13;1;2;306;
15;10;1;2;85;
3;14;1;2;54;
14;11;1;2;288;
10;10;1;2;238;
18;18;1;2;251;
16;4;1;2;19;
2;6;1;2;136;
7;19;1;2;328;
2;15;1;2;214;
13;14;1;2;174;
19;7;1;2;289;
14;17;1;2;203;
20;18;1;2;34;
8;8;1;2;250;
5;19;1;2;150;
9;1;1;2;187;
6;12;1;2;127;
20;15;1;2;122;
2;17;1;2;91;
17;2;1;2;220;
16;2;1;2;111;
1;9;1;2;33;
16;4;1;2;193;
2;16;1;2;67;
20;14;1;2;24;
10;19;1;2;309;
6;18;1;2;235;
17;11;1;2;167;
14;8;1;2;120;
1;8;1;2;305;
13;8;1;2;206;
2;9;1;2;282;
16;11;1;2;326;
17;9;1;2;35;
4;15;1;2;279;
1;3;1;2;192;
20;14;1;2;173;
9;17;1;2;31;
1;4;1;2;52;
6;9;1;2;171;
1;1;2;430
2;1;12;215
3;1;18;592
4;1;1;548
5;1;4;271
6;1;13;526
7;1;2;496
8;1;3;518
9;1;15;414
10;1;5;648
11;1;18;436
12;1;11;250
13;1;5;455
14;1;19;34
15;1;7;205
16;1;14;130
17;1;11;235
18;1;7;325
*** EOF ***