**** 12 ****
50
17;1;1;2;178;
17;7;1;2;8;
1;8;1;2;75;
14;7;1;2;384;
3;8;1;2;63;
20;8;1;2;119;
10;20;1;2;392;
10;1;1;2;122;
2;15;1;2;316;
18;9;1;2;399;
6;19;1;2;66;
3;18;1;2;142;
13;3;1;2;174;
14;19;1;2;72;
9;11;1;2;62;
6;16;1;2;9;
10;9;1;2;261;
14;10;1;2;265;
3;4;1;2;205;
5;7;1;2;115;
20;14;1;2;226;
4;14;1;2;340;
18;6;1;2;318;
3;16;1;2;417;
18;12;1;2;227;
19;1;1;2;323;
7;1;1;2;44;
14;19;1;2;346;
9;10;1;2;6;
2;2;1;2;324;
14;14;1;2;127;
5;5;1;2;115;
12;13;1;2;185;
20;19;1;2;54;
15;14;1;2;350;
17;11;1;2;90;
17;7;1;2;103;
17;6;1;2;409;
5;18;1;2;364;
6;13;1;2;326;
16;2;1;2;237;
7;16;1;2;386;
18;1;1;2;323;
18;20;1;2;85;
15;10;1;2;163;
19;12;1;2;150;
17;9;1;2;23;
15;3;1;2;253;
19;11;1;2;127;
9;11;1;2;240;
1;1;15;207
2;1;7;381
3;1;10;169
4;1;15;589
5;1;4;680
6;1;3;222
7;1;9;631
8;1;7;563
9;1;15;281
10;1;2;199
11;1;6;335
12;1;6;135
13;1;17;347
14;1;6;822
15;1;9;246
16;1;10;552
17;1;17;757
18;1;15;85
19;1;18;44
20;1;15;691
21;1;16;791
22;1;19;400
23;1;20;104
24;1;4;711
*** EOF ***