**** 12 ****
50
1;12;1;2;130;
18;5;1;2;214;
8;1;1;2;39;
3;14;1;2;254;
17;4;1;2;356;
3;17;1;2;115;
10;16;1;2;93;
4;10;1;2;357;
1;1;1;2;347;
7;14;1;2;10;
3;7;1;2;5;
18;4;1;2;197;
11;7;1;2;348;
11;4;1;2;199;
20;13;1;2;22;
15;10;1;2;186;
6;2;1;2;42;
15;12;1;2;89;
14;4;1;2;344;
3;5;1;2;50;
17;13;1;2;332;
7;10;1;2;212;
7;11;1;2;69;
4;2;1;2;208;
7;14;1;2;340;
17;6;1;2;191;
4;1;1;2;96;
20;8;1;2;187;
16;9;1;2;346;
12;5;1;2;348;
17;17;1;2;271;
9;14;1;2;23;
10;5;1;2;179;
15;17;1;2;226;
8;7;1;2;303;
12;3;1;2;148;
6;19;1;2;173;
1;2;1;2;166;
18;20;1;2;197;
5;15;1;2;110;
12;17;1;2;292;
20;12;1;2;335;
7;11;1;2;167;
17;19;1;2;183;
18;3;1;2;318;
15;5;1;2;67;
1;6;1;2;353;
17;10;1;2;91;
17;18;1;2;56;
12;16;1;2;302;
1;1;6;455
2;1;9;326
3;1;10;626
4;1;1;447
5;1;20;198
6;1;19;462
7;1;12;231
8;1;19;293
9;1;6;706
10;1;14;341
11;1;13;78
12;1;10;270
13;1;7;62
14;1;20;606
15;1;17;415
*** EOF ***