**** 1 ****
50
13;19;1;2;360;
9;11;1;2;231;
4;5;1;2;188;
18;1;1;2;290;
19;7;1;2;295;
14;5;1;2;49;
11;18;1;2;210;
5;6;1;2;136;
16;16;1;2;157;
11;1;1;2;206;
7;8;1;2;316;
6;14;1;2;174;
15;17;1;2;91;
16;5;1;2;179;
10;9;1;2;132;
13;20;1;2;329;
10;16;1;2;150;
10;15;1;2;164;
8;7;1;2;237;
16;16;1;2;23;
4;12;1;2;264;
15;17;1;2;149;
7;14;1;2;45;
6;12;1;2;227;
20;20;1;2;94;
8;10;1;2;23;
2;14;1;2;93;
16;19;1;2;162;
9;2;1;2;85;
1;5;1;2;311;
6;13;1;2;17;
3;20;1;2;132;
6;5;1;2;16;
14;18;1;2;148;
15;10;1;2;147;
20;10;1;2;292;
11;17;1;2;158;
4;13;1;2;241;
9;2;1;2;247;
3;14;1;2;52;
1;7;1;2;77;
18;5;1;2;164;
18;20;1;2;292;
15;5;1;2;184;
20;5;1;2;305;
19;20;1;2;180;
13;1;1;2;144;
19;3;1;2;221;
18;6;1;2;217;
5;12;1;2;205;
1;1;14;551
2;1;2;651
3;1;6;419
4;1;15;663
5;1;15;451
6;1;3;194
7;1;16;470
8;1;11;114
9;1;10;490
10;1;8;426
11;1;11;536
12;1;20;278
13;1;10;319
14;1;1;592
15;1;13;157
16;1;17;222
*** EOF ***