**** 15 ****
50
1;19;1;2;139;
9;14;1;2;63;
15;2;1;2;3;
13;4;1;2;329;
7;5;1;2;300;
14;14;1;2;17;
15;11;1;2;209;
3;7;1;2;303;
15;8;1;2;116;
8;20;1;2;36;
9;19;1;2;31;
1;9;1;2;241;
2;18;1;2;121;
17;6;1;2;205;
6;1;1;2;109;
17;18;1;2;60;
13;14;1;2;108;
4;9;1;2;232;
20;7;1;2;203;
5;5;1;2;340;
14;13;1;2;200;
19;3;1;2;342;
1;4;1;2;78;
10;20;1;2;337;
3;13;1;2;312;
16;7;1;2;164;
12;14;1;2;102;
7;19;1;2;240;
4;15;1;2;203;
18;2;1;2;149;
11;13;1;2;190;
15;19;1;2;153;
4;15;1;2;137;
9;1;1;2;62;
4;16;1;2;93;
2;4;1;2;33;
1;2;1;2;179;
1;19;1;2;101;
17;4;1;2;64;
1;17;1;2;102;
17;14;1;2;39;
15;19;1;2;115;
6;19;1;2;293;
7;6;1;2;35;
20;2;1;2;279;
16;15;1;2;300;
17;20;1;2;249;
17;2;1;2;113;
11;12;1;2;151;
2;1;1;2;268;
1;1;18;269
2;1;2;530
3;1;3;399
4;1;4;131
5;1;15;452
6;1;5;336
7;1;14;225
8;1;17;576
9;1;17;28
10;1;8;55
11;1;8;297
12;1;5;87
13;1;7;206
14;1;17;599
15;1;4;394
16;1;7;66
17;1;10;150
18;1;9;636
19;1;5;7
20;1;8;343
21;1;19;649
22;1;6;191
*** EOF ***