**** 7 ****
50
15;19;1;2;259;
20;13;1;2;19;
10;9;1;2;357;
16;13;1;2;370;
14;8;1;2;200;
17;14;1;2;249;
14;11;1;2;129;
10;15;1;2;341;
17;20;1;2;196;
4;4;1;2;315;
1;6;1;2;70;
5;20;1;2;258;
13;12;1;2;69;
3;9;1;2;82;
13;13;1;2;344;
20;7;1;2;17;
6;12;1;2;89;
6;13;1;2;419;
18;14;1;2;292;
16;2;1;2;362;
16;7;1;2;286;
1;10;1;2;378;
18;5;1;2;229;
14;18;1;2;408;
19;19;1;2;87;
4;10;1;2;227;
4;9;1;2;200;
7;1;1;2;263;
18;15;1;2;395;
2;6;1;2;281;
14;17;1;2;409;
16;14;1;2;83;
5;1;1;2;170;
7;20;1;2;37;
2;17;1;2;384;
20;13;1;2;275;
16;3;1;2;272;
8;9;1;2;247;
19;15;1;2;209;
15;7;1;2;157;
1;18;1;2;372;
15;5;1;2;33;
18;12;1;2;127;
16;14;1;2;166;
9;13;1;2;349;
2;1;1;2;195;
19;7;1;2;201;
11;9;1;2;258;
15;14;1;2;228;
9;16;1;2;358;
1;1;1;826
2;1;4;723
3;1;9;85
4;1;13;655
5;1;18;233
6;1;14;466
7;1;16;199
8;1;20;802
9;1;11;393
10;1;5;356
11;1;10;539
12;1;13;258
13;1;3;646
14;1;15;276
15;1;9;553
16;1;20;324
17;1;16;764
18;1;7;302
19;1;6;459
20;1;3;418
21;1;11;138
22;1;3;759
23;1;17;181
24;1;20;101
*** EOF ***