**** 14 ****
50
5;18;1;2;186;
2;9;1;2;63;
12;4;1;2;61;
18;7;1;2;297;
11;4;1;2;30;
2;17;1;2;5;
1;2;1;2;70;
5;20;1;2;280;
6;12;1;2;97;
12;10;1;2;92;
2;10;1;2;97;
17;18;1;2;258;
17;10;1;2;222;
17;5;1;2;331;
17;8;1;2;316;
1;8;1;2;41;
17;2;1;2;172;
3;17;1;2;43;
20;3;1;2;18;
14;15;1;2;164;
7;12;1;2;140;
13;4;1;2;65;
17;6;1;2;292;
5;12;1;2;192;
2;6;1;2;90;
17;19;1;2;322;
9;20;1;2;268;
15;1;1;2;130;
4;20;1;2;134;
7;8;1;2;280;
5;5;1;2;53;
13;10;1;2;1;
3;6;1;2;120;
13;7;1;2;143;
11;19;1;2;37;
20;14;1;2;331;
12;12;1;2;266;
9;17;1;2;289;
11;11;1;2;315;
13;17;1;2;163;
1;12;1;2;273;
10;19;1;2;85;
17;13;1;2;16;
9;15;1;2;61;
13;5;1;2;274;
4;10;1;2;78;
19;8;1;2;299;
3;10;1;2;7;
6;6;1;2;5;
6;11;1;2;146;
1;1;7;512
2;1;2;69
3;1;14;656
4;1;20;473
5;1;19;149
6;1;19;359
7;1;17;19
8;1;17;222
9;1;7;438
10;1;3;242
11;1;12;401
12;1;4;132
13;1;11;321
14;1;12;626
15;1;8;100
*** EOF ***