**** 2 ****
50
2;14;1;2;72;
17;18;1;2;240;
10;5;1;2;119;
6;14;1;2;10;
5;6;1;2;345;
13;3;1;2;196;
13;1;1;2;44;
14;18;1;2;345;
1;13;1;2;67;
13;10;1;2;102;
9;16;1;2;195;
9;14;1;2;318;
15;1;1;2;198;
10;9;1;2;219;
14;19;1;2;42;
11;11;1;2;279;
13;5;1;2;181;
1;12;1;2;18;
12;2;1;2;249;
4;16;1;2;234;
6;5;1;2;204;
19;11;1;2;285;
17;7;1;2;77;
11;6;1;2;150;
13;15;1;2;71;
5;10;1;2;137;
2;4;1;2;265;
9;13;1;2;307;
17;14;1;2;77;
15;11;1;2;98;
4;6;1;2;27;
16;13;1;2;345;
18;2;1;2;208;
19;17;1;2;275;
7;3;1;2;289;
10;15;1;2;257;
19;14;1;2;89;
3;7;1;2;51;
5;15;1;2;134;
19;16;1;2;216;
2;10;1;2;302;
5;14;1;2;121;
7;4;1;2;254;
19;19;1;2;41;
4;1;1;2;197;
7;12;1;2;116;
18;16;1;2;194;
17;11;1;2;28;
9;8;1;2;36;
13;5;1;2;298;
1;1;9;569
2;1;19;46
3;1;6;261
4;1;10;492
5;1;13;227
6;1;14;622
7;1;12;655
8;1;14;278
9;1;8;584
10;1;3;297
11;1;13;459
12;1;7;152
13;1;7;12
14;1;1;361
15;1;11;683
16;1;20;90
17;1;3;594
18;1;3;267
*** EOF ***