**** 4 ****
50
17;2;1;2;155;
19;13;1;2;258;
1;7;1;2;249;
6;14;1;2;228;
12;4;1;2;367;
20;9;1;2;11;
5;6;1;2;304;
6;5;1;2;309;
17;19;1;2;325;
3;3;1;2;342;
20;2;1;2;243;
19;10;1;2;96;
13;11;1;2;348;
19;11;1;2;270;
18;17;1;2;293;
1;20;1;2;337;
11;14;1;2;389;
3;14;1;2;99;
18;4;1;2;5;
14;7;1;2;186;
4;12;1;2;60;
12;17;1;2;150;
1;17;1;2;206;
17;5;1;2;177;
5;10;1;2;371;
20;5;1;2;377;
4;19;1;2;107;
9;8;1;2;343;
8;9;1;2;30;
8;11;1;2;397;
14;2;1;2;141;
12;11;1;2;385;
9;6;1;2;303;
6;10;1;2;2;
18;16;1;2;54;
7;3;1;2;87;
11;1;1;2;350;
18;7;1;2;142;
14;5;1;2;88;
12;20;1;2;194;
20;5;1;2;196;
10;10;1;2;69;
4;8;1;2;47;
14;10;1;2;276;
19;3;1;2;345;
3;14;1;2;49;
9;16;1;2;202;
8;12;1;2;384;
15;2;1;2;147;
1;9;1;2;392;
1;1;15;513
2;1;16;45
3;1;17;685
4;1;20;375
5;1;1;12
6;1;1;672
7;1;12;298
8;1;5;90
9;1;20;631
10;1;19;150
11;1;10;28
12;1;12;442
13;1;11;209
14;1;19;466
15;1;17;411
16;1;2;792
17;1;6;317
18;1;12;541
19;1;14;73
20;1;12;193
*** EOF ***