**** 17 ****
50
13;4;1;2;47;
14;2;1;2;352;
18;11;1;2;56;
7;17;1;2;91;
9;14;1;2;40;
11;7;1;2;159;
9;9;1;2;255;
18;14;1;2;252;
5;12;1;2;360;
3;11;1;2;234;
1;12;1;2;80;
11;14;1;2;108;
11;17;1;2;167;
16;11;1;2;36;
15;11;1;2;155;
16;4;1;2;190;
5;2;1;2;304;
14;9;1;2;51;
4;18;1;2;132;
19;4;1;2;133;
20;2;1;2;39;
10;14;1;2;52;
11;13;1;2;39;
9;18;1;2;129;
7;4;1;2;343;
8;9;1;2;333;
4;9;1;2;176;
4;19;1;2;273;
2;1;1;2;137;
20;5;1;2;285;
5;9;1;2;75;
16;19;1;2;139;
7;4;1;2;156;
15;3;1;2;130;
18;14;1;2;374;
17;6;1;2;247;
14;20;1;2;271;
12;12;1;2;19;
5;9;1;2;271;
10;4;1;2;304;
8;17;1;2;115;
13;14;1;2;159;
4;14;1;2;79;
19;12;1;2;145;
5;8;1;2;27;
12;17;1;2;213;
14;16;1;2;264;
7;9;1;2;27;
14;18;1;2;314;
10;6;1;2;230;
1;1;14;619
2;1;3;670
3;1;2;574
4;1;20;517
5;1;17;387
6;1;20;197
7;1;3;722
8;1;13;37
9;1;1;150
10;1;7;188
11;1;15;354
12;1;2;302
13;1;11;697
14;1;3;342
15;1;9;268
16;1;7;93
17;1;15;733
18;1;7;478
19;1;15;168
20;1;3;468
21;1;10;56
22;1;17;423
*** EOF ***