**** 14 ****
50
8;18;1;2;54;
7;14;1;2;301;
8;16;1;2;58;
20;11;1;2;102;
16;7;1;2;209;
5;6;1;2;16;
8;11;1;2;3;
3;9;1;2;75;
14;16;1;2;101;
13;19;1;2;154;
16;14;1;2;82;
14;13;1;2;52;
9;16;1;2;46;
19;15;1;2;53;
17;5;1;2;51;
11;20;1;2;57;
13;6;1;2;242;
5;15;1;2;50;
5;16;1;2;282;
7;13;1;2;130;
1;6;1;2;114;
4;19;1;2;139;
7;16;1;2;162;
12;7;1;2;295;
1;11;1;2;119;
1;5;1;2;211;
2;19;1;2;305;
4;14;1;2;279;
6;3;1;2;122;
9;20;1;2;294;
2;6;1;2;256;
15;18;1;2;11;
9;1;1;2;154;
2;12;1;2;214;
20;7;1;2;234;
2;19;1;2;56;
20;18;1;2;157;
10;16;1;2;157;
18;3;1;2;63;
5;19;1;2;19;
16;4;1;2;305;
2;17;1;2;277;
4;7;1;2;106;
13;16;1;2;139;
17;8;1;2;11;
2;12;1;2;302;
13;20;1;2;230;
5;6;1;2;89;
14;4;1;2;108;
5;5;1;2;23;
1;1;14;213
2;1;1;405
3;1;2;486
4;1;8;61
5;1;14;630
6;1;15;180
7;1;13;579
8;1;18;552
9;1;11;100
10;1;16;349
11;1;15;32
12;1;7;492
13;1;18;71
14;1;1;59
15;1;10;464
16;1;18;257
*** EOF ***