**** 0 ****
50
17;3;1;2;161;
10;6;1;2;249;
5;2;1;2;226;
19;9;1;2;137;
13;14;1;2;357;
1;6;1;2;51;
5;19;1;2;144;
14;1;1;2;305;
2;1;1;2;314;
9;12;1;2;308;
12;5;1;2;328;
10;3;1;2;130;
2;7;1;2;295;
13;10;1;2;49;
5;16;1;2;329;
14;19;1;2;160;
4;20;1;2;342;
12;20;1;2;11;
5;15;1;2;249;
18;5;1;2;93;
4;18;1;2;164;
14;2;1;2;215;
9;14;1;2;172;
6;14;1;2;87;
7;6;1;2;63;
20;3;1;2;256;
3;2;1;2;194;
17;1;1;2;348;
20;3;1;2;253;
16;1;1;2;286;
20;14;1;2;215;
5;3;1;2;212;
6;18;1;2;253;
11;16;1;2;19;
19;14;1;2;275;
3;3;1;2;213;
9;12;1;2;164;
1;8;1;2;311;
20;5;1;2;105;
18;3;1;2;176;
17;19;1;2;335;
8;12;1;2;4;
20;12;1;2;69;
11;3;1;2;57;
8;14;1;2;270;
2;20;1;2;45;
1;20;1;2;58;
9;18;1;2;290;
7;15;1;2;292;
3;20;1;2;167;
1;1;2;230
2;1;19;484
3;1;13;270
4;1;11;612
5;1;2;165
6;1;17;102
7;1;7;574
8;1;12;233
9;1;13;712
10;1;6;406
11;1;6;425
12;1;19;647
13;1;14;53
14;1;7;476
15;1;8;126
16;1;2;12
17;1;12;213
18;1;17;541
19;1;10;252
20;1;20;670
*** EOF ***