**** 13 ****
50
16;3;1;2;203;
16;14;1;2;15;
15;16;1;2;65;
12;4;1;2;290;
20;6;1;2;188;
14;20;1;2;153;
12;16;1;2;246;
5;13;1;2;166;
16;6;1;2;271;
6;11;1;2;252;
19;17;1;2;62;
11;5;1;2;266;
2;19;1;2;146;
6;1;1;2;129;
3;17;1;2;260;
9;7;1;2;247;
17;6;1;2;201;
9;10;1;2;261;
19;13;1;2;291;
2;12;1;2;55;
7;2;1;2;30;
14;17;1;2;245;
15;14;1;2;255;
10;1;1;2;159;
9;19;1;2;218;
9;15;1;2;143;
2;20;1;2;155;
13;5;1;2;122;
18;4;1;2;79;
7;6;1;2;88;
11;7;1;2;293;
6;6;1;2;228;
18;9;1;2;37;
2;17;1;2;251;
13;12;1;2;210;
7;16;1;2;75;
10;3;1;2;140;
20;12;1;2;142;
1;13;1;2;245;
1;13;1;2;160;
4;9;1;2;224;
6;19;1;2;179;
10;3;1;2;15;
1;7;1;2;263;
14;1;1;2;45;
14;4;1;2;164;
18;10;1;2;236;
18;15;1;2;265;
8;20;1;2;11;
2;12;1;2;221;
1;1;11;654
2;1;16;493
3;1;1;68
4;1;1;91
5;1;10;558
6;1;9;110
7;1;15;577
8;1;15;463
9;1;15;634
10;1;18;284
11;1;16;24
12;1;3;427
13;1;2;267
14;1;10;689
15;1;17;216
16;1;16;380
*** EOF ***