**** 16 ****
50
1;5;1;2;186;
9;10;1;2;187;
19;12;1;2;28;
20;12;1;2;155;
2;12;1;2;327;
2;15;1;2;79;
13;9;1;2;204;
6;15;1;2;31;
12;6;1;2;57;
9;11;1;2;286;
8;1;1;2;27;
15;15;1;2;232;
2;11;1;2;162;
1;15;1;2;15;
13;8;1;2;10;
2;16;1;2;83;
19;2;1;2;300;
20;3;1;2;110;
10;5;1;2;52;
8;10;1;2;78;
3;13;1;2;30;
13;12;1;2;322;
18;16;1;2;39;
3;19;1;2;161;
8;3;1;2;302;
2;18;1;2;257;
1;14;1;2;103;
16;17;1;2;73;
18;5;1;2;246;
3;5;1;2;93;
14;20;1;2;326;
20;5;1;2;294;
9;16;1;2;294;
12;18;1;2;299;
2;4;1;2;59;
15;12;1;2;291;
11;4;1;2;321;
1;1;1;2;99;
15;7;1;2;298;
4;11;1;2;231;
2;16;1;2;20;
16;6;1;2;301;
14;10;1;2;238;
4;13;1;2;158;
4;4;1;2;263;
10;4;1;2;12;
3;2;1;2;110;
11;15;1;2;119;
16;18;1;2;194;
18;6;1;2;245;
1;1;14;649
2;1;18;503
3;1;15;175
4;1;18;345
5;1;18;561
6;1;19;321
7;1;12;369
8;1;7;424
9;1;7;310
10;1;10;231
11;1;20;53
12;1;7;445
13;1;2;74
14;1;12;401
*** EOF ***