**** 0 ****
50
7;9;1;2;218;
5;5;1;2;9;
13;6;1;2;282;
6;2;1;2;14;
15;19;1;2;197;
3;3;1;2;257;
20;2;1;2;306;
2;16;1;2;221;
2;1;1;2;80;
4;5;1;2;122;
8;2;1;2;279;
3;8;1;2;54;
20;13;1;2;66;
9;5;1;2;250;
14;17;1;2;79;
15;9;1;2;288;
2;20;1;2;168;
4;11;1;2;263;
20;13;1;2;94;
5;20;1;2;60;
9;3;1;2;46;
12;10;1;2;63;
13;2;1;2;158;
1;11;1;2;144;
20;9;1;2;178;
3;6;1;2;1;
12;12;1;2;235;
13;15;1;2;159;
3;20;1;2;178;
9;18;1;2;61;
8;10;1;2;99;
2;20;1;2;207;
6;11;1;2;52;
16;2;1;2;218;
15;18;1;2;282;
17;16;1;2;150;
16;7;1;2;289;
1;6;1;2;258;
6;10;1;2;199;
11;17;1;2;211;
9;20;1;2;88;
15;17;1;2;20;
6;12;1;2;3;
10;15;1;2;189;
18;1;1;2;47;
20;3;1;2;213;
2;12;1;2;97;
6;20;1;2;176;
16;10;1;2;54;
2;20;1;2;146;
1;1;8;154
2;1;5;393
3;1;8;348
4;1;12;261
5;1;4;541
6;1;20;303
7;1;8;572
8;1;2;206
9;1;11;164
10;1;4;432
11;1;10;212
12;1;13;444
13;1;16;602
14;1;17;480
*** EOF ***