**** 1 ****
50
17;3;1;2;121;
19;9;1;2;190;
18;6;1;2;98;
9;11;1;2;245;
2;5;1;2;94;
5;2;1;2;168;
3;7;1;2;35;
18;8;1;2;309;
6;4;1;2;153;
11;20;1;2;104;
20;11;1;2;33;
10;19;1;2;28;
2;3;1;2;304;
4;11;1;2;114;
9;8;1;2;132;
16;1;1;2;79;
2;7;1;2;227;
5;3;1;2;325;
11;8;1;2;203;
3;4;1;2;215;
3;18;1;2;290;
9;6;1;2;74;
3;11;1;2;323;
17;19;1;2;38;
9;12;1;2;30;
6;17;1;2;86;
4;12;1;2;180;
6;8;1;2;36;
5;7;1;2;40;
7;13;1;2;112;
20;9;1;2;11;
6;16;1;2;203;
3;12;1;2;62;
4;14;1;2;214;
16;11;1;2;222;
1;4;1;2;163;
6;18;1;2;233;
15;6;1;2;144;
16;12;1;2;191;
8;10;1;2;190;
14;16;1;2;326;
10;13;1;2;158;
3;19;1;2;53;
13;17;1;2;66;
1;2;1;2;179;
3;18;1;2;53;
1;18;1;2;16;
17;2;1;2;47;
18;13;1;2;14;
15;15;1;2;189;
1;1;10;242
2;1;20;256
3;1;5;543
4;1;6;197
5;1;14;116
6;1;13;371
7;1;1;167
8;1;6;26
9;1;11;448
10;1;2;324
11;1;3;582
12;1;1;52
13;1;18;135
14;1;4;575
15;1;1;234
16;1;8;177
17;1;11;63
18;1;12;596
19;1;16;413
20;1;3;328
21;1;4;654
22;1;17;214
23;1;18;485
24;1;10;640
25;1;17;393
*** EOF ***