**** 14 ****
50
15;6;1;2;175;
8;20;1;2;249;
20;2;1;2;271;
4;9;1;2;138;
2;8;1;2;55;
7;5;1;2;180;
7;18;1;2;92;
19;19;1;2;121;
6;12;1;2;159;
20;15;1;2;221;
15;7;1;2;30;
2;11;1;2;222;
3;15;1;2;292;
2;18;1;2;33;
2;12;1;2;254;
8;15;1;2;80;
16;13;1;2;287;
10;1;1;2;218;
12;12;1;2;170;
7;4;1;2;113;
1;15;1;2;238;
14;14;1;2;98;
16;15;1;2;201;
11;11;1;2;126;
3;10;1;2;190;
17;14;1;2;252;
2;4;1;2;70;
14;13;1;2;21;
15;5;1;2;168;
20;1;1;2;61;
1;9;1;2;300;
7;20;1;2;332;
19;2;1;2;212;
4;15;1;2;238;
18;4;1;2;178;
7;19;1;2;124;
17;5;1;2;64;
2;6;1;2;128;
1;20;1;2;4;
10;10;1;2;112;
4;11;1;2;136;
3;13;1;2;244;
8;13;1;2;199;
8;6;1;2;61;
1;14;1;2;233;
4;19;1;2;280;
8;3;1;2;186;
14;11;1;2;4;
18;5;1;2;172;
19;9;1;2;278;
1;1;12;167
2;1;13;551
3;1;12;107
4;1;4;651
5;1;20;72
6;1;1;549
7;1;16;489
8;1;18;354
9;1;15;454
10;1;9;224
11;1;15;391
12;1;11;588
13;1;12;441
14;1;16;572
15;1;5;208
16;1;20;42
17;1;15;421
18;1;1;538
19;1;6;126
*** EOF ***