**** 1 ****
50
20;5;1;2;262;
13;12;1;2;68;
5;8;1;2;52;
12;20;1;2;278;
3;16;1;2;338;
4;8;1;2;235;
9;1;1;2;187;
12;18;1;2;246;
19;15;1;2;296;
9;13;1;2;24;
4;18;1;2;100;
15;19;1;2;383;
13;5;1;2;113;
5;15;1;2;360;
19;6;1;2;286;
17;14;1;2;204;
4;3;1;2;388;
12;16;1;2;24;
8;4;1;2;141;
19;16;1;2;339;
20;10;1;2;23;
9;2;1;2;45;
8;16;1;2;315;
16;5;1;2;124;
13;7;1;2;59;
11;4;1;2;14;
9;19;1;2;166;
20;6;1;2;255;
18;15;1;2;76;
15;15;1;2;213;
10;16;1;2;293;
1;18;1;2;161;
10;3;1;2;91;
19;7;1;2;125;
4;5;1;2;242;
13;16;1;2;214;
4;2;1;2;371;
2;1;1;2;193;
9;4;1;2;290;
2;9;1;2;363;
12;19;1;2;107;
17;1;1;2;244;
14;4;1;2;68;
17;13;1;2;359;
7;5;1;2;146;
1;5;1;2;257;
7;5;1;2;378;
5;3;1;2;129;
14;8;1;2;350;
18;7;1;2;291;
1;1;5;87
2;1;1;452
3;1;14;413
4;1;12;224
5;1;12;568
6;1;18;767
7;1;7;493
8;1;2;42
9;1;10;302
10;1;3;407
11;1;2;240
12;1;18;120
13;1;14;695
14;1;15;477
15;1;4;56
16;1;16;637
17;1;20;313
18;1;8;73
19;1;15;728
20;1;20;456
21;1;9;376
22;1;19;161
23;1;15;342
24;1;18;532
*** EOF ***