**** 8 ****
50
10;6;1;2;43;
13;16;1;2;213;
9;3;1;2;153;
11;3;1;2;335;
17;12;1;2;373;
13;17;1;2;168;
20;3;1;2;11;
18;17;1;2;342;
16;1;1;2;201;
11;12;1;2;275;
1;13;1;2;301;
17;12;1;2;288;
13;13;1;2;14;
5;19;1;2;215;
7;5;1;2;158;
7;1;1;2;386;
15;15;1;2;195;
5;11;1;2;346;
4;18;1;2;146;
20;10;1;2;113;
13;3;1;2;131;
18;2;1;2;376;
19;11;1;2;97;
3;16;1;2;306;
8;3;1;2;182;
8;20;1;2;124;
1;20;1;2;401;
18;10;1;2;354;
9;13;1;2;124;
7;1;1;2;383;
2;3;1;2;295;
9;19;1;2;403;
8;1;1;2;185;
3;4;1;2;141;
20;20;1;2;318;
9;8;1;2;228;
5;3;1;2;292;
3;17;1;2;306;
4;2;1;2;1;
4;9;1;2;284;
15;10;1;2;128;
5;4;1;2;326;
15;6;1;2;405;
17;12;1;2;380;
18;19;1;2;257;
18;19;1;2;255;
18;19;1;2;244;
10;8;1;2;236;
15;9;1;2;330;
17;7;1;2;398;
1;1;13;607
2;1;14;660
3;1;2;496
4;1;10;180
5;1;15;739
6;1;5;690
7;1;8;110
8;1;16;262
9;1;19;290
10;1;17;352
11;1;17;776
12;1;12;412
13;1;11;698
14;1;19;517
15;1;16;30
16;1;10;431
17;1;1;404
18;1;8;139
19;1;12;242
20;1;3;713
21;1;1;545
22;1;11;95
23;1;19;60
24;1;8;622
*** EOF ***