**** 18 ****
50
8;16;1;2;296;
15;20;1;2;43;
17;5;1;2;156;
15;4;1;2;301;
6;3;1;2;235;
19;16;1;2;200;
14;17;1;2;152;
2;1;1;2;342;
10;3;1;2;315;
19;17;1;2;94;
16;3;1;2;254;
8;15;1;2;28;
8;16;1;2;93;
8;14;1;2;253;
9;19;1;2;321;
12;20;1;2;342;
19;18;1;2;202;
8;18;1;2;91;
8;19;1;2;264;
8;19;1;2;115;
9;9;1;2;233;
7;18;1;2;177;
15;15;1;2;33;
3;2;1;2;164;
15;12;1;2;218;
2;9;1;2;2;
12;6;1;2;259;
6;18;1;2;242;
15;14;1;2;243;
2;18;1;2;262;
15;11;1;2;127;
3;3;1;2;223;
7;16;1;2;305;
5;17;1;2;169;
9;7;1;2;73;
2;1;1;2;290;
16;12;1;2;85;
4;1;1;2;90;
11;15;1;2;271;
9;5;1;2;163;
17;8;1;2;157;
15;4;1;2;111;
2;11;1;2;145;
5;18;1;2;10;
7;12;1;2;233;
15;14;1;2;261;
3;8;1;2;26;
20;5;1;2;50;
14;17;1;2;12;
9;19;1;2;342;
1;1;9;577
2;1;10;89
3;1;15;380
4;1;10;475
5;1;15;136
6;1;12;264
7;1;10;302
8;1;20;229
9;1;20;682
10;1;6;372
11;1;9;593
12;1;12;513
13;1;2;3
14;1;18;641
15;1;6;184
16;1;5;321
17;1;9;112
18;1;3;85
*** EOF ***