**** 7 ****
50
10;6;1;2;177;
9;1;1;2;284;
2;16;1;2;78;
15;11;1;2;266;
17;20;1;2;343;
18;16;1;2;287;
16;16;1;2;123;
4;14;1;2;330;
4;15;1;2;234;
2;5;1;2;310;
6;13;1;2;325;
14;1;1;2;210;
1;2;1;2;90;
3;2;1;2;127;
17;20;1;2;22;
15;2;1;2;225;
12;12;1;2;122;
5;7;1;2;146;
2;12;1;2;116;
18;1;1;2;133;
10;3;1;2;295;
12;7;1;2;161;
8;7;1;2;216;
17;3;1;2;14;
12;4;1;2;249;
9;4;1;2;85;
10;10;1;2;102;
15;4;1;2;48;
17;7;1;2;354;
15;14;1;2;88;
2;12;1;2;95;
3;1;1;2;2;
8;2;1;2;256;
1;2;1;2;226;
19;5;1;2;188;
14;18;1;2;351;
18;20;1;2;48;
17;20;1;2;202;
1;19;1;2;123;
13;7;1;2;75;
13;12;1;2;58;
4;7;1;2;262;
12;10;1;2;39;
5;14;1;2;324;
4;7;1;2;310;
17;20;1;2;281;
16;14;1;2;326;
5;13;1;2;231;
3;8;1;2;65;
13;10;1;2;139;
1;1;15;323
2;1;3;105
3;1;16;545
4;1;4;301
5;1;3;190
6;1;9;629
7;1;19;605
8;1;14;25
9;1;8;653
10;1;1;210
11;1;11;194
12;1;14;687
13;1;13;403
14;1;20;241
15;1;3;462
16;1;12;731
17;1;20;135
18;1;1;594
19;1;19;704
20;1;9;82
21;1;11;225
22;1;13;490
*** EOF ***