**** 2 ****
50
8;16;1;2;120;
14;11;1;2;92;
8;13;1;2;332;
16;11;1;2;301;
14;20;1;2;186;
6;15;1;2;263;
11;9;1;2;373;
6;3;1;2;84;
13;10;1;2;88;
5;17;1;2;188;
15;15;1;2;279;
20;20;1;2;353;
18;10;1;2;307;
20;16;1;2;287;
18;4;1;2;199;
14;2;1;2;328;
20;18;1;2;139;
9;13;1;2;181;
19;16;1;2;171;
9;15;1;2;79;
4;11;1;2;16;
7;11;1;2;285;
12;3;1;2;257;
14;20;1;2;138;
6;18;1;2;306;
2;11;1;2;336;
14;10;1;2;372;
9;18;1;2;150;
16;16;1;2;219;
2;9;1;2;180;
7;7;1;2;125;
8;18;1;2;239;
14;5;1;2;91;
7;4;1;2;209;
2;17;1;2;208;
14;2;1;2;102;
19;7;1;2;101;
19;8;1;2;226;
5;9;1;2;305;
19;12;1;2;232;
4;9;1;2;306;
4;2;1;2;186;
20;9;1;2;381;
6;4;1;2;303;
17;1;1;2;92;
16;18;1;2;119;
3;17;1;2;184;
3;7;1;2;81;
5;16;1;2;132;
10;13;1;2;52;
1;1;11;546
2;1;6;490
3;1;7;414
4;1;17;727
5;1;6;237
6;1;4;752
7;1;19;355
8;1;20;265
9;1;8;82
10;1;1;393
11;1;7;135
12;1;9;166
13;1;7;575
14;1;18;110
15;1;15;34
16;1;15;513
17;1;5;157
18;1;1;723
19;1;17;319
20;1;10;479
21;1;13;441
*** EOF ***