**** 16 ****
50
13;6;1;2;144;
6;6;1;2;27;
3;14;1;2;106;
15;6;1;2;80;
10;9;1;2;279;
3;19;1;2;26;
6;9;1;2;27;
7;7;1;2;51;
19;10;1;2;68;
16;12;1;2;202;
4;12;1;2;255;
1;18;1;2;334;
3;19;1;2;190;
12;13;1;2;195;
9;5;1;2;145;
19;16;1;2;16;
10;19;1;2;104;
17;15;1;2;312;
4;1;1;2;180;
6;3;1;2;18;
2;19;1;2;165;
13;5;1;2;334;
3;5;1;2;233;
12;17;1;2;345;
4;2;1;2;215;
16;9;1;2;291;
12;11;1;2;259;
5;2;1;2;322;
6;7;1;2;220;
9;20;1;2;175;
3;11;1;2;241;
3;17;1;2;56;
10;19;1;2;87;
9;3;1;2;253;
12;14;1;2;238;
8;13;1;2;288;
5;13;1;2;156;
14;13;1;2;227;
14;16;1;2;299;
4;9;1;2;63;
18;18;1;2;163;
17;20;1;2;26;
20;12;1;2;47;
12;2;1;2;150;
11;18;1;2;149;
3;4;1;2;71;
15;19;1;2;276;
7;7;1;2;94;
16;7;1;2;10;
17;17;1;2;298;
1;1;9;459
2;1;15;484
3;1;17;167
4;1;16;21
5;1;18;428
6;1;15;339
7;1;3;324
8;1;6;76
9;1;1;41
10;1;10;597
11;1;7;670
12;1;3;312
13;1;1;694
14;1;15;90
15;1;2;271
16;1;12;226
17;1;17;107
18;1;1;403
19;1;1;546
20;1;12;469
21;1;4;628
22;1;1;652
23;1;16;406
24;1;17;47
*** EOF ***