**** 2 ****
50
1;2;1;2;2;
18;15;1;2;155;
19;10;1;2;192;
15;10;1;2;357;
9;16;1;2;203;
10;4;1;2;351;
2;4;1;2;3;
17;13;1;2;309;
19;6;1;2;334;
10;2;1;2;118;
2;8;1;2;101;
6;9;1;2;193;
10;19;1;2;349;
15;17;1;2;326;
15;5;1;2;172;
5;12;1;2;355;
10;17;1;2;207;
17;12;1;2;196;
19;12;1;2;174;
19;4;1;2;338;
12;7;1;2;105;
1;20;1;2;19;
11;17;1;2;57;
18;18;1;2;358;
16;15;1;2;86;
16;15;1;2;196;
11;9;1;2;90;
10;19;1;2;67;
8;8;1;2;65;
20;20;1;2;345;
5;11;1;2;276;
4;17;1;2;189;
1;19;1;2;265;
4;1;1;2;308;
14;19;1;2;285;
14;10;1;2;25;
9;17;1;2;291;
5;18;1;2;252;
20;3;1;2;89;
18;12;1;2;336;
14;17;1;2;145;
13;16;1;2;90;
19;14;1;2;300;
13;2;1;2;331;
6;5;1;2;293;
2;11;1;2;235;
6;20;1;2;30;
4;15;1;2;111;
4;20;1;2;128;
19;14;1;2;338;
1;1;15;219
2;1;2;387
3;1;1;673
4;1;3;100
5;1;4;653
6;1;1;444
7;1;10;184
8;1;13;406
9;1;19;123
10;1;16;571
11;1;14;199
12;1;5;602
13;1;13;712
14;1;11;454
15;1;14;357
16;1;4;12
17;1;4;616
18;1;7;38
19;1;17;292
20;1;2;75
*** EOF ***