**** 7 ****
50
7;1;1;2;157;
17;20;1;2;186;
12;18;1;2;289;
11;15;1;2;358;
17;9;1;2;360;
13;3;1;2;199;
20;13;1;2;148;
19;17;1;2;339;
20;9;1;2;133;
20;20;1;2;33;
13;1;1;2;214;
12;20;1;2;327;
11;7;1;2;330;
10;20;1;2;287;
9;17;1;2;88;
9;5;1;2;213;
20;8;1;2;70;
12;17;1;2;98;
10;1;1;2;301;
2;17;1;2;239;
12;2;1;2;55;
3;15;1;2;381;
20;1;1;2;289;
10;5;1;2;143;
1;4;1;2;344;
1;10;1;2;246;
10;13;1;2;143;
11;10;1;2;211;
16;1;1;2;72;
18;14;1;2;308;
15;1;1;2;162;
8;5;1;2;67;
16;5;1;2;230;
19;15;1;2;199;
5;5;1;2;361;
15;3;1;2;255;
1;16;1;2;351;
18;12;1;2;57;
14;17;1;2;45;
16;11;1;2;252;
7;16;1;2;365;
16;6;1;2;251;
20;13;1;2;203;
3;19;1;2;190;
7;15;1;2;198;
18;8;1;2;347;
1;16;1;2;157;
12;7;1;2;128;
8;11;1;2;364;
14;17;1;2;19;
1;1;2;75
2;1;8;328
3;1;5;589
4;1;14;150
5;1;20;483
6;1;11;758
7;1;6;429
8;1;16;550
9;1;11;265
10;1;9;14
11;1;16;773
12;1;16;657
13;1;12;615
14;1;15;277
15;1;17;123
*** EOF ***