**** 16 ****
50
18;19;1;2;223;
2;11;1;2;385;
15;9;1;2;106;
12;20;1;2;8;
5;3;1;2;188;
7;10;1;2;56;
14;11;1;2;317;
9;7;1;2;90;
4;12;1;2;44;
12;11;1;2;176;
17;20;1;2;140;
12;19;1;2;371;
2;20;1;2;373;
4;2;1;2;351;
18;10;1;2;191;
12;2;1;2;172;
12;4;1;2;86;
10;11;1;2;309;
13;20;1;2;339;
15;6;1;2;97;
13;19;1;2;360;
7;3;1;2;358;
11;2;1;2;95;
11;18;1;2;266;
19;18;1;2;67;
15;9;1;2;108;
14;3;1;2;206;
18;11;1;2;381;
2;14;1;2;219;
1;6;1;2;139;
5;3;1;2;213;
13;14;1;2;261;
19;4;1;2;359;
16;3;1;2;149;
4;8;1;2;187;
9;13;1;2;277;
17;18;1;2;246;
9;3;1;2;315;
18;10;1;2;350;
5;1;1;2;244;
13;20;1;2;333;
10;2;1;2;253;
3;14;1;2;76;
4;5;1;2;9;
10;17;1;2;206;
8;18;1;2;307;
20;18;1;2;125;
10;1;1;2;184;
3;1;1;2;126;
8;13;1;2;301;
1;1;10;406
2;1;2;268
3;1;3;472
4;1;14;754
5;1;7;528
6;1;8;615
7;1;17;168
8;1;6;235
9;1;5;547
10;1;7;737
11;1;20;483
12;1;1;7
13;1;7;323
14;1;13;244
15;1;4;271
16;1;11;631
17;1;17;195
18;1;19;355
19;1;18;418
20;1;15;676
21;1;19;295
22;1;17;147
23;1;2;260
*** EOF ***