**** 0 ****
50
13;13;1;2;54;
12;13;1;2;235;
4;4;1;2;143;
12;10;1;2;134;
10;10;1;2;178;
5;10;1;2;268;
17;15;1;2;182;
7;7;1;2;150;
16;12;1;2;66;
3;17;1;2;280;
5;1;1;2;205;
17;20;1;2;123;
3;1;1;2;157;
19;7;1;2;318;
20;6;1;2;283;
13;1;1;2;163;
6;1;1;2;276;
1;14;1;2;105;
9;18;1;2;160;
1;11;1;2;304;
7;2;1;2;226;
18;9;1;2;39;
20;16;1;2;248;
8;13;1;2;395;
20;1;1;2;276;
20;17;1;2;87;
1;3;1;2;141;
6;4;1;2;306;
6;5;1;2;61;
13;8;1;2;247;
3;12;1;2;256;
7;16;1;2;111;
20;11;1;2;252;
2;6;1;2;153;
6;1;1;2;228;
18;10;1;2;395;
14;8;1;2;212;
14;15;1;2;155;
10;16;1;2;11;
9;19;1;2;159;
8;1;1;2;261;
20;1;1;2;69;
4;13;1;2;187;
16;15;1;2;380;
11;2;1;2;392;
17;14;1;2;305;
20;1;1;2;273;
18;10;1;2;3;
3;6;1;2;167;
15;12;1;2;391;
1;1;18;692
2;1;2;107
3;1;6;490
4;1;13;668
5;1;6;6
6;1;3;447
7;1;19;382
8;1;11;186
9;1;1;44
10;1;4;782
11;1;2;16
12;1;3;583
13;1;14;462
14;1;11;223
15;1;7;613
16;1;14;509
17;1;5;599
18;1;9;772
19;1;12;289
20;1;16;726
21;1;16;19
22;1;6;427
23;1;19;80
24;1;10;359
25;1;15;530
26;1;3;206
*** EOF ***