**** 10 ****
50
19;1;1;2;141;
6;6;1;2;118;
6;8;1;2;130;
18;5;1;2;165;
4;14;1;2;161;
10;8;1;2;139;
1;19;1;2;28;
9;18;1;2;130;
20;7;1;2;245;
10;13;1;2;73;
6;16;1;2;296;
8;9;1;2;179;
14;13;1;2;79;
19;10;1;2;157;
20;16;1;2;115;
19;19;1;2;161;
6;20;1;2;128;
19;10;1;2;124;
6;14;1;2;142;
16;7;1;2;266;
4;1;1;2;262;
15;11;1;2;142;
5;6;1;2;175;
18;9;1;2;199;
10;14;1;2;143;
15;15;1;2;79;
15;7;1;2;315;
9;1;1;2;299;
6;10;1;2;302;
5;16;1;2;2;
5;18;1;2;251;
4;7;1;2;291;
13;9;1;2;49;
1;14;1;2;337;
6;11;1;2;189;
7;17;1;2;95;
17;9;1;2;295;
2;9;1;2;53;
2;13;1;2;313;
20;17;1;2;282;
4;3;1;2;282;
4;6;1;2;76;
7;13;1;2;248;
8;20;1;2;128;
12;15;1;2;3;
4;1;1;2;96;
15;12;1;2;83;
12;4;1;2;232;
13;14;1;2;72;
20;14;1;2;161;
1;1;19;317
2;1;17;248
3;1;16;410
4;1;7;99
5;1;9;117
6;1;1;167
7;1;8;267
8;1;3;569
9;1;10;488
10;1;15;142
11;1;16;576
12;1;16;673
13;1;6;461
14;1;14;205
15;1;17;336
*** EOF ***