**** 15 ****
50
3;7;1;2;125;
3;8;1;2;73;
11;20;1;2;192;
15;12;1;2;30;
7;4;1;2;181;
2;9;1;2;295;
11;5;1;2;202;
13;13;1;2;241;
2;18;1;2;36;
3;19;1;2;12;
1;15;1;2;85;
11;8;1;2;65;
2;15;1;2;246;
13;13;1;2;9;
3;16;1;2;112;
20;7;1;2;266;
14;2;1;2;131;
17;15;1;2;75;
7;3;1;2;216;
10;1;1;2;318;
8;3;1;2;212;
9;17;1;2;13;
10;14;1;2;341;
4;4;1;2;166;
17;4;1;2;132;
9;16;1;2;132;
8;3;1;2;75;
9;8;1;2;24;
15;15;1;2;231;
15;4;1;2;196;
14;12;1;2;317;
9;12;1;2;333;
18;12;1;2;6;
5;19;1;2;160;
20;16;1;2;109;
13;6;1;2;68;
9;18;1;2;242;
15;19;1;2;316;
10;14;1;2;293;
20;11;1;2;300;
10;20;1;2;152;
10;3;1;2;147;
18;9;1;2;315;
16;9;1;2;35;
10;12;1;2;274;
9;10;1;2;248;
4;7;1;2;174;
2;6;1;2;157;
4;2;1;2;161;
19;9;1;2;286;
1;1;13;162
2;1;19;298
3;1;9;365
4;1;1;340
5;1;5;436
6;1;14;620
7;1;17;113
8;1;13;682
9;1;9;491
10;1;17;595
11;1;9;535
12;1;17;660
13;1;1;403
14;1;9;176
15;1;16;418
16;1;3;383
17;1;4;210
18;1;2;377
19;1;2;353
*** EOF ***