**** 17 ****
50
20;16;1;2;340;
13;16;1;2;71;
12;1;1;2;12;
15;4;1;2;312;
14;15;1;2;17;
9;18;1;2;301;
12;5;1;2;117;
20;5;1;2;221;
17;20;1;2;156;
5;15;1;2;177;
14;16;1;2;122;
9;15;1;2;384;
16;3;1;2;392;
8;14;1;2;351;
12;18;1;2;191;
10;9;1;2;43;
7;7;1;2;138;
6;2;1;2;172;
18;6;1;2;360;
15;10;1;2;206;
18;2;1;2;27;
5;13;1;2;150;
19;2;1;2;48;
8;13;1;2;163;
2;5;1;2;75;
20;2;1;2;283;
4;17;1;2;363;
20;5;1;2;140;
3;13;1;2;65;
18;9;1;2;205;
13;19;1;2;107;
2;10;1;2;212;
12;6;1;2;302;
9;1;1;2;79;
3;9;1;2;387;
13;17;1;2;146;
17;15;1;2;124;
19;7;1;2;171;
12;12;1;2;236;
6;3;1;2;276;
11;3;1;2;282;
15;16;1;2;332;
9;5;1;2;328;
20;4;1;2;124;
3;1;1;2;393;
19;3;1;2;27;
10;2;1;2;324;
10;7;1;2;162;
9;16;1;2;280;
16;1;1;2;85;
1;1;14;212
2;1;6;802
3;1;5;663
4;1;8;328
5;1;19;262
6;1;1;87
7;1;14;572
8;1;7;198
9;1;6;164
10;1;1;635
11;1;14;416
12;1;8;318
13;1;9;23
14;1;12;458
15;1;2;605
16;1;6;820
17;1;3;744
18;1;3;303
19;1;8;346
20;1;18;780
21;1;20;474
22;1;19;375
23;1;16;616
24;1;13;399
*** EOF ***