**** 8 ****
50
11;14;1;2;175;
11;12;1;2;121;
9;1;1;2;278;
16;10;1;2;226;
3;1;1;2;245;
7;16;1;2;273;
16;14;1;2;182;
8;5;1;2;331;
17;20;1;2;114;
4;12;1;2;263;
20;11;1;2;271;
2;4;1;2;206;
4;4;1;2;348;
2;9;1;2;314;
16;1;1;2;178;
2;17;1;2;26;
6;9;1;2;195;
7;11;1;2;137;
18;20;1;2;223;
9;9;1;2;212;
15;2;1;2;192;
11;20;1;2;23;
5;9;1;2;33;
3;15;1;2;279;
5;15;1;2;150;
10;14;1;2;49;
19;9;1;2;198;
12;15;1;2;338;
12;20;1;2;146;
13;11;1;2;269;
2;15;1;2;121;
4;6;1;2;249;
13;10;1;2;245;
6;14;1;2;270;
6;18;1;2;288;
1;10;1;2;53;
19;1;1;2;11;
10;12;1;2;114;
17;17;1;2;327;
6;18;1;2;44;
1;5;1;2;29;
12;2;1;2;128;
5;20;1;2;30;
5;18;1;2;43;
19;2;1;2;265;
11;2;1;2;253;
15;19;1;2;272;
14;11;1;2;190;
16;7;1;2;248;
8;18;1;2;256;
1;1;14;401
2;1;19;558
3;1;12;340
4;1;12;378
5;1;9;547
6;1;14;529
7;1;19;599
8;1;9;424
9;1;15;105
10;1;12;90
11;1;13;204
12;1;1;703
13;1;7;13
14;1;3;57
15;1;6;243
16;1;10;587
17;1;20;470
18;1;13;317
19;1;14;282
20;1;1;124
21;1;1;652
*** EOF ***