**** 3 ****
50
15;9;1;2;90;
16;1;1;2;119;
2;7;1;2;273;
2;5;1;2;66;
4;5;1;2;71;
13;5;1;2;292;
4;17;1;2;199;
12;3;1;2;243;
5;17;1;2;116;
20;12;1;2;97;
1;16;1;2;69;
11;18;1;2;21;
3;10;1;2;190;
12;14;1;2;199;
9;19;1;2;61;
10;11;1;2;80;
19;19;1;2;177;
4;6;1;2;16;
13;8;1;2;310;
1;3;1;2;154;
7;12;1;2;171;
20;18;1;2;219;
7;11;1;2;272;
16;5;1;2;206;
13;20;1;2;171;
8;19;1;2;136;
1;20;1;2;140;
9;13;1;2;36;
9;6;1;2;231;
13;20;1;2;255;
3;17;1;2;242;
19;20;1;2;60;
4;19;1;2;111;
20;2;1;2;298;
5;20;1;2;239;
1;14;1;2;238;
8;1;1;2;43;
6;9;1;2;138;
18;11;1;2;222;
9;2;1;2;311;
8;19;1;2;201;
7;14;1;2;65;
13;19;1;2;140;
2;6;1;2;163;
18;4;1;2;90;
18;14;1;2;226;
1;12;1;2;183;
6;3;1;2;138;
9;2;1;2;101;
17;2;1;2;228;
1;1;5;415
2;1;15;158
3;1;17;353
4;1;11;80
5;1;19;389
6;1;3;530
7;1;2;634
8;1;2;586
9;1;16;243
10;1;2;328
11;1;4;522
12;1;10;95
13;1;15;425
14;1;15;336
15;1;6;215
16;1;6;639
17;1;9;451
18;1;5;287
19;1;5;123
20;1;8;18
21;1;3;147
*** EOF ***