**** 18 ****
50
20;8;1;2;277;
1;1;1;2;206;
9;17;1;2;174;
12;10;1;2;393;
15;1;1;2;282;
14;18;1;2;281;
1;7;1;2;375;
11;7;1;2;218;
10;18;1;2;92;
18;2;1;2;338;
8;12;1;2;217;
14;15;1;2;38;
20;5;1;2;351;
8;8;1;2;410;
7;2;1;2;415;
13;10;1;2;216;
12;3;1;2;204;
15;1;1;2;300;
17;3;1;2;16;
18;2;1;2;310;
6;1;1;2;351;
1;15;1;2;5;
16;12;1;2;411;
3;5;1;2;276;
6;10;1;2;387;
20;2;1;2;1;
19;17;1;2;291;
8;6;1;2;298;
4;5;1;2;337;
2;18;1;2;122;
4;4;1;2;44;
20;6;1;2;264;
3;15;1;2;228;
4;3;1;2;378;
12;9;1;2;75;
5;13;1;2;284;
8;9;1;2;379;
10;1;1;2;334;
16;11;1;2;87;
10;15;1;2;5;
15;9;1;2;374;
12;2;1;2;155;
19;2;1;2;371;
6;13;1;2;400;
18;18;1;2;343;
7;8;1;2;398;
18;14;1;2;146;
13;16;1;2;89;
6;10;1;2;231;
9;4;1;2;92;
1;1;5;144
2;1;9;730
3;1;8;703
4;1;18;522
5;1;4;59
6;1;17;772
7;1;2;518
8;1;13;425
9;1;7;572
10;1;3;182
11;1;20;87
12;1;17;713
13;1;18;656
14;1;5;444
15;1;16;587
16;1;7;399
17;1;8;13
18;1;18;350
19;1;9;825
20;1;5;151
21;1;18;491
22;1;16;254
23;1;15;313
24;1;17;214
25;1;6;159
26;1;9;117
*** EOF ***