**** 10 ****
50
16;2;1;2;244;
14;8;1;2;373;
19;2;1;2;210;
8;15;1;2;214;
4;9;1;2;390;
4;8;1;2;17;
4;12;1;2;307;
7;18;1;2;68;
4;1;1;2;288;
13;20;1;2;303;
16;12;1;2;185;
18;17;1;2;227;
1;4;1;2;235;
13;16;1;2;206;
10;3;1;2;220;
18;10;1;2;105;
4;2;1;2;309;
2;15;1;2;101;
6;4;1;2;226;
11;9;1;2;109;
11;14;1;2;311;
16;2;1;2;245;
2;14;1;2;417;
19;1;1;2;34;
11;9;1;2;365;
13;19;1;2;130;
2;11;1;2;75;
14;16;1;2;222;
20;5;1;2;383;
15;1;1;2;326;
19;16;1;2;177;
5;17;1;2;290;
4;1;1;2;280;
14;8;1;2;111;
20;11;1;2;282;
2;5;1;2;135;
7;20;1;2;65;
16;16;1;2;232;
12;4;1;2;112;
4;7;1;2;251;
6;14;1;2;59;
18;1;1;2;97;
9;6;1;2;206;
10;4;1;2;70;
14;15;1;2;360;
14;12;1;2;293;
17;4;1;2;14;
10;10;1;2;52;
15;8;1;2;374;
19;3;1;2;194;
1;1;2;540
2;1;18;157
3;1;4;805
4;1;7;200
5;1;17;94
6;1;16;305
7;1;14;357
8;1;14;743
9;1;12;258
10;1;17;658
11;1;6;412
12;1;3;715
13;1;20;679
14;1;5;426
15;1;18;548
16;1;7;55
17;1;9;76
18;1;16;727
19;1;19;578
20;1;12;791
21;1;6;273
22;1;20;471
23;1;18;372
24;1;4;628
25;1;9;30
*** EOF ***