**** 18 ****
50
1;12;1;2;313;
3;19;1;2;130;
17;20;1;2;163;
2;16;1;2;220;
16;3;1;2;350;
17;8;1;2;382;
12;11;1;2;388;
20;1;1;2;41;
14;15;1;2;308;
9;7;1;2;274;
7;18;1;2;16;
16;16;1;2;218;
12;12;1;2;5;
19;20;1;2;136;
7;11;1;2;86;
2;1;1;2;146;
19;10;1;2;128;
11;5;1;2;290;
18;16;1;2;234;
6;3;1;2;1;
6;2;1;2;275;
3;17;1;2;220;
19;17;1;2;378;
2;15;1;2;4;
20;14;1;2;321;
12;14;1;2;140;
16;18;1;2;126;
4;11;1;2;42;
4;4;1;2;32;
13;3;1;2;251;
19;11;1;2;399;
13;2;1;2;228;
16;19;1;2;341;
17;12;1;2;100;
16;15;1;2;331;
14;20;1;2;269;
10;4;1;2;170;
18;15;1;2;302;
13;16;1;2;309;
5;16;1;2;20;
10;6;1;2;246;
7;3;1;2;344;
20;9;1;2;29;
4;13;1;2;367;
19;5;1;2;106;
16;20;1;2;165;
2;14;1;2;205;
3;9;1;2;267;
14;6;1;2;250;
14;13;1;2;249;
1;1;5;512
2;1;3;274
3;1;9;339
4;1;19;791
5;1;12;19
6;1;3;87
7;1;19;572
8;1;5;287
9;1;20;319
10;1;16;623
11;1;18;62
12;1;5;105
13;1;14;419
14;1;13;246
15;1;15;549
16;1;12;400
17;1;18;754
18;1;14;645
19;1;6;469
20;1;5;594
21;1;5;137
*** EOF ***