**** 1 ****
50
11;7;1;2;247;
19;19;1;2;95;
19;5;1;2;375;
14;17;1;2;393;
13;5;1;2;107;
4;8;1;2;35;
3;5;1;2;354;
2;7;1;2;192;
7;2;1;2;406;
13;12;1;2;251;
13;13;1;2;362;
6;15;1;2;151;
3;1;1;2;138;
18;6;1;2;156;
20;18;1;2;121;
8;1;1;2;239;
7;11;1;2;254;
11;17;1;2;89;
12;13;1;2;381;
8;6;1;2;365;
3;16;1;2;382;
20;7;1;2;223;
15;10;1;2;386;
10;7;1;2;312;
18;9;1;2;398;
13;11;1;2;226;
17;8;1;2;68;
20;9;1;2;289;
7;1;1;2;67;
7;18;1;2;390;
4;5;1;2;219;
4;7;1;2;309;
11;1;1;2;88;
8;15;1;2;89;
17;10;1;2;324;
8;10;1;2;151;
10;16;1;2;303;
11;14;1;2;285;
3;7;1;2;384;
20;3;1;2;134;
7;17;1;2;118;
9;9;1;2;143;
19;1;1;2;270;
19;17;1;2;413;
8;1;1;2;124;
4;15;1;2;272;
5;8;1;2;216;
16;17;1;2;408;
15;20;1;2;197;
12;9;1;2;324;
1;1;2;499
2;1;13;226
3;1;15;678
4;1;7;800
5;1;10;552
6;1;14;249
7;1;17;268
8;1;12;736
9;1;16;331
10;1;2;780
11;1;2;809
12;1;18;462
13;1;8;26
14;1;11;588
15;1;5;59
16;1;13;445
17;1;6;100
18;1;13;702
19;1;9;128
20;1;14;70
21;1;18;638
22;1;7;382
23;1;13;845
24;1;16;396
25;1;5;567
26;1;19;530
27;1;20;612
*** EOF ***