**** 2 ****
50
14;14;1;2;46;
6;10;1;2;350;
13;18;1;2;352;
9;7;1;2;265;
6;18;1;2;119;
18;20;1;2;228;
3;13;1;2;128;
12;6;1;2;334;
12;20;1;2;39;
4;18;1;2;265;
14;13;1;2;287;
17;15;1;2;204;
1;8;1;2;353;
3;16;1;2;167;
11;15;1;2;336;
11;15;1;2;147;
1;8;1;2;356;
13;1;1;2;112;
12;1;1;2;298;
9;8;1;2;226;
6;14;1;2;117;
18;16;1;2;62;
15;7;1;2;230;
3;13;1;2;262;
1;9;1;2;246;
9;7;1;2;323;
15;7;1;2;126;
13;14;1;2;253;
15;13;1;2;232;
16;9;1;2;344;
19;17;1;2;240;
2;19;1;2;65;
8;8;1;2;362;
18;20;1;2;17;
14;16;1;2;264;
1;7;1;2;51;
8;18;1;2;244;
10;12;1;2;265;
2;17;1;2;345;
3;8;1;2;215;
17;7;1;2;147;
11;20;1;2;240;
19;8;1;2;255;
10;6;1;2;298;
2;8;1;2;268;
14;13;1;2;351;
12;7;1;2;180;
15;1;1;2;141;
2;10;1;2;337;
12;5;1;2;203;
1;1;7;488
2;1;15;71
3;1;5;294
4;1;20;443
5;1;10;343
6;1;10;16
7;1;8;623
8;1;12;366
9;1;1;510
10;1;5;258
11;1;20;151
12;1;17;31
13;1;17;530
14;1;6;556
15;1;5;569
16;1;7;598
17;1;8;59
18;1;5;228
19;1;7;358
20;1;15;184
21;1;4;178
22;1;11;87
23;1;13;609
*** EOF ***