**** 6 ****
50
6;8;1;2;24;
20;11;1;2;269;
10;6;1;2;131;
5;4;1;2;190;
2;9;1;2;8;
5;1;1;2;164;
20;14;1;2;140;
8;5;1;2;22;
18;3;1;2;110;
1;7;1;2;276;
3;2;1;2;22;
9;12;1;2;296;
2;18;1;2;184;
9;10;1;2;169;
5;12;1;2;118;
2;6;1;2;174;
3;3;1;2;235;
5;18;1;2;157;
16;2;1;2;66;
5;20;1;2;251;
3;13;1;2;96;
4;9;1;2;272;
18;1;1;2;11;
17;3;1;2;218;
15;1;1;2;140;
10;2;1;2;43;
2;10;1;2;282;
3;13;1;2;202;
7;9;1;2;206;
10;19;1;2;282;
18;9;1;2;293;
14;14;1;2;31;
8;20;1;2;10;
12;10;1;2;178;
2;8;1;2;207;
2;4;1;2;32;
11;19;1;2;225;
11;7;1;2;275;
13;11;1;2;267;
19;17;1;2;291;
12;17;1;2;169;
2;12;1;2;54;
20;12;1;2;115;
8;2;1;2;255;
3;12;1;2;172;
18;20;1;2;262;
12;10;1;2;100;
19;3;1;2;192;
18;4;1;2;194;
17;5;1;2;291;
1;1;4;496
2;1;5;490
3;1;4;523
4;1;8;425
5;1;6;121
6;1;13;80
7;1;6;449
8;1;7;541
9;1;7;181
10;1;8;298
11;1;11;569
12;1;8;173
13;1;18;503
14;1;6;38
*** EOF ***