**** 13 ****
50
4;10;1;2;361;
6;7;1;2;274;
2;10;1;2;366;
2;3;1;2;74;
14;5;1;2;261;
15;4;1;2;311;
16;12;1;2;93;
16;7;1;2;109;
9;9;1;2;177;
17;17;1;2;8;
7;14;1;2;8;
10;11;1;2;29;
8;9;1;2;314;
13;2;1;2;187;
2;3;1;2;207;
11;15;1;2;347;
7;16;1;2;116;
16;14;1;2;94;
12;5;1;2;280;
17;18;1;2;203;
20;8;1;2;310;
17;7;1;2;160;
18;18;1;2;147;
12;6;1;2;218;
2;1;1;2;319;
16;1;1;2;140;
10;16;1;2;271;
6;4;1;2;216;
6;7;1;2;246;
19;14;1;2;335;
6;17;1;2;275;
3;6;1;2;101;
18;1;1;2;149;
19;17;1;2;38;
15;8;1;2;222;
10;5;1;2;41;
18;20;1;2;131;
5;6;1;2;55;
9;9;1;2;145;
6;9;1;2;285;
17;3;1;2;126;
18;8;1;2;191;
13;5;1;2;350;
9;17;1;2;49;
16;9;1;2;136;
19;13;1;2;347;
7;2;1;2;173;
12;3;1;2;259;
4;9;1;2;200;
11;8;1;2;309;
1;1;10;368
2;1;11;253
3;1;17;305
4;1;14;463
5;1;12;527
6;1;9;687
7;1;6;671
8;1;14;510
9;1;20;218
10;1;4;652
11;1;19;629
12;1;14;192
13;1;16;577
14;1;18;439
*** EOF ***