**** 5 ****
50
12;19;1;2;209;
7;1;1;2;71;
1;2;1;2;292;
8;15;1;2;122;
9;1;1;2;154;
15;11;1;2;185;
6;4;1;2;299;
4;18;1;2;302;
6;10;1;2;307;
5;17;1;2;185;
2;7;1;2;258;
6;17;1;2;172;
17;7;1;2;109;
18;14;1;2;263;
20;8;1;2;126;
10;9;1;2;124;
2;12;1;2;205;
11;9;1;2;19;
17;2;1;2;110;
14;8;1;2;25;
8;18;1;2;312;
15;11;1;2;172;
5;1;1;2;256;
3;16;1;2;39;
13;8;1;2;46;
6;3;1;2;196;
4;6;1;2;291;
15;8;1;2;219;
3;15;1;2;308;
11;19;1;2;214;
7;7;1;2;93;
2;6;1;2;82;
6;11;1;2;174;
6;8;1;2;118;
15;12;1;2;150;
2;19;1;2;150;
1;19;1;2;286;
8;6;1;2;238;
12;11;1;2;267;
8;14;1;2;177;
13;6;1;2;218;
8;2;1;2;230;
7;18;1;2;184;
20;15;1;2;275;
13;16;1;2;7;
13;19;1;2;232;
3;10;1;2;66;
17;2;1;2;103;
7;10;1;2;171;
1;20;1;2;170;
1;1;7;465
2;1;10;326
3;1;12;20
4;1;5;644
5;1;3;612
6;1;20;226
7;1;3;389
8;1;19;281
9;1;16;70
10;1;5;476
11;1;13;514
12;1;6;246
13;1;11;580
14;1;15;593
15;1;8;407
16;1;7;264
17;1;14;109
18;1;8;96
19;1;3;548
20;1;13;48
21;1;7;497
*** EOF ***