**** 17 ****
50
18;7;1;2;210;
9;17;1;2;219;
3;6;1;2;293;
13;4;1;2;137;
9;13;1;2;136;
11;13;1;2;193;
3;6;1;2;181;
3;3;1;2;50;
11;4;1;2;364;
16;16;1;2;164;
2;6;1;2;187;
20;1;1;2;283;
10;15;1;2;75;
16;18;1;2;27;
5;15;1;2;348;
13;3;1;2;341;
4;1;1;2;119;
3;8;1;2;228;
11;10;1;2;287;
16;14;1;2;188;
6;7;1;2;173;
13;3;1;2;16;
18;6;1;2;342;
12;11;1;2;187;
13;1;1;2;70;
12;17;1;2;70;
19;11;1;2;4;
16;1;1;2;313;
3;9;1;2;8;
12;1;1;2;270;
6;4;1;2;256;
6;18;1;2;116;
10;5;1;2;140;
11;17;1;2;60;
7;6;1;2;314;
16;2;1;2;197;
4;18;1;2;320;
9;16;1;2;50;
2;1;1;2;69;
16;18;1;2;137;
10;8;1;2;330;
14;1;1;2;136;
2;9;1;2;318;
3;4;1;2;208;
17;2;1;2;166;
5;15;1;2;195;
14;1;1;2;32;
18;9;1;2;157;
6;5;1;2;235;
10;20;1;2;216;
1;1;1;75
2;1;2;317
3;1;5;519
4;1;20;39
5;1;17;118
6;1;4;312
7;1;15;638
8;1;15;496
9;1;12;331
10;1;10;673
11;1;13;443
12;1;11;105
13;1;5;542
14;1;8;301
15;1;17;212
16;1;19;557
17;1;14;621
18;1;15;462
19;1;19;253
20;1;16;374
21;1;12;528
*** EOF ***