**** 11 ****
50
9;2;1;2;295;
8;8;1;2;74;
18;11;1;2;164;
19;12;1;2;287;
14;14;1;2;189;
8;8;1;2;305;
16;10;1;2;134;
6;3;1;2;56;
18;5;1;2;286;
14;17;1;2;214;
20;2;1;2;345;
11;16;1;2;35;
13;9;1;2;219;
7;10;1;2;128;
12;18;1;2;297;
17;12;1;2;62;
2;2;1;2;278;
11;11;1;2;207;
14;1;1;2;174;
1;3;1;2;308;
11;10;1;2;199;
13;19;1;2;186;
1;16;1;2;185;
8;7;1;2;318;
19;1;1;2;179;
7;4;1;2;42;
9;7;1;2;197;
10;15;1;2;254;
19;4;1;2;286;
17;15;1;2;198;
1;16;1;2;215;
12;8;1;2;261;
7;6;1;2;38;
9;2;1;2;217;
17;16;1;2;52;
13;17;1;2;299;
6;17;1;2;45;
11;6;1;2;36;
15;19;1;2;286;
17;8;1;2;213;
14;5;1;2;350;
7;15;1;2;340;
3;11;1;2;82;
14;1;1;2;207;
19;4;1;2;85;
17;4;1;2;309;
4;9;1;2;259;
13;5;1;2;154;
5;11;1;2;283;
16;5;1;2;169;
1;1;10;435
2;1;3;666
3;1;1;110
4;1;11;272
5;1;18;28
6;1;18;386
7;1;8;313
8;1;13;543
9;1;15;200
10;1;18;168
11;1;1;560
12;1;8;367
13;1;4;424
14;1;16;491
15;1;16;727
*** EOF ***