**** 11 ****
50
7;3;1;2;249;
2;9;1;2;330;
16;9;1;2;172;
1;8;1;2;89;
6;3;1;2;109;
17;18;1;2;30;
18;10;1;2;304;
15;20;1;2;84;
3;5;1;2;319;
4;17;1;2;164;
6;12;1;2;138;
14;16;1;2;209;
14;3;1;2;338;
8;11;1;2;169;
19;1;1;2;315;
10;1;1;2;182;
16;4;1;2;289;
9;4;1;2;57;
8;20;1;2;110;
11;1;1;2;273;
6;14;1;2;317;
5;6;1;2;304;
13;6;1;2;144;
20;6;1;2;141;
2;13;1;2;145;
8;6;1;2;64;
6;2;1;2;129;
14;3;1;2;317;
13;9;1;2;62;
14;14;1;2;299;
1;3;1;2;174;
3;18;1;2;328;
16;10;1;2;199;
5;1;1;2;148;
2;2;1;2;168;
6;20;1;2;321;
20;3;1;2;328;
5;19;1;2;283;
8;18;1;2;306;
1;18;1;2;290;
15;17;1;2;57;
14;14;1;2;298;
20;14;1;2;15;
2;5;1;2;271;
12;19;1;2;316;
11;20;1;2;263;
18;4;1;2;76;
14;9;1;2;164;
4;7;1;2;160;
6;6;1;2;39;
1;1;2;250
2;1;12;513
3;1;9;295
4;1;5;378
5;1;8;595
6;1;17;477
7;1;5;15
8;1;19;530
9;1;8;30
10;1;3;494
11;1;6;316
12;1;18;634
13;1;18;82
14;1;9;157
15;1;4;696
16;1;15;405
17;1;13;678
18;1;12;167
19;1;15;56
20;1;14;104
*** EOF ***