**** 0 ****
50
15;14;1;2;245;
5;2;1;2;211;
3;15;1;2;167;
11;13;1;2;64;
4;9;1;2;144;
14;13;1;2;174;
16;20;1;2;15;
5;17;1;2;104;
12;16;1;2;142;
20;19;1;2;191;
4;17;1;2;103;
19;5;1;2;151;
12;13;1;2;20;
12;15;1;2;91;
2;17;1;2;131;
14;4;1;2;303;
16;5;1;2;355;
6;1;1;2;69;
2;2;1;2;317;
15;3;1;2;263;
4;15;1;2;222;
19;17;1;2;1;
14;10;1;2;135;
10;3;1;2;349;
13;16;1;2;84;
10;17;1;2;209;
18;14;1;2;357;
20;16;1;2;227;
3;13;1;2;43;
4;18;1;2;81;
8;10;1;2;84;
1;10;1;2;149;
18;13;1;2;226;
3;2;1;2;113;
15;11;1;2;183;
12;14;1;2;43;
9;1;1;2;250;
15;7;1;2;134;
20;17;1;2;307;
16;14;1;2;197;
2;12;1;2;358;
4;7;1;2;383;
4;2;1;2;178;
20;3;1;2;141;
20;6;1;2;34;
8;13;1;2;209;
9;9;1;2;135;
8;9;1;2;361;
5;13;1;2;383;
7;8;1;2;46;
1;1;20;611
2;1;6;663
3;1;4;378
4;1;19;672
5;1;18;542
6;1;12;46
7;1;12;136
8;1;19;280
9;1;2;584
10;1;15;762
11;1;4;177
12;1;3;389
13;1;14;449
14;1;5;151
15;1;13;780
16;1;13;512
17;1;19;90
18;1;1;661
19;1;11;183
20;1;18;157
21;1;11;69
22;1;12;199
23;1;9;639
*** EOF ***