**** 2 ****
50
15;7;1;2;330;
10;18;1;2;114;
17;11;1;2;56;
11;8;1;2;179;
13;9;1;2;38;
20;2;1;2;421;
11;6;1;2;424;
18;9;1;2;93;
14;3;1;2;346;
20;4;1;2;105;
9;16;1;2;100;
2;4;1;2;10;
4;13;1;2;135;
1;1;1;2;326;
16;15;1;2;23;
19;14;1;2;135;
19;6;1;2;221;
14;14;1;2;151;
7;6;1;2;365;
1;17;1;2;87;
3;13;1;2;6;
11;4;1;2;3;
8;4;1;2;394;
18;2;1;2;178;
15;17;1;2;437;
6;13;1;2;62;
5;7;1;2;181;
15;18;1;2;272;
20;7;1;2;393;
5;19;1;2;103;
19;4;1;2;221;
14;19;1;2;66;
11;11;1;2;329;
7;16;1;2;117;
17;17;1;2;136;
11;8;1;2;145;
11;6;1;2;334;
17;12;1;2;248;
16;16;1;2;378;
20;4;1;2;318;
17;7;1;2;350;
18;4;1;2;315;
19;20;1;2;20;
16;14;1;2;13;
9;5;1;2;400;
3;11;1;2;34;
3;12;1;2;349;
9;19;1;2;151;
15;5;1;2;148;
13;5;1;2;27;
1;1;8;151
2;1;19;330
3;1;18;61
4;1;19;616
5;1;8;526
6;1;18;213
7;1;13;118
8;1;7;309
9;1;2;99
10;1;2;104
11;1;10;161
12;1;7;18
13;1;11;855
14;1;20;793
15;1;16;568
16;1;13;728
17;1;8;663
18;1;18;543
19;1;16;585
20;1;12;420
21;1;14;487
22;1;8;784
*** EOF ***