**** 3 ****
50
14;7;1;2;307;
2;14;1;2;120;
12;18;1;2;28;
10;7;1;2;209;
11;14;1;2;186;
16;19;1;2;172;
3;3;1;2;245;
11;3;1;2;122;
13;1;1;2;280;
8;2;1;2;224;
14;18;1;2;208;
8;20;1;2;268;
3;18;1;2;75;
9;5;1;2;16;
9;5;1;2;123;
19;18;1;2;214;
11;3;1;2;90;
10;18;1;2;104;
7;14;1;2;326;
9;6;1;2;218;
6;7;1;2;318;
5;5;1;2;34;
10;19;1;2;75;
6;12;1;2;142;
2;16;1;2;297;
14;5;1;2;28;
4;12;1;2;205;
1;2;1;2;258;
11;19;1;2;205;
19;7;1;2;212;
5;18;1;2;73;
16;15;1;2;67;
18;7;1;2;263;
9;5;1;2;299;
8;3;1;2;292;
19;12;1;2;12;
10;5;1;2;223;
14;4;1;2;127;
18;20;1;2;240;
5;4;1;2;78;
13;10;1;2;160;
17;15;1;2;301;
20;7;1;2;259;
14;14;1;2;263;
16;10;1;2;149;
1;10;1;2;95;
6;9;1;2;82;
1;3;1;2;105;
18;7;1;2;41;
3;4;1;2;262;
1;1;6;525
2;1;6;432
3;1;3;571
4;1;20;195
5;1;20;88
6;1;11;289
7;1;17;606
8;1;5;584
9;1;1;536
10;1;10;623
11;1;6;517
12;1;7;362
13;1;19;337
14;1;7;556
15;1;13;45
16;1;4;181
*** EOF ***