**** 17 ****
50
16;16;1;2;149;
13;1;1;2;57;
1;16;1;2;71;
13;1;1;2;89;
10;10;1;2;101;
12;6;1;2;256;
16;11;1;2;329;
20;7;1;2;142;
20;16;1;2;96;
18;11;1;2;80;
1;19;1;2;220;
19;4;1;2;346;
7;12;1;2;70;
5;17;1;2;159;
2;18;1;2;61;
8;1;1;2;126;
10;20;1;2;103;
13;17;1;2;87;
8;18;1;2;196;
6;10;1;2;373;
16;14;1;2;259;
5;15;1;2;277;
18;1;1;2;349;
4;4;1;2;78;
7;13;1;2;351;
9;16;1;2;29;
20;11;1;2;292;
11;1;1;2;211;
9;17;1;2;164;
10;19;1;2;220;
12;16;1;2;215;
14;2;1;2;113;
14;3;1;2;156;
8;13;1;2;382;
17;16;1;2;200;
13;5;1;2;271;
17;14;1;2;16;
14;10;1;2;99;
7;15;1;2;116;
4;19;1;2;119;
7;17;1;2;306;
13;3;1;2;210;
12;18;1;2;9;
5;2;1;2;379;
17;20;1;2;64;
13;7;1;2;359;
17;7;1;2;405;
19;3;1;2;34;
15;19;1;2;316;
7;12;1;2;258;
1;1;8;775
2;1;3;59
3;1;8;466
4;1;6;125
5;1;18;22
6;1;4;208
7;1;3;457
8;1;16;441
9;1;3;67
10;1;5;83
11;1;8;405
12;1;9;752
13;1;1;8
14;1;3;549
15;1;11;632
16;1;9;165
17;1;20;318
18;1;18;572
19;1;15;721
20;1;16;91
21;1;16;672
22;1;8;482
23;1;4;189
24;1;9;497
25;1;20;293
*** EOF ***