**** 14 ****
50
18;1;1;2;8;
2;13;1;2;183;
16;13;1;2;213;
5;1;1;2;228;
18;16;1;2;7;
1;3;1;2;201;
9;5;1;2;211;
10;13;1;2;124;
8;5;1;2;324;
19;17;1;2;44;
3;2;1;2;312;
4;6;1;2;233;
14;15;1;2;107;
14;16;1;2;136;
8;14;1;2;30;
5;18;1;2;214;
16;3;1;2;102;
11;9;1;2;218;
15;5;1;2;32;
5;18;1;2;314;
7;12;1;2;214;
19;1;1;2;341;
20;6;1;2;79;
5;13;1;2;3;
4;16;1;2;305;
8;19;1;2;276;
10;3;1;2;123;
16;11;1;2;354;
6;20;1;2;235;
11;17;1;2;366;
4;17;1;2;154;
3;13;1;2;153;
9;6;1;2;84;
2;11;1;2;2;
8;16;1;2;41;
7;3;1;2;139;
14;5;1;2;62;
12;15;1;2;15;
13;16;1;2;113;
18;10;1;2;221;
3;2;1;2;28;
20;1;1;2;292;
15;20;1;2;4;
8;6;1;2;319;
11;16;1;2;120;
8;1;1;2;79;
18;18;1;2;188;
16;15;1;2;374;
15;1;1;2;123;
10;4;1;2;99;
1;1;15;205
2;1;15;15
3;1;18;457
4;1;4;114
5;1;14;670
6;1;1;426
7;1;20;334
8;1;14;514
9;1;8;497
10;1;18;547
11;1;19;709
12;1;8;103
13;1;1;183
14;1;18;371
15;1;14;598
16;1;18;261
17;1;12;88
18;1;14;528
*** EOF ***