**** 11 ****
50
16;14;1;2;180;
15;5;1;2;239;
15;5;1;2;273;
16;19;1;2;92;
17;17;1;2;91;
10;6;1;2;317;
15;11;1;2;103;
3;19;1;2;218;
6;14;1;2;130;
6;15;1;2;102;
8;10;1;2;67;
19;7;1;2;223;
9;3;1;2;370;
4;8;1;2;42;
2;11;1;2;12;
9;11;1;2;233;
10;5;1;2;294;
8;17;1;2;238;
19;4;1;2;199;
17;4;1;2;274;
10;6;1;2;75;
12;19;1;2;108;
12;12;1;2;214;
5;19;1;2;40;
8;2;1;2;104;
11;4;1;2;355;
5;2;1;2;294;
5;6;1;2;92;
11;18;1;2;373;
1;4;1;2;282;
9;17;1;2;114;
18;3;1;2;117;
16;6;1;2;198;
20;4;1;2;79;
19;16;1;2;160;
8;7;1;2;195;
11;16;1;2;105;
17;6;1;2;105;
10;20;1;2;320;
12;10;1;2;318;
13;13;1;2;84;
5;15;1;2;223;
20;10;1;2;119;
13;10;1;2;144;
19;18;1;2;125;
13;4;1;2;285;
8;4;1;2;27;
12;9;1;2;164;
3;10;1;2;267;
14;16;1;2;248;
1;1;1;123
2;1;6;96
3;1;8;720
4;1;11;229
5;1;5;423
6;1;18;248
7;1;13;201
8;1;14;341
9;1;2;140
10;1;11;387
11;1;7;663
12;1;10;400
13;1;16;154
14;1;7;126
15;1;3;709
16;1;19;315
17;1;17;451
18;1;2;30
19;1;19;599
*** EOF ***