**** 3 ****
50
16;4;1;2;297;
9;4;1;2;293;
5;10;1;2;343;
18;5;1;2;25;
11;20;1;2;320;
1;15;1;2;168;
15;19;1;2;255;
14;13;1;2;241;
4;15;1;2;33;
4;14;1;2;357;
1;14;1;2;292;
16;1;1;2;201;
13;16;1;2;73;
15;9;1;2;35;
13;10;1;2;338;
8;17;1;2;154;
12;18;1;2;276;
12;9;1;2;92;
2;5;1;2;191;
5;7;1;2;277;
13;12;1;2;233;
12;17;1;2;184;
3;9;1;2;331;
5;15;1;2;142;
3;12;1;2;185;
8;18;1;2;209;
4;13;1;2;185;
2;3;1;2;70;
16;16;1;2;259;
14;4;1;2;254;
14;5;1;2;26;
2;1;1;2;204;
15;13;1;2;321;
5;1;1;2;384;
6;9;1;2;332;
8;1;1;2;67;
15;13;1;2;379;
16;10;1;2;200;
12;12;1;2;335;
16;17;1;2;331;
13;13;1;2;217;
14;14;1;2;200;
19;17;1;2;160;
14;2;1;2;68;
2;17;1;2;302;
5;19;1;2;370;
4;10;1;2;330;
17;16;1;2;230;
19;16;1;2;98;
19;7;1;2;214;
1;1;11;256
2;1;18;213
3;1;17;496
4;1;9;299
5;1;4;87
6;1;15;558
7;1;18;767
8;1;19;189
9;1;11;414
10;1;10;277
11;1;10;679
12;1;9;31
13;1;7;586
14;1;14;332
15;1;10;741
16;1;14;154
17;1;16;390
18;1;14;138
19;1;15;232
20;1;18;54
*** EOF ***