**** 8 ****
50
12;1;1;2;15;
15;19;1;2;203;
15;20;1;2;308;
17;2;1;2;168;
6;13;1;2;147;
16;6;1;2;8;
3;13;1;2;264;
14;5;1;2;341;
15;16;1;2;30;
19;7;1;2;62;
4;8;1;2;336;
2;16;1;2;153;
1;16;1;2;179;
6;19;1;2;84;
9;11;1;2;164;
4;13;1;2;314;
13;17;1;2;138;
4;8;1;2;203;
4;20;1;2;130;
7;1;1;2;59;
11;3;1;2;141;
6;7;1;2;107;
18;16;1;2;353;
5;3;1;2;30;
20;8;1;2;28;
19;8;1;2;285;
8;4;1;2;146;
2;5;1;2;82;
7;10;1;2;261;
20;17;1;2;72;
2;1;1;2;285;
7;11;1;2;329;
10;7;1;2;50;
15;4;1;2;276;
9;20;1;2;269;
9;11;1;2;19;
6;18;1;2;71;
11;13;1;2;65;
17;9;1;2;186;
19;12;1;2;54;
16;4;1;2;32;
19;12;1;2;269;
19;9;1;2;70;
13;20;1;2;299;
10;9;1;2;167;
14;7;1;2;276;
5;15;1;2;300;
16;1;1;2;130;
7;15;1;2;213;
3;4;1;2;214;
1;1;13;541
2;1;13;100
3;1;14;674
4;1;16;16
5;1;14;315
6;1;3;139
7;1;6;155
8;1;1;491
9;1;3;482
10;1;19;242
11;1;6;91
12;1;7;617
13;1;3;652
14;1;8;417
15;1;3;265
16;1;1;34
17;1;9;63
18;1;1;700
19;1;14;275
20;1;2;598
21;1;10;78
22;1;18;344
*** EOF ***