**** 9 ****
50
8;14;1;2;100;
2;12;1;2;118;
7;8;1;2;289;
20;11;1;2;117;
14;19;1;2;113;
14;5;1;2;147;
17;14;1;2;285;
14;4;1;2;46;
1;19;1;2;335;
9;7;1;2;21;
2;6;1;2;371;
3;18;1;2;65;
11;18;1;2;198;
6;18;1;2;289;
11;12;1;2;111;
14;9;1;2;300;
9;15;1;2;107;
6;11;1;2;149;
16;11;1;2;51;
1;14;1;2;323;
13;2;1;2;116;
8;20;1;2;167;
5;11;1;2;1;
16;4;1;2;183;
15;12;1;2;66;
20;5;1;2;374;
12;10;1;2;375;
6;16;1;2;166;
14;15;1;2;260;
19;1;1;2;118;
1;5;1;2;114;
19;19;1;2;218;
14;6;1;2;312;
19;2;1;2;18;
5;3;1;2;209;
2;3;1;2;49;
4;4;1;2;80;
7;13;1;2;137;
17;9;1;2;319;
17;15;1;2;327;
17;12;1;2;322;
17;6;1;2;81;
8;8;1;2;182;
19;17;1;2;104;
16;5;1;2;94;
19;1;1;2;5;
13;2;1;2;55;
18;17;1;2;358;
19;1;1;2;319;
20;19;1;2;249;
1;1;8;724
2;1;19;596
3;1;4;251
4;1;7;708
5;1;4;132
6;1;20;660
7;1;5;633
8;1;4;651
9;1;15;376
10;1;19;69
11;1;3;470
12;1;1;111
13;1;4;638
14;1;11;363
15;1;4;27
16;1;19;566
17;1;9;411
18;1;15;476
*** EOF ***