**** 4 ****
50
10;12;1;2;351;
6;9;1;2;364;
8;7;1;2;340;
1;3;1;2;295;
15;6;1;2;66;
13;19;1;2;342;
5;3;1;2;119;
2;20;1;2;151;
10;15;1;2;404;
10;19;1;2;270;
19;1;1;2;128;
5;20;1;2;20;
16;7;1;2;217;
3;13;1;2;105;
5;15;1;2;298;
14;7;1;2;160;
5;6;1;2;147;
14;3;1;2;143;
20;9;1;2;202;
14;7;1;2;306;
14;2;1;2;149;
12;4;1;2;80;
18;19;1;2;140;
17;20;1;2;274;
15;14;1;2;305;
18;1;1;2;228;
18;1;1;2;272;
8;17;1;2;62;
11;13;1;2;219;
3;8;1;2;384;
14;18;1;2;138;
2;10;1;2;210;
11;15;1;2;70;
4;4;1;2;374;
3;7;1;2;206;
3;11;1;2;380;
4;18;1;2;307;
11;16;1;2;319;
7;3;1;2;73;
15;2;1;2;108;
5;7;1;2;163;
13;14;1;2;180;
17;19;1;2;113;
18;18;1;2;57;
20;16;1;2;420;
20;20;1;2;144;
13;16;1;2;336;
18;8;1;2;97;
19;15;1;2;174;
17;20;1;2;278;
1;1;8;426
2;1;9;171
3;1;10;263
4;1;11;632
5;1;18;374
6;1;19;142
7;1;12;296
8;1;1;689
9;1;14;48
10;1;2;571
11;1;4;97
12;1;3;527
13;1;18;326
14;1;15;183
15;1;18;444
16;1;12;749
17;1;18;498
18;1;5;121
19;1;19;765
20;1;8;392
21;1;7;842
22;1;2;12
23;1;7;81
24;1;20;607
25;1;9;595
26;1;15;352
27;1;19;234
*** EOF ***