**** 5 ****
50
17;6;1;2;34;
8;20;1;2;23;
15;3;1;2;131;
8;18;1;2;21;
20;5;1;2;79;
19;20;1;2;166;
4;13;1;2;98;
5;16;1;2;176;
7;7;1;2;325;
10;13;1;2;124;
11;17;1;2;123;
1;9;1;2;115;
19;6;1;2;356;
5;8;1;2;19;
5;1;1;2;31;
16;7;1;2;26;
2;19;1;2;218;
6;6;1;2;131;
3;17;1;2;369;
1;17;1;2;298;
4;15;1;2;15;
18;1;1;2;25;
19;11;1;2;230;
7;11;1;2;282;
2;18;1;2;31;
5;7;1;2;1;
4;18;1;2;309;
1;6;1;2;231;
15;9;1;2;224;
20;6;1;2;254;
14;20;1;2;15;
7;17;1;2;264;
1;14;1;2;188;
9;1;1;2;128;
11;12;1;2;202;
2;16;1;2;207;
14;10;1;2;78;
7;11;1;2;365;
6;9;1;2;154;
9;16;1;2;167;
3;3;1;2;282;
8;7;1;2;47;
1;7;1;2;89;
6;2;1;2;67;
7;19;1;2;153;
6;11;1;2;339;
17;17;1;2;268;
2;8;1;2;240;
13;13;1;2;83;
14;15;1;2;251;
1;1;11;356
2;1;7;402
3;1;5;27
4;1;14;422
5;1;9;249
6;1;17;226
7;1;20;307
8;1;15;682
9;1;15;504
10;1;7;558
11;1;20;107
12;1;20;745
13;1;9;18
14;1;6;461
15;1;4;150
16;1;13;265
17;1;17;528
18;1;13;34
19;1;16;279
20;1;19;615
21;1;2;347
22;1;19;186
23;1;10;671
24;1;10;725
25;1;6;73
26;1;11;58
*** EOF ***