**** 3 ****
50
7;7;1;2;179;
6;5;1;2;319;
19;2;1;2;86;
5;16;1;2;57;
2;6;1;2;333;
4;1;1;2;169;
9;11;1;2;299;
20;2;1;2;287;
15;4;1;2;103;
9;14;1;2;67;
3;8;1;2;154;
16;18;1;2;108;
17;9;1;2;312;
2;11;1;2;214;
3;9;1;2;17;
11;7;1;2;283;
16;15;1;2;209;
12;16;1;2;67;
12;3;1;2;66;
15;11;1;2;90;
11;4;1;2;162;
9;16;1;2;91;
18;16;1;2;62;
16;18;1;2;12;
10;4;1;2;198;
10;8;1;2;201;
20;7;1;2;241;
18;19;1;2;45;
13;16;1;2;100;
19;1;1;2;241;
18;15;1;2;255;
6;15;1;2;52;
10;9;1;2;109;
6;13;1;2;198;
12;4;1;2;156;
6;13;1;2;79;
3;9;1;2;7;
2;1;1;2;325;
8;8;1;2;324;
1;19;1;2;230;
11;5;1;2;261;
7;2;1;2;213;
11;13;1;2;317;
10;13;1;2;327;
10;3;1;2;321;
15;11;1;2;12;
2;19;1;2;141;
5;17;1;2;7;
4;11;1;2;2;
9;5;1;2;317;
1;1;17;154
2;1;2;139
3;1;3;388
4;1;5;57
5;1;20;106
6;1;14;509
7;1;17;402
8;1;17;660
9;1;12;334
10;1;20;349
11;1;12;628
12;1;5;535
13;1;12;73
14;1;17;451
*** EOF ***