**** 2 ****
50
20;13;1;2;208;
7;10;1;2;158;
3;9;1;2;8;
14;15;1;2;124;
14;13;1;2;35;
14;14;1;2;134;
20;6;1;2;98;
9;2;1;2;134;
15;7;1;2;24;
13;9;1;2;290;
6;14;1;2;130;
6;14;1;2;107;
6;7;1;2;35;
16;7;1;2;133;
13;17;1;2;110;
2;13;1;2;316;
13;11;1;2;16;
2;16;1;2;48;
13;20;1;2;5;
19;20;1;2;4;
11;6;1;2;99;
9;1;1;2;124;
2;11;1;2;151;
15;7;1;2;329;
3;10;1;2;72;
13;16;1;2;123;
19;7;1;2;311;
9;14;1;2;150;
19;4;1;2;293;
11;8;1;2;143;
19;1;1;2;273;
6;15;1;2;314;
16;8;1;2;64;
20;1;1;2;155;
15;1;1;2;70;
12;8;1;2;87;
10;12;1;2;284;
2;16;1;2;341;
14;14;1;2;243;
17;20;1;2;160;
6;1;1;2;225;
13;6;1;2;4;
7;8;1;2;158;
9;8;1;2;314;
5;15;1;2;230;
8;5;1;2;303;
9;15;1;2;331;
6;10;1;2;189;
10;2;1;2;86;
7;16;1;2;237;
1;1;5;635
2;1;15;389
3;1;17;323
4;1;17;363
5;1;15;187
6;1;6;654
7;1;12;151
8;1;20;530
9;1;6;50
10;1;4;582
11;1;9;500
12;1;6;661
13;1;3;10
14;1;10;418
*** EOF ***