**** 5 ****
50
17;17;1;2;87;
4;12;1;2;253;
1;5;1;2;164;
15;20;1;2;215;
11;19;1;2;198;
5;12;1;2;278;
3;12;1;2;80;
4;11;1;2;167;
4;8;1;2;284;
5;9;1;2;83;
5;5;1;2;229;
5;11;1;2;188;
7;19;1;2;54;
19;2;1;2;40;
17;15;1;2;189;
2;3;1;2;80;
6;5;1;2;58;
5;1;1;2;151;
16;14;1;2;108;
1;1;1;2;268;
18;17;1;2;119;
14;8;1;2;182;
11;10;1;2;140;
7;16;1;2;44;
17;10;1;2;139;
3;14;1;2;195;
17;14;1;2;62;
9;19;1;2;51;
12;12;1;2;193;
12;18;1;2;300;
12;14;1;2;49;
5;3;1;2;261;
6;5;1;2;28;
13;5;1;2;15;
13;10;1;2;223;
8;12;1;2;79;
15;2;1;2;84;
3;6;1;2;118;
6;13;1;2;73;
9;5;1;2;52;
19;9;1;2;171;
2;18;1;2;59;
15;19;1;2;49;
1;3;1;2;108;
10;14;1;2;299;
4;16;1;2;48;
15;14;1;2;78;
10;14;1;2;202;
7;15;1;2;272;
1;20;1;2;264;
1;1;15;180
2;1;11;221
3;1;8;415
4;1;19;86
5;1;1;311
6;1;14;196
7;1;17;287
8;1;16;124
9;1;13;150
10;1;8;438
11;1;9;106
12;1;1;570
13;1;6;23
14;1;19;600
*** EOF ***