**** 9 ****
50
18;17;1;2;295;
7;18;1;2;67;
16;1;1;2;156;
2;1;1;2;218;
11;2;1;2;72;
13;9;1;2;187;
2;16;1;2;314;
9;14;1;2;305;
17;15;1;2;339;
20;12;1;2;55;
8;3;1;2;118;
15;5;1;2;22;
15;4;1;2;51;
8;19;1;2;57;
13;20;1;2;3;
3;1;1;2;185;
7;4;1;2;206;
4;2;1;2;48;
4;19;1;2;350;
6;16;1;2;128;
15;2;1;2;184;
18;18;1;2;93;
2;9;1;2;13;
8;14;1;2;119;
17;4;1;2;255;
10;12;1;2;344;
16;8;1;2;38;
17;4;1;2;249;
16;2;1;2;194;
17;18;1;2;159;
8;2;1;2;319;
7;20;1;2;40;
14;20;1;2;44;
10;3;1;2;123;
3;6;1;2;71;
7;14;1;2;12;
18;8;1;2;154;
14;20;1;2;95;
9;9;1;2;252;
7;4;1;2;67;
5;20;1;2;97;
3;2;1;2;297;
16;3;1;2;72;
16;11;1;2;371;
16;12;1;2;166;
12;13;1;2;108;
18;1;1;2;34;
12;17;1;2;162;
20;13;1;2;322;
7;1;1;2;327;
1;1;7;503
2;1;1;51
3;1;1;567
4;1;14;513
5;1;7;180
6;1;13;475
7;1;13;714
8;1;10;752
9;1;10;170
10;1;17;437
11;1;11;542
12;1;2;495
13;1;3;638
14;1;20;642
15;1;16;302
16;1;16;189
17;1;2;430
18;1;2;379
19;1;9;679
20;1;3;422
21;1;2;289
22;1;1;58
23;1;19;28
*** EOF ***