**** 7 ****
50
3;15;1;2;339;
16;8;1;2;145;
18;1;1;2;90;
9;10;1;2;259;
17;9;1;2;37;
15;2;1;2;346;
8;4;1;2;103;
12;13;1;2;303;
7;2;1;2;312;
4;9;1;2;162;
18;3;1;2;213;
1;2;1;2;290;
8;20;1;2;130;
17;3;1;2;89;
1;7;1;2;217;
10;4;1;2;142;
19;10;1;2;291;
6;12;1;2;32;
19;12;1;2;172;
20;7;1;2;334;
9;8;1;2;100;
15;14;1;2;224;
9;19;1;2;243;
11;1;1;2;119;
5;15;1;2;103;
3;15;1;2;29;
5;16;1;2;319;
2;2;1;2;109;
4;18;1;2;143;
12;16;1;2;318;
6;20;1;2;343;
14;16;1;2;219;
10;20;1;2;41;
2;16;1;2;51;
2;6;1;2;216;
13;8;1;2;176;
9;7;1;2;214;
10;9;1;2;199;
17;4;1;2;75;
13;19;1;2;358;
19;2;1;2;136;
3;20;1;2;111;
3;13;1;2;59;
2;2;1;2;126;
11;8;1;2;202;
12;14;1;2;89;
11;10;1;2;93;
10;1;1;2;172;
5;13;1;2;103;
9;4;1;2;352;
1;1;7;679
2;1;15;568
3;1;13;415
4;1;13;331
5;1;1;538
6;1;4;361
7;1;3;253
8;1;2;222
9;1;1;604
10;1;1;7
11;1;3;75
12;1;11;85
13;1;10;367
14;1;5;141
15;1;20;480
16;1;16;512
17;1;15;200
18;1;20;178
19;1;14;116
20;1;16;609
21;1;4;714
22;1;18;632
23;1;4;42
24;1;11;236
25;1;4;504
26;1;1;106
*** EOF ***