**** 0 ****
50
9;13;1;2;117;
16;13;1;2;133;
19;15;1;2;137;
17;15;1;2;136;
4;10;1;2;200;
14;18;1;2;352;
9;17;1;2;186;
4;20;1;2;76;
6;13;1;2;355;
13;10;1;2;376;
10;18;1;2;391;
20;16;1;2;299;
4;16;1;2;164;
12;20;1;2;23;
2;11;1;2;235;
8;19;1;2;84;
13;4;1;2;170;
10;5;1;2;57;
15;15;1;2;29;
18;5;1;2;367;
17;15;1;2;336;
16;7;1;2;396;
4;12;1;2;89;
6;6;1;2;366;
16;11;1;2;363;
4;6;1;2;136;
1;4;1;2;43;
19;16;1;2;157;
8;6;1;2;186;
16;14;1;2;41;
11;16;1;2;58;
14;15;1;2;323;
6;10;1;2;282;
20;19;1;2;1;
10;12;1;2;331;
16;5;1;2;122;
19;8;1;2;54;
17;19;1;2;359;
15;12;1;2;25;
11;19;1;2;268;
16;4;1;2;332;
17;20;1;2;394;
7;3;1;2;74;
5;14;1;2;180;
10;11;1;2;278;
19;20;1;2;40;
1;14;1;2;112;
6;19;1;2;393;
12;11;1;2;294;
12;9;1;2;319;
1;1;13;506
2;1;13;95
3;1;11;443
4;1;12;763
5;1;5;162
6;1;7;358
7;1;17;262
8;1;7;560
9;1;13;69
10;1;15;331
11;1;6;583
12;1;3;455
13;1;6;783
14;1;6;403
15;1;16;812
16;1;9;483
17;1;3;466
18;1;6;385
19;1;10;598
20;1;14;411
21;1;17;538
22;1;13;18
23;1;18;638
24;1;4;794
25;1;5;723
*** EOF ***