**** 10 ****
50
20;9;1;2;291;
1;1;1;2;56;
6;4;1;2;7;
10;11;1;2;10;
19;2;1;2;98;
17;20;1;2;13;
17;7;1;2;233;
19;15;1;2;105;
7;18;1;2;259;
15;7;1;2;10;
18;2;1;2;350;
9;10;1;2;33;
2;9;1;2;193;
19;12;1;2;139;
3;16;1;2;287;
14;11;1;2;179;
17;20;1;2;191;
10;16;1;2;125;
3;19;1;2;208;
14;18;1;2;271;
1;2;1;2;203;
2;14;1;2;168;
9;17;1;2;316;
15;12;1;2;371;
13;4;1;2;141;
7;1;1;2;172;
19;10;1;2;81;
19;15;1;2;196;
16;3;1;2;266;
9;12;1;2;248;
15;19;1;2;363;
13;4;1;2;328;
7;6;1;2;291;
7;12;1;2;148;
7;5;1;2;348;
20;19;1;2;112;
7;17;1;2;208;
8;7;1;2;129;
11;15;1;2;46;
5;7;1;2;178;
3;7;1;2;114;
19;18;1;2;220;
15;19;1;2;315;
8;2;1;2;101;
20;14;1;2;316;
1;11;1;2;12;
3;8;1;2;376;
14;18;1;2;178;
4;6;1;2;59;
16;17;1;2;108;
1;1;12;108
2;1;5;394
3;1;17;635
4;1;11;314
5;1;17;151
6;1;10;336
7;1;9;430
8;1;9;173
9;1;4;514
10;1;16;678
11;1;9;379
12;1;2;715
13;1;11;726
14;1;11;295
15;1;13;280
16;1;6;764
17;1;17;557
18;1;15;81
19;1;15;744
20;1;15;201
21;1;15;528
*** EOF ***