**** 16 ****
50
20;15;1;2;108;
17;13;1;2;20;
8;18;1;2;56;
17;9;1;2;82;
15;19;1;2;240;
4;19;1;2;363;
18;7;1;2;296;
1;13;1;2;46;
4;6;1;2;146;
11;3;1;2;24;
7;5;1;2;205;
11;2;1;2;143;
1;9;1;2;274;
6;4;1;2;33;
20;4;1;2;50;
2;16;1;2;241;
14;5;1;2;132;
4;18;1;2;139;
3;20;1;2;27;
19;4;1;2;258;
8;8;1;2;174;
16;11;1;2;70;
9;12;1;2;366;
5;9;1;2;78;
4;5;1;2;140;
12;5;1;2;184;
10;18;1;2;37;
1;11;1;2;131;
17;8;1;2;8;
3;12;1;2;368;
5;2;1;2;162;
12;6;1;2;159;
4;20;1;2;36;
2;3;1;2;289;
17;18;1;2;144;
8;3;1;2;250;
14;14;1;2;26;
6;4;1;2;203;
7;15;1;2;151;
12;12;1;2;297;
14;15;1;2;60;
18;17;1;2;151;
10;1;1;2;224;
18;19;1;2;86;
19;17;1;2;313;
19;4;1;2;142;
18;20;1;2;300;
15;20;1;2;221;
18;6;1;2;24;
8;14;1;2;85;
1;1;6;669
2;1;20;680
3;1;1;240
4;1;7;78
5;1;4;608
6;1;18;27
7;1;19;637
8;1;20;467
9;1;4;149
10;1;17;298
11;1;3;659
12;1;16;91
13;1;1;540
14;1;11;702
15;1;11;495
16;1;5;401
17;1;5;193
18;1;5;341
19;1;19;127
20;1;14;423
21;1;6;265
22;1;10;159
*** EOF ***