**** 13 ****
50
13;15;1;2;310;
12;15;1;2;330;
9;12;1;2;160;
16;4;1;2;91;
14;19;1;2;278;
18;6;1;2;290;
7;9;1;2;27;
1;18;1;2;30;
11;11;1;2;262;
1;9;1;2;180;
14;16;1;2;351;
5;9;1;2;202;
11;13;1;2;399;
16;12;1;2;221;
3;1;1;2;221;
18;14;1;2;185;
12;12;1;2;19;
13;9;1;2;242;
20;16;1;2;354;
17;6;1;2;307;
4;15;1;2;90;
7;7;1;2;162;
10;7;1;2;386;
16;11;1;2;130;
4;10;1;2;38;
4;1;1;2;308;
19;5;1;2;401;
5;20;1;2;406;
18;5;1;2;355;
11;6;1;2;366;
7;5;1;2;150;
6;10;1;2;117;
7;10;1;2;252;
2;2;1;2;112;
7;10;1;2;137;
4;15;1;2;321;
11;4;1;2;208;
5;13;1;2;79;
1;3;1;2;64;
10;1;1;2;196;
15;14;1;2;264;
17;18;1;2;337;
20;16;1;2;95;
13;8;1;2;41;
13;20;1;2;165;
18;14;1;2;130;
20;7;1;2;10;
16;17;1;2;256;
13;12;1;2;345;
12;4;1;2;343;
1;1;5;127
2;1;4;301
3;1;2;664
4;1;20;264
5;1;10;358
6;1;4;712
7;1;20;669
8;1;19;636
9;1;19;447
10;1;7;386
11;1;13;819
12;1;18;216
13;1;17;690
14;1;14;425
15;1;19;157
16;1;3;545
17;1;3;311
18;1;9;404
19;1;10;10
20;1;5;148
21;1;14;568
22;1;20;490
23;1;19;761
*** EOF ***