**** 1 ****
50
9;18;1;2;188;
20;13;1;2;119;
11;14;1;2;182;
11;8;1;2;259;
5;1;1;2;167;
19;6;1;2;133;
7;7;1;2;362;
8;11;1;2;102;
4;3;1;2;81;
16;5;1;2;335;
6;20;1;2;385;
20;7;1;2;288;
13;9;1;2;46;
14;15;1;2;190;
11;16;1;2;261;
14;12;1;2;191;
12;2;1;2;360;
11;17;1;2;199;
12;4;1;2;102;
14;6;1;2;214;
17;13;1;2;345;
2;19;1;2;105;
8;16;1;2;316;
20;15;1;2;191;
12;15;1;2;236;
2;19;1;2;108;
8;14;1;2;313;
1;6;1;2;221;
12;8;1;2;207;
16;19;1;2;130;
8;14;1;2;116;
15;14;1;2;273;
18;12;1;2;61;
7;19;1;2;31;
5;15;1;2;361;
2;4;1;2;290;
18;2;1;2;329;
2;11;1;2;223;
10;2;1;2;187;
16;12;1;2;97;
13;18;1;2;377;
9;20;1;2;24;
9;9;1;2;321;
10;7;1;2;28;
4;18;1;2;127;
3;13;1;2;325;
19;7;1;2;235;
6;11;1;2;93;
12;19;1;2;206;
14;16;1;2;202;
1;1;8;401
2;1;5;500
3;1;7;477
4;1;1;163
5;1;11;705
6;1;16;353
7;1;20;296
8;1;14;670
9;1;1;684
10;1;9;515
11;1;14;219
12;1;1;11
13;1;17;92
14;1;12;619
15;1;5;548
16;1;15;591
17;1;13;74
18;1;9;140
19;1;12;46
20;1;12;423
21;1;13;528
22;1;19;449
23;1;9;282
*** EOF ***