**** 10 ****
50
17;17;1;2;169;
17;11;1;2;351;
18;10;1;2;9;
2;6;1;2;120;
8;6;1;2;188;
11;19;1;2;428;
13;9;1;2;92;
9;2;1;2;338;
4;3;1;2;369;
10;13;1;2;158;
20;9;1;2;120;
6;19;1;2;386;
11;6;1;2;138;
15;20;1;2;363;
12;13;1;2;88;
19;18;1;2;292;
5;11;1;2;304;
13;10;1;2;28;
12;8;1;2;90;
12;9;1;2;391;
18;1;1;2;408;
19;19;1;2;104;
4;19;1;2;321;
5;13;1;2;85;
17;1;1;2;378;
10;19;1;2;116;
2;13;1;2;136;
10;12;1;2;78;
20;7;1;2;218;
19;8;1;2;167;
18;10;1;2;192;
1;8;1;2;257;
12;10;1;2;407;
20;6;1;2;289;
5;20;1;2;174;
20;13;1;2;370;
13;16;1;2;284;
19;10;1;2;231;
17;16;1;2;386;
15;16;1;2;213;
7;18;1;2;256;
17;19;1;2;396;
11;9;1;2;267;
20;19;1;2;85;
17;5;1;2;340;
6;20;1;2;198;
4;14;1;2;68;
7;20;1;2;69;
3;16;1;2;142;
1;18;1;2;192;
1;1;1;40
2;1;16;874
3;1;10;483
4;1;18;47
5;1;5;268
6;1;19;799
7;1;16;680
8;1;4;776
9;1;3;330
10;1;5;279
11;1;13;125
12;1;19;198
13;1;18;71
14;1;19;90
15;1;9;573
16;1;15;181
17;1;1;558
18;1;9;754
19;1;7;351
20;1;8;850
21;1;13;153
22;1;18;820
23;1;20;385
24;1;1;413
25;1;12;507
26;1;1;783
27;1;11;605
*** EOF ***