**** 15 ****
50
18;5;1;2;287;
13;9;1;2;41;
14;2;1;2;173;
16;4;1;2;81;
9;13;1;2;325;
2;15;1;2;335;
6;4;1;2;68;
2;13;1;2;87;
9;15;1;2;153;
13;11;1;2;300;
3;2;1;2;184;
3;12;1;2;181;
14;6;1;2;272;
6;15;1;2;125;
11;4;1;2;396;
13;18;1;2;8;
7;5;1;2;46;
3;13;1;2;377;
6;15;1;2;74;
12;18;1;2;45;
7;1;1;2;126;
3;5;1;2;346;
3;7;1;2;192;
20;14;1;2;129;
17;13;1;2;72;
17;9;1;2;9;
19;11;1;2;164;
2;16;1;2;361;
18;7;1;2;336;
3;20;1;2;145;
14;5;1;2;37;
15;2;1;2;181;
4;3;1;2;75;
6;14;1;2;150;
11;16;1;2;33;
5;3;1;2;4;
2;1;1;2;317;
8;4;1;2;32;
20;7;1;2;40;
4;14;1;2;373;
14;20;1;2;383;
10;14;1;2;320;
12;16;1;2;278;
11;15;1;2;95;
14;12;1;2;369;
19;11;1;2;107;
11;8;1;2;394;
20;16;1;2;165;
6;9;1;2;340;
12;10;1;2;85;
1;1;9;359
2;1;19;457
3;1;18;146
4;1;14;19
5;1;11;796
6;1;18;706
7;1;14;394
8;1;12;75
9;1;12;541
10;1;15;687
11;1;19;34
12;1;9;316
13;1;5;427
14;1;10;64
15;1;8;226
16;1;20;770
17;1;20;279
18;1;10;726
19;1;11;332
20;1;18;99
21;1;19;507
*** EOF ***