**** 18 ****
50
3;5;1;2;274;
8;11;1;2;81;
3;5;1;2;76;
16;11;1;2;152;
17;9;1;2;225;
12;11;1;2;23;
10;16;1;2;97;
4;8;1;2;36;
14;12;1;2;246;
6;20;1;2;187;
1;7;1;2;51;
7;2;1;2;155;
8;8;1;2;230;
17;17;1;2;6;
10;4;1;2;197;
5;7;1;2;137;
3;11;1;2;37;
1;4;1;2;84;
5;12;1;2;56;
16;15;1;2;229;
20;10;1;2;193;
1;10;1;2;196;
6;13;1;2;87;
3;20;1;2;190;
12;10;1;2;210;
17;8;1;2;306;
12;14;1;2;49;
14;3;1;2;257;
10;6;1;2;9;
4;20;1;2;244;
16;17;1;2;35;
7;16;1;2;276;
19;4;1;2;59;
16;1;1;2;160;
6;20;1;2;44;
19;10;1;2;125;
17;6;1;2;218;
5;18;1;2;136;
16;4;1;2;17;
15;17;1;2;135;
4;10;1;2;1;
11;17;1;2;243;
5;13;1;2;41;
11;3;1;2;38;
3;16;1;2;61;
19;3;1;2;268;
10;5;1;2;289;
15;5;1;2;31;
11;10;1;2;270;
7;4;1;2;188;
1;1;3;4
2;1;18;109
3;1;19;436
4;1;2;455
5;1;13;223
6;1;7;331
7;1;7;75
8;1;10;597
9;1;6;34
10;1;7;27
11;1;7;398
12;1;17;292
13;1;4;539
14;1;8;147
15;1;6;190
*** EOF ***