**** 19 ****
50
6;4;1;2;303;
19;6;1;2;292;
18;19;1;2;114;
9;17;1;2;313;
20;20;1;2;112;
18;20;1;2;325;
10;17;1;2;290;
7;5;1;2;229;
20;18;1;2;15;
19;2;1;2;33;
8;4;1;2;132;
3;19;1;2;310;
16;17;1;2;95;
11;8;1;2;325;
13;4;1;2;151;
6;4;1;2;108;
13;17;1;2;128;
5;17;1;2;24;
11;5;1;2;193;
11;9;1;2;20;
13;18;1;2;284;
11;13;1;2;22;
5;5;1;2;31;
9;5;1;2;132;
7;4;1;2;346;
17;13;1;2;188;
2;5;1;2;70;
2;18;1;2;235;
19;4;1;2;25;
4;16;1;2;335;
20;7;1;2;202;
12;6;1;2;71;
2;18;1;2;34;
16;14;1;2;155;
1;17;1;2;61;
17;6;1;2;285;
16;13;1;2;283;
12;19;1;2;208;
9;20;1;2;77;
4;7;1;2;267;
18;12;1;2;265;
3;3;1;2;33;
18;9;1;2;58;
20;10;1;2;33;
6;1;1;2;139;
3;9;1;2;328;
16;14;1;2;348;
10;18;1;2;158;
20;19;1;2;233;
1;6;1;2;39;
1;1;8;348
2;1;17;283
3;1;6;458
4;1;9;135
5;1;2;590
6;1;5;236
7;1;12;304
8;1;16;33
9;1;13;629
10;1;3;530
11;1;18;681
12;1;13;360
13;1;16;551
14;1;12;438
15;1;4;223
*** EOF ***