**** 12 ****
50
15;5;1;2;342;
19;10;1;2;184;
14;17;1;2;257;
9;5;1;2;272;
12;3;1;2;329;
17;15;1;2;342;
1;1;1;2;295;
11;20;1;2;39;
18;20;1;2;235;
16;11;1;2;71;
8;4;1;2;86;
19;6;1;2;283;
11;2;1;2;267;
4;17;1;2;120;
10;9;1;2;169;
12;10;1;2;193;
7;16;1;2;135;
19;5;1;2;292;
14;17;1;2;181;
12;6;1;2;60;
9;2;1;2;145;
7;8;1;2;256;
20;6;1;2;134;
16;1;1;2;66;
19;7;1;2;221;
13;9;1;2;229;
7;6;1;2;152;
16;4;1;2;199;
14;8;1;2;245;
10;20;1;2;68;
4;17;1;2;304;
20;13;1;2;176;
9;1;1;2;254;
20;5;1;2;172;
1;17;1;2;127;
12;9;1;2;72;
4;17;1;2;122;
12;3;1;2;91;
7;16;1;2;37;
6;6;1;2;52;
19;18;1;2;213;
12;10;1;2;98;
3;15;1;2;233;
4;9;1;2;26;
3;3;1;2;31;
11;18;1;2;78;
16;20;1;2;85;
13;11;1;2;5;
7;5;1;2;160;
7;13;1;2;281;
1;1;6;463
2;1;6;685
3;1;3;270
4;1;19;615
5;1;5;549
6;1;4;470
7;1;3;349
8;1;4;275
9;1;12;59
10;1;13;198
11;1;10;444
12;1;5;17
13;1;12;655
14;1;5;113
15;1;9;568
16;1;19;145
*** EOF ***