**** 4 ****
50
11;19;1;2;18;
19;3;1;2;281;
9;13;1;2;170;
10;13;1;2;9;
17;2;1;2;161;
5;10;1;2;145;
18;6;1;2;173;
4;16;1;2;308;
14;18;1;2;355;
10;4;1;2;293;
5;7;1;2;274;
10;11;1;2;346;
1;19;1;2;45;
12;15;1;2;206;
12;20;1;2;18;
7;8;1;2;23;
10;5;1;2;177;
5;17;1;2;135;
11;1;1;2;13;
7;13;1;2;285;
7;14;1;2;134;
7;16;1;2;147;
8;12;1;2;83;
14;1;1;2;189;
6;8;1;2;272;
18;20;1;2;40;
16;16;1;2;236;
4;1;1;2;189;
13;10;1;2;115;
13;3;1;2;207;
1;13;1;2;129;
7;19;1;2;267;
19;16;1;2;172;
11;13;1;2;82;
6;5;1;2;327;
4;1;1;2;51;
12;9;1;2;349;
15;8;1;2;232;
12;17;1;2;247;
3;19;1;2;337;
20;4;1;2;37;
19;12;1;2;119;
12;2;1;2;46;
13;14;1;2;187;
5;16;1;2;256;
16;18;1;2;178;
19;15;1;2;336;
5;4;1;2;58;
1;6;1;2;331;
6;1;1;2;93;
1;1;8;661
2;1;14;601
3;1;14;90
4;1;2;538
5;1;8;389
6;1;7;254
7;1;9;439
8;1;4;646
9;1;6;322
10;1;12;262
11;1;10;151
12;1;12;176
13;1;14;110
14;1;20;406
15;1;5;276
16;1;15;228
17;1;12;679
18;1;18;552
19;1;8;74
20;1;4;459
21;1;2;346
*** EOF ***