**** 10 ****
50
1;19;1;2;298;
11;11;1;2;65;
11;13;1;2;356;
5;17;1;2;263;
8;7;1;2;287;
7;5;1;2;95;
6;7;1;2;96;
16;8;1;2;269;
16;18;1;2;54;
19;13;1;2;28;
20;3;1;2;149;
18;11;1;2;220;
4;9;1;2;171;
6;7;1;2;285;
6;2;1;2;53;
2;12;1;2;59;
19;15;1;2;67;
1;15;1;2;172;
2;6;1;2;319;
18;1;1;2;21;
2;8;1;2;305;
8;10;1;2;185;
1;6;1;2;348;
4;8;1;2;34;
7;8;1;2;256;
18;14;1;2;154;
4;9;1;2;347;
12;5;1;2;198;
5;19;1;2;212;
10;19;1;2;215;
20;12;1;2;127;
16;17;1;2;118;
6;6;1;2;169;
15;7;1;2;343;
13;10;1;2;174;
12;13;1;2;231;
9;18;1;2;320;
13;18;1;2;11;
20;1;1;2;350;
20;6;1;2;225;
7;9;1;2;2;
17;13;1;2;18;
16;3;1;2;3;
11;4;1;2;120;
10;19;1;2;250;
16;13;1;2;30;
13;20;1;2;141;
10;7;1;2;10;
13;6;1;2;70;
12;1;1;2;165;
1;1;14;385
2;1;2;714
3;1;19;566
4;1;6;260
5;1;1;313
6;1;10;201
7;1;15;24
8;1;6;618
9;1;13;59
10;1;1;41
11;1;4;224
12;1;16;427
13;1;19;327
14;1;11;46
15;1;5;559
16;1;2;280
17;1;9;477
18;1;8;349
19;1;8;706
20;1;4;254
21;1;3;688
22;1;4;174
23;1;7;409
24;1;8;497
*** EOF ***