**** 12 ****
50
11;5;1;2;199;
6;11;1;2;69;
12;9;1;2;324;
9;13;1;2;416;
15;16;1;2;409;
3;6;1;2;346;
18;6;1;2;44;
13;12;1;2;32;
15;4;1;2;89;
13;13;1;2;262;
2;18;1;2;133;
1;13;1;2;396;
9;3;1;2;241;
12;10;1;2;331;
18;7;1;2;233;
20;13;1;2;284;
14;11;1;2;40;
3;12;1;2;195;
3;8;1;2;372;
7;5;1;2;356;
19;13;1;2;174;
18;2;1;2;20;
9;10;1;2;283;
4;4;1;2;146;
15;19;1;2;113;
7;18;1;2;305;
17;17;1;2;384;
12;7;1;2;80;
6;13;1;2;281;
13;19;1;2;45;
11;13;1;2;87;
13;3;1;2;194;
18;13;1;2;378;
6;12;1;2;147;
2;10;1;2;287;
13;1;1;2;253;
5;7;1;2;272;
3;15;1;2;311;
17;3;1;2;44;
8;11;1;2;327;
17;18;1;2;302;
2;15;1;2;69;
18;14;1;2;238;
11;9;1;2;62;
14;10;1;2;197;
19;6;1;2;326;
9;9;1;2;353;
11;1;1;2;66;
6;18;1;2;35;
18;2;1;2;113;
1;1;2;626
2;1;13;435
3;1;12;384
4;1;2;351
5;1;19;210
6;1;15;111
7;1;20;405
8;1;15;277
9;1;8;590
10;1;14;723
11;1;11;803
12;1;18;606
13;1;5;33
14;1;12;475
15;1;9;254
16;1;2;505
17;1;13;240
18;1;9;826
19;1;12;194
20;1;20;148
21;1;10;47
22;1;12;839
23;1;14;536
24;1;20;632
25;1;10;769
26;1;1;133
27;1;1;551
*** EOF ***