**** 18 ****
50
9;3;1;2;380;
15;2;1;2;315;
15;8;1;2;284;
2;17;1;2;324;
5;19;1;2;44;
19;14;1;2;84;
9;7;1;2;234;
18;14;1;2;23;
20;18;1;2;203;
13;1;1;2;50;
2;13;1;2;162;
9;10;1;2;33;
3;6;1;2;72;
17;9;1;2;8;
20;11;1;2;310;
10;9;1;2;380;
1;2;1;2;380;
3;18;1;2;310;
8;10;1;2;221;
10;15;1;2;275;
18;6;1;2;116;
7;6;1;2;93;
15;20;1;2;358;
15;2;1;2;166;
1;11;1;2;64;
13;20;1;2;156;
13;13;1;2;326;
16;9;1;2;138;
17;17;1;2;341;
4;9;1;2;350;
5;12;1;2;323;
13;7;1;2;208;
20;5;1;2;236;
2;16;1;2;386;
12;9;1;2;251;
9;16;1;2;380;
6;19;1;2;332;
18;15;1;2;229;
5;1;1;2;197;
10;7;1;2;349;
14;1;1;2;48;
7;13;1;2;278;
12;17;1;2;108;
18;16;1;2;86;
2;3;1;2;341;
2;14;1;2;327;
7;13;1;2;128;
6;17;1;2;248;
4;13;1;2;357;
20;19;1;2;204;
1;1;16;700
2;1;15;387
3;1;6;730
4;1;2;440
5;1;16;773
6;1;6;334
7;1;1;435
8;1;14;477
9;1;14;413
10;1;10;522
11;1;5;111
12;1;19;85
13;1;9;261
14;1;19;754
15;1;14;208
16;1;15;224
17;1;15;305
18;1;2;669
19;1;16;126
20;1;4;178
21;1;18;612
22;1;1;404
23;1;2;296
24;1;18;643
*** EOF ***