**** 0 ****
50
16;7;1;2;58;
1;3;1;2;9;
9;5;1;2;189;
19;13;1;2;264;
1;4;1;2;276;
3;11;1;2;354;
13;9;1;2;322;
11;4;1;2;78;
7;4;1;2;317;
17;14;1;2;207;
16;6;1;2;31;
17;16;1;2;241;
9;1;1;2;188;
12;17;1;2;54;
2;7;1;2;51;
15;17;1;2;35;
4;1;1;2;272;
3;16;1;2;169;
10;7;1;2;34;
4;8;1;2;9;
12;6;1;2;306;
4;4;1;2;135;
7;12;1;2;210;
19;11;1;2;161;
20;15;1;2;87;
6;10;1;2;317;
18;15;1;2;330;
1;19;1;2;242;
7;16;1;2;254;
4;1;1;2;190;
16;15;1;2;87;
6;12;1;2;304;
19;10;1;2;325;
12;18;1;2;191;
19;4;1;2;224;
18;9;1;2;140;
15;1;1;2;272;
5;10;1;2;6;
12;2;1;2;345;
8;20;1;2;74;
19;15;1;2;277;
18;12;1;2;283;
18;17;1;2;344;
9;13;1;2;79;
9;7;1;2;61;
1;3;1;2;77;
6;20;1;2;320;
7;14;1;2;237;
9;1;1;2;158;
20;19;1;2;222;
1;1;17;440
2;1;18;117
3;1;4;423
4;1;19;170
5;1;20;630
6;1;18;308
7;1;17;529
8;1;5;590
9;1;13;489
10;1;6;621
11;1;13;660
12;1;15;270
13;1;7;403
14;1;2;330
15;1;7;106
16;1;8;37
*** EOF ***