**** 11 ****
50
18;1;1;2;193;
19;1;1;2;286;
2;5;1;2;69;
16;5;1;2;234;
12;8;1;2;256;
12;4;1;2;7;
4;17;1;2;404;
20;1;1;2;54;
7;18;1;2;185;
10;10;1;2;192;
13;17;1;2;70;
12;3;1;2;293;
18;1;1;2;3;
13;9;1;2;370;
14;15;1;2;394;
16;15;1;2;3;
9;6;1;2;378;
11;5;1;2;204;
7;4;1;2;373;
12;3;1;2;300;
11;16;1;2;369;
3;7;1;2;41;
10;7;1;2;20;
10;11;1;2;52;
16;11;1;2;333;
15;15;1;2;171;
2;7;1;2;143;
13;14;1;2;308;
6;6;1;2;320;
6;3;1;2;174;
19;12;1;2;289;
11;20;1;2;226;
6;6;1;2;245;
12;12;1;2;159;
3;17;1;2;210;
10;6;1;2;188;
10;3;1;2;319;
19;8;1;2;54;
19;20;1;2;345;
19;2;1;2;58;
8;3;1;2;354;
3;3;1;2;120;
15;15;1;2;230;
11;12;1;2;381;
17;20;1;2;296;
18;7;1;2;341;
1;12;1;2;200;
19;9;1;2;22;
16;5;1;2;164;
18;6;1;2;168;
1;1;18;375
2;1;14;499
3;1;19;185
4;1;6;485
5;1;10;713
6;1;20;731
7;1;5;456
8;1;2;789
9;1;5;262
10;1;12;296
11;1;1;311
12;1;6;344
13;1;5;172
14;1;18;819
15;1;6;436
16;1;11;44
17;1;16;643
18;1;8;72
19;1;19;565
20;1;10;414
21;1;10;618
22;1;8;549
23;1;19;138
24;1;10;539
*** EOF ***