**** 2 ****
50
19;9;1;2;347;
4;7;1;2;19;
19;14;1;2;21;
19;14;1;2;220;
4;5;1;2;101;
5;8;1;2;206;
16;1;1;2;21;
7;10;1;2;245;
3;19;1;2;342;
9;20;1;2;118;
15;18;1;2;249;
12;3;1;2;184;
5;20;1;2;144;
13;8;1;2;341;
16;19;1;2;284;
13;8;1;2;34;
14;8;1;2;332;
16;5;1;2;346;
18;17;1;2;300;
6;1;1;2;23;
17;10;1;2;184;
13;1;1;2;155;
1;2;1;2;109;
16;4;1;2;221;
19;20;1;2;49;
14;2;1;2;176;
16;1;1;2;147;
7;9;1;2;178;
11;9;1;2;310;
15;17;1;2;22;
1;13;1;2;27;
4;16;1;2;108;
14;6;1;2;34;
7;16;1;2;313;
13;9;1;2;300;
10;17;1;2;341;
1;4;1;2;287;
2;5;1;2;84;
16;6;1;2;163;
5;18;1;2;71;
11;19;1;2;94;
17;8;1;2;132;
17;14;1;2;180;
5;12;1;2;270;
12;17;1;2;85;
5;17;1;2;117;
12;11;1;2;168;
20;4;1;2;362;
17;14;1;2;160;
5;12;1;2;72;
1;1;11;160
2;1;5;154
3;1;6;323
4;1;1;459
5;1;1;255
6;1;8;615
7;1;4;240
8;1;8;388
9;1;12;690
10;1;9;718
11;1;7;402
12;1;16;213
13;1;15;558
14;1;20;431
15;1;8;123
16;1;2;16
17;1;20;344
18;1;6;107
19;1;11;676
*** EOF ***