**** 19 ****
50
14;2;1;2;338;
14;6;1;2;168;
15;5;1;2;105;
12;9;1;2;305;
7;7;1;2;44;
11;15;1;2;220;
8;8;1;2;165;
3;10;1;2;52;
2;5;1;2;97;
6;9;1;2;385;
1;6;1;2;40;
18;11;1;2;416;
15;13;1;2;112;
1;3;1;2;145;
16;15;1;2;87;
12;5;1;2;213;
6;3;1;2;17;
14;14;1;2;282;
15;8;1;2;284;
2;1;1;2;45;
19;2;1;2;178;
19;17;1;2;193;
13;4;1;2;341;
16;17;1;2;285;
6;16;1;2;336;
20;14;1;2;329;
7;9;1;2;97;
8;1;1;2;343;
3;12;1;2;306;
9;13;1;2;125;
18;11;1;2;248;
10;13;1;2;57;
16;5;1;2;167;
8;13;1;2;204;
12;6;1;2;208;
6;13;1;2;318;
17;6;1;2;37;
5;18;1;2;147;
20;11;1;2;189;
18;8;1;2;149;
3;6;1;2;133;
5;20;1;2;379;
8;19;1;2;59;
15;20;1;2;328;
2;14;1;2;152;
19;7;1;2;19;
13;2;1;2;200;
17;11;1;2;150;
16;4;1;2;157;
17;3;1;2;129;
1;1;9;230
2;1;12;329
3;1;11;582
4;1;11;393
5;1;14;825
6;1;12;37
7;1;3;20
8;1;11;722
9;1;14;192
10;1;3;257
11;1;2;481
12;1;2;347
13;1;19;562
14;1;3;224
15;1;5;28
16;1;8;419
17;1;13;131
18;1;8;633
19;1;13;619
20;1;1;285
21;1;19;690
22;1;19;298
23;1;20;63
24;1;3;541
25;1;18;648
26;1;19;795
27;1;8;160
*** EOF ***