**** 11 ****
50
18;14;1;2;239;
11;9;1;2;254;
12;11;1;2;131;
9;2;1;2;175;
15;6;1;2;27;
17;5;1;2;94;
11;16;1;2;70;
14;3;1;2;112;
4;1;1;2;189;
2;18;1;2;82;
12;2;1;2;4;
17;17;1;2;178;
2;17;1;2;233;
1;4;1;2;208;
13;10;1;2;284;
3;20;1;2;266;
2;19;1;2;232;
1;7;1;2;160;
14;18;1;2;13;
2;1;1;2;116;
4;2;1;2;208;
7;11;1;2;105;
17;3;1;2;121;
11;11;1;2;165;
15;2;1;2;182;
6;2;1;2;44;
16;20;1;2;136;
15;1;1;2;11;
10;2;1;2;182;
15;9;1;2;83;
4;19;1;2;88;
3;13;1;2;277;
8;12;1;2;69;
3;5;1;2;66;
9;1;1;2;34;
4;5;1;2;54;
1;4;1;2;169;
3;20;1;2;49;
10;18;1;2;289;
17;1;1;2;136;
15;10;1;2;151;
19;11;1;2;42;
12;1;1;2;168;
16;1;1;2;31;
16;2;1;2;313;
6;3;1;2;255;
1;10;1;2;203;
20;12;1;2;138;
9;12;1;2;272;
13;5;1;2;147;
1;1;18;614
2;1;13;48
3;1;14;564
4;1;14;425
5;1;17;498
6;1;12;227
7;1;11;537
8;1;4;342
9;1;8;354
10;1;7;291
11;1;3;77
12;1;1;98
13;1;15;173
14;1;10;216
*** EOF ***