**** 5 ****
50
13;16;1;2;16;
9;1;1;2;340;
13;14;1;2;64;
4;16;1;2;114;
17;12;1;2;208;
4;14;1;2;85;
13;10;1;2;11;
20;17;1;2;374;
9;16;1;2;8;
9;6;1;2;144;
15;15;1;2;290;
7;13;1;2;290;
17;14;1;2;346;
19;15;1;2;214;
1;9;1;2;377;
11;6;1;2;108;
2;12;1;2;220;
19;10;1;2;23;
19;14;1;2;185;
15;20;1;2;292;
12;4;1;2;188;
7;8;1;2;210;
10;2;1;2;35;
6;10;1;2;354;
4;7;1;2;23;
17;6;1;2;23;
19;20;1;2;292;
17;4;1;2;14;
18;15;1;2;39;
16;12;1;2;245;
18;7;1;2;46;
20;11;1;2;220;
17;20;1;2;341;
3;4;1;2;142;
10;15;1;2;161;
18;18;1;2;104;
17;15;1;2;145;
7;13;1;2;179;
17;1;1;2;183;
1;10;1;2;278;
11;7;1;2;169;
17;9;1;2;270;
9;10;1;2;46;
16;2;1;2;129;
14;16;1;2;149;
14;11;1;2;27;
14;9;1;2;221;
9;18;1;2;291;
12;18;1;2;376;
15;2;1;2;114;
1;1;4;10
2;1;17;630
3;1;19;331
4;1;4;357
5;1;13;581
6;1;10;402
7;1;9;434
8;1;4;262
9;1;4;427
10;1;5;85
11;1;5;169
12;1;19;780
13;1;5;725
14;1;5;277
15;1;10;687
16;1;10;300
17;1;15;519
18;1;1;176
19;1;16;68
*** EOF ***