**** 18 ****
50
15;13;1;2;274;
3;20;1;2;313;
18;5;1;2;169;
6;1;1;2;162;
6;20;1;2;277;
11;8;1;2;251;
11;9;1;2;257;
7;19;1;2;212;
16;17;1;2;215;
17;10;1;2;12;
19;3;1;2;202;
12;11;1;2;300;
19;14;1;2;247;
4;12;1;2;85;
8;5;1;2;101;
5;7;1;2;112;
2;16;1;2;317;
14;1;1;2;233;
11;18;1;2;49;
15;20;1;2;270;
2;13;1;2;284;
12;20;1;2;360;
15;1;1;2;88;
5;1;1;2;271;
5;3;1;2;105;
20;10;1;2;269;
7;6;1;2;229;
18;7;1;2;198;
20;11;1;2;46;
10;2;1;2;272;
9;12;1;2;21;
8;9;1;2;243;
1;5;1;2;307;
5;1;1;2;27;
5;14;1;2;298;
19;14;1;2;204;
5;8;1;2;346;
20;20;1;2;123;
2;12;1;2;212;
20;4;1;2;263;
16;9;1;2;339;
13;2;1;2;86;
4;3;1;2;328;
11;2;1;2;222;
11;8;1;2;5;
19;1;1;2;145;
7;10;1;2;189;
5;19;1;2;223;
2;15;1;2;285;
19;12;1;2;207;
1;1;10;418
2;1;8;575
3;1;5;282
4;1;17;242
5;1;10;501
6;1;17;41
7;1;5;340
8;1;20;320
9;1;14;465
10;1;6;437
11;1;19;393
12;1;2;91
13;1;4;525
14;1;3;487
15;1;20;64
16;1;15;630
17;1;4;653
18;1;19;712
19;1;2;260
*** EOF ***