**** 11 ****
50
12;16;1;2;32;
16;5;1;2;54;
4;15;1;2;151;
20;19;1;2;207;
18;15;1;2;172;
7;8;1;2;154;
18;3;1;2;287;
16;13;1;2;21;
14;2;1;2;282;
17;11;1;2;193;
11;8;1;2;322;
19;2;1;2;201;
20;2;1;2;319;
11;10;1;2;232;
4;14;1;2;43;
9;14;1;2;302;
1;13;1;2;53;
1;2;1;2;359;
6;8;1;2;125;
13;18;1;2;159;
1;20;1;2;170;
5;4;1;2;139;
18;10;1;2;297;
4;4;1;2;49;
14;20;1;2;363;
3;16;1;2;307;
4;3;1;2;328;
11;18;1;2;285;
15;14;1;2;139;
17;11;1;2;58;
14;8;1;2;102;
11;9;1;2;128;
6;10;1;2;127;
18;3;1;2;58;
2;18;1;2;295;
4;12;1;2;321;
7;16;1;2;300;
17;8;1;2;266;
15;19;1;2;129;
18;8;1;2;204;
10;6;1;2;360;
14;18;1;2;334;
1;13;1;2;285;
2;18;1;2;269;
16;1;1;2;221;
16;11;1;2;388;
5;1;1;2;285;
2;14;1;2;215;
19;11;1;2;169;
8;6;1;2;190;
1;1;12;84
2;1;12;400
3;1;8;720
4;1;10;188
5;1;3;325
6;1;10;133
7;1;6;241
8;1;7;335
9;1;15;61
10;1;12;17
11;1;3;419
12;1;2;249
13;1;17;451
14;1;17;679
15;1;2;103
16;1;6;489
17;1;7;347
18;1;13;171
19;1;20;597
20;1;13;437
21;1;9;226
22;1;2;484
23;1;15;41
24;1;12;644
25;1;14;621
26;1;1;311
*** EOF ***