**** 7 ****
50
3;20;1;2;371;
8;20;1;2;252;
16;10;1;2;132;
5;13;1;2;226;
19;1;1;2;242;
16;12;1;2;16;
16;15;1;2;368;
10;4;1;2;5;
12;14;1;2;380;
7;3;1;2;223;
7;11;1;2;29;
17;4;1;2;313;
12;1;1;2;339;
8;4;1;2;274;
4;4;1;2;111;
16;15;1;2;186;
16;20;1;2;155;
10;11;1;2;177;
7;3;1;2;60;
19;7;1;2;294;
19;17;1;2;59;
3;12;1;2;257;
9;18;1;2;120;
18;8;1;2;381;
6;9;1;2;346;
11;7;1;2;177;
14;12;1;2;304;
17;6;1;2;272;
9;8;1;2;278;
9;15;1;2;77;
4;10;1;2;79;
10;15;1;2;77;
5;17;1;2;226;
7;8;1;2;88;
9;4;1;2;67;
16;14;1;2;171;
12;4;1;2;93;
7;15;1;2;275;
3;17;1;2;379;
12;8;1;2;262;
15;12;1;2;348;
15;13;1;2;67;
9;18;1;2;226;
11;14;1;2;56;
18;10;1;2;278;
9;3;1;2;196;
19;10;1;2;314;
20;17;1;2;33;
7;16;1;2;11;
2;5;1;2;229;
1;1;4;266
2;1;18;406
3;1;9;161
4;1;16;23
5;1;8;362
6;1;4;252
7;1;17;566
8;1;13;707
9;1;12;743
10;1;2;196
11;1;10;498
12;1;3;455
13;1;5;11
14;1;2;537
15;1;7;730
16;1;17;589
17;1;15;130
18;1;3;428
19;1;6;225
20;1;3;340
21;1;16;62
22;1;9;615
23;1;14;388
*** EOF ***