**** 18 ****
50
10;18;1;2;7;
12;18;1;2;306;
20;10;1;2;168;
8;15;1;2;260;
8;4;1;2;154;
5;5;1;2;260;
20;2;1;2;283;
5;19;1;2;115;
7;12;1;2;84;
15;13;1;2;178;
8;4;1;2;111;
2;12;1;2;9;
17;18;1;2;199;
11;8;1;2;285;
15;1;1;2;287;
12;1;1;2;95;
4;10;1;2;231;
11;7;1;2;154;
2;3;1;2;11;
13;16;1;2;306;
10;2;1;2;180;
19;15;1;2;230;
1;2;1;2;297;
7;2;1;2;146;
1;12;1;2;55;
13;7;1;2;339;
8;7;1;2;255;
15;16;1;2;56;
16;8;1;2;103;
4;3;1;2;29;
4;7;1;2;249;
17;14;1;2;86;
6;1;1;2;202;
19;15;1;2;313;
6;20;1;2;24;
15;20;1;2;269;
2;16;1;2;178;
12;20;1;2;138;
12;5;1;2;302;
12;10;1;2;224;
20;15;1;2;214;
7;8;1;2;47;
3;14;1;2;78;
2;4;1;2;259;
15;19;1;2;53;
20;2;1;2;319;
7;4;1;2;205;
3;19;1;2;115;
4;20;1;2;128;
4;12;1;2;306;
1;1;10;415
2;1;14;600
3;1;4;458
4;1;5;691
5;1;16;72
6;1;1;358
7;1;9;269
8;1;20;338
9;1;9;211
10;1;1;111
11;1;1;449
12;1;8;433
13;1;7;368
14;1;19;226
15;1;11;622
16;1;3;560
17;1;4;175
18;1;1;122
19;1;18;190
20;1;20;298
21;1;18;639
22;1;12;527
*** EOF ***