**** 12 ****
50
16;15;1;2;106;
19;3;1;2;295;
12;3;1;2;240;
18;5;1;2;53;
16;20;1;2;261;
13;3;1;2;343;
5;10;1;2;93;
19;15;1;2;421;
17;1;1;2;57;
19;20;1;2;84;
19;20;1;2;430;
8;20;1;2;390;
9;19;1;2;144;
12;7;1;2;286;
17;20;1;2;427;
8;10;1;2;3;
7;10;1;2;27;
16;2;1;2;25;
3;9;1;2;143;
13;18;1;2;172;
1;1;1;2;48;
20;5;1;2;112;
14;7;1;2;329;
5;14;1;2;1;
13;11;1;2;11;
20;7;1;2;267;
13;14;1;2;59;
20;4;1;2;341;
8;12;1;2;154;
16;18;1;2;255;
18;9;1;2;414;
19;3;1;2;142;
1;4;1;2;403;
5;5;1;2;366;
2;7;1;2;372;
19;4;1;2;75;
7;8;1;2;417;
13;19;1;2;378;
9;16;1;2;291;
5;2;1;2;381;
11;17;1;2;91;
2;2;1;2;197;
4;15;1;2;4;
17;19;1;2;70;
7;11;1;2;104;
12;7;1;2;157;
4;7;1;2;355;
19;5;1;2;398;
10;20;1;2;356;
6;18;1;2;102;
1;1;13;443
2;1;8;237
3;1;13;681
4;1;13;403
5;1;12;58
6;1;13;875
7;1;8;13
8;1;9;765
9;1;16;108
10;1;6;285
11;1;5;397
12;1;17;605
13;1;10;643
14;1;18;152
15;1;5;483
16;1;3;147
17;1;19;78
18;1;10;369
19;1;19;549
20;1;10;132
21;1;4;179
22;1;10;572
23;1;17;297
24;1;11;489
25;1;5;36
26;1;17;624
*** EOF ***