**** 7 ****
50
2;13;1;2;14;
7;13;1;2;348;
10;12;1;2;156;
7;11;1;2;317;
17;10;1;2;95;
8;15;1;2;346;
11;2;1;2;114;
19;18;1;2;169;
18;5;1;2;32;
17;4;1;2;315;
19;10;1;2;379;
16;2;1;2;210;
10;12;1;2;41;
3;1;1;2;299;
11;2;1;2;97;
9;8;1;2;40;
6;8;1;2;222;
3;4;1;2;275;
9;2;1;2;303;
17;2;1;2;138;
10;12;1;2;117;
6;9;1;2;180;
15;2;1;2;374;
15;14;1;2;77;
20;15;1;2;375;
7;4;1;2;313;
1;10;1;2;122;
9;19;1;2;389;
3;13;1;2;317;
18;7;1;2;363;
11;2;1;2;374;
11;18;1;2;17;
10;10;1;2;166;
7;17;1;2;306;
18;10;1;2;115;
2;1;1;2;397;
7;17;1;2;282;
19;14;1;2;157;
9;6;1;2;337;
3;15;1;2;251;
3;2;1;2;283;
9;16;1;2;175;
7;14;1;2;99;
8;10;1;2;325;
18;2;1;2;330;
1;13;1;2;347;
14;8;1;2;116;
10;2;1;2;94;
15;19;1;2;230;
5;20;1;2;22;
1;1;20;56
2;1;17;473
3;1;7;348
4;1;5;222
5;1;2;425
6;1;5;687
7;1;9;209
8;1;12;188
9;1;19;235
10;1;17;272
11;1;19;447
12;1;4;608
13;1;9;519
14;1;19;291
15;1;16;666
16;1;5;544
17;1;1;509
18;1;12;703
19;1;12;257
20;1;20;369
21;1;11;429
22;1;3;755
23;1;19;317
24;1;17;615
25;1;8;528
*** EOF ***