**** 16 ****
50
13;7;1;2;100;
17;11;1;2;278;
7;12;1;2;54;
10;4;1;2;65;
12;20;1;2;48;
1;4;1;2;282;
6;5;1;2;146;
8;6;1;2;3;
11;12;1;2;273;
15;3;1;2;311;
2;3;1;2;11;
18;17;1;2;45;
6;2;1;2;350;
12;20;1;2;353;
11;1;1;2;366;
12;3;1;2;248;
17;16;1;2;140;
19;17;1;2;362;
9;20;1;2;219;
13;15;1;2;329;
15;2;1;2;165;
15;19;1;2;20;
17;15;1;2;126;
12;7;1;2;187;
1;17;1;2;89;
1;8;1;2;209;
11;16;1;2;237;
14;10;1;2;60;
5;5;1;2;309;
6;2;1;2;215;
3;15;1;2;189;
7;17;1;2;44;
5;9;1;2;205;
6;5;1;2;195;
20;8;1;2;320;
11;19;1;2;216;
10;11;1;2;63;
8;2;1;2;335;
15;14;1;2;333;
8;7;1;2;164;
9;1;1;2;170;
1;1;1;2;250;
1;16;1;2;93;
6;5;1;2;10;
12;16;1;2;76;
12;7;1;2;55;
9;1;1;2;69;
12;1;1;2;222;
1;10;1;2;21;
20;13;1;2;5;
1;1;8;76
2;1;10;16
3;1;17;549
4;1;10;87
5;1;3;140
6;1;17;604
7;1;11;396
8;1;18;218
9;1;14;448
10;1;20;493
11;1;15;39
12;1;17;376
13;1;15;743
14;1;16;192
15;1;19;256
16;1;4;535
17;1;8;707
18;1;10;634
19;1;14;409
20;1;12;656
*** EOF ***