**** 16 ****
50
16;7;1;2;39;
19;2;1;2;377;
9;19;1;2;412;
4;10;1;2;243;
8;13;1;2;12;
8;16;1;2;286;
15;20;1;2;345;
5;3;1;2;103;
8;2;1;2;277;
12;4;1;2;432;
16;10;1;2;233;
6;13;1;2;289;
15;17;1;2;434;
8;17;1;2;89;
12;8;1;2;246;
16;2;1;2;199;
10;3;1;2;79;
16;4;1;2;363;
11;10;1;2;319;
1;12;1;2;388;
6;7;1;2;2;
10;16;1;2;272;
10;16;1;2;307;
9;15;1;2;409;
11;10;1;2;42;
16;11;1;2;434;
13;15;1;2;246;
2;19;1;2;4;
3;8;1;2;220;
12;20;1;2;231;
7;1;1;2;111;
20;5;1;2;1;
19;4;1;2;157;
9;14;1;2;209;
20;15;1;2;293;
11;7;1;2;90;
8;19;1;2;231;
14;17;1;2;268;
6;18;1;2;357;
17;7;1;2;165;
13;7;1;2;6;
8;18;1;2;290;
2;14;1;2;241;
15;13;1;2;271;
16;10;1;2;404;
19;8;1;2;355;
12;4;1;2;255;
1;5;1;2;52;
8;18;1;2;150;
6;15;1;2;71;
1;1;16;632
2;1;14;688
3;1;14;35
4;1;9;605
5;1;13;659
6;1;12;207
7;1;18;374
8;1;6;866
9;1;15;356
10;1;11;560
11;1;8;263
12;1;11;195
13;1;19;436
14;1;7;343
15;1;12;845
16;1;1;99
17;1;10;488
18;1;13;510
19;1;8;73
20;1;19;532
21;1;19;463
22;1;13;721
23;1;19;317
24;1;12;86
25;1;20;784
26;1;19;817
*** EOF ***