**** 1 ****
50
13;11;1;2;17;
7;5;1;2;219;
4;18;1;2;224;
10;4;1;2;113;
1;11;1;2;183;
1;18;1;2;57;
16;18;1;2;2;
14;10;1;2;80;
12;18;1;2;215;
3;11;1;2;44;
14;2;1;2;243;
5;20;1;2;99;
17;1;1;2;44;
8;19;1;2;268;
4;17;1;2;53;
15;8;1;2;54;
10;2;1;2;218;
9;11;1;2;277;
20;6;1;2;95;
18;14;1;2;240;
5;6;1;2;12;
9;11;1;2;252;
8;13;1;2;261;
19;3;1;2;61;
16;19;1;2;144;
14;18;1;2;191;
5;4;1;2;21;
11;10;1;2;5;
20;18;1;2;265;
14;19;1;2;170;
7;6;1;2;268;
3;5;1;2;268;
11;7;1;2;12;
18;10;1;2;177;
3;10;1;2;254;
11;18;1;2;13;
13;5;1;2;199;
5;19;1;2;57;
1;8;1;2;223;
7;4;1;2;7;
18;18;1;2;174;
3;6;1;2;57;
4;3;1;2;242;
2;14;1;2;137;
1;5;1;2;258;
11;6;1;2;98;
4;15;1;2;162;
1;3;1;2;18;
2;9;1;2;152;
9;12;1;2;282;
1;1;1;363
2;1;7;296
3;1;4;449
4;1;8;461
5;1;17;20
6;1;9;574
7;1;4;166
8;1;15;523
9;1;20;48
10;1;10;428
11;1;5;42
12;1;8;563
13;1;17;278
14;1;10;155
*** EOF ***