**** 8 ****
50
14;5;1;2;19;
11;7;1;2;102;
17;3;1;2;64;
9;19;1;2;194;
13;7;1;2;304;
6;18;1;2;157;
11;1;1;2;77;
14;19;1;2;83;
5;19;1;2;126;
10;18;1;2;270;
11;14;1;2;16;
3;16;1;2;328;
13;1;1;2;167;
14;2;1;2;218;
13;18;1;2;330;
8;13;1;2;158;
11;16;1;2;133;
3;11;1;2;298;
15;9;1;2;245;
15;3;1;2;194;
16;2;1;2;96;
15;17;1;2;345;
11;5;1;2;308;
11;12;1;2;78;
11;2;1;2;127;
8;14;1;2;331;
14;17;1;2;132;
9;13;1;2;128;
13;8;1;2;62;
6;18;1;2;205;
15;14;1;2;253;
4;13;1;2;127;
10;7;1;2;195;
2;18;1;2;238;
12;19;1;2;325;
2;6;1;2;242;
17;6;1;2;304;
14;8;1;2;121;
17;15;1;2;69;
19;3;1;2;90;
10;7;1;2;98;
2;2;1;2;211;
11;11;1;2;299;
20;3;1;2;316;
4;8;1;2;236;
20;10;1;2;263;
17;11;1;2;302;
1;20;1;2;238;
1;5;1;2;295;
1;19;1;2;70;
1;1;7;478
2;1;5;682
3;1;17;613
4;1;8;310
5;1;11;654
6;1;17;23
7;1;18;166
8;1;4;124
9;1;8;632
10;1;12;540
11;1;5;501
12;1;8;433
13;1;18;137
14;1;2;4
15;1;4;414
16;1;20;358
*** EOF ***