**** 1 ****
50
10;15;1;2;239;
2;11;1;2;148;
19;4;1;2;246;
5;17;1;2;311;
13;15;1;2;126;
5;5;1;2;307;
4;17;1;2;336;
9;5;1;2;221;
10;18;1;2;316;
12;11;1;2;222;
6;12;1;2;350;
5;20;1;2;343;
8;18;1;2;333;
8;14;1;2;392;
17;9;1;2;260;
13;13;1;2;224;
14;14;1;2;326;
10;14;1;2;359;
12;1;1;2;153;
12;16;1;2;282;
8;13;1;2;174;
12;10;1;2;160;
17;1;1;2;389;
18;18;1;2;259;
20;7;1;2;156;
3;15;1;2;113;
12;12;1;2;382;
1;17;1;2;189;
5;12;1;2;241;
15;16;1;2;292;
7;16;1;2;356;
9;1;1;2;237;
14;11;1;2;413;
18;12;1;2;255;
13;1;1;2;336;
4;1;1;2;321;
12;5;1;2;171;
11;16;1;2;266;
20;11;1;2;244;
10;14;1;2;360;
9;10;1;2;224;
3;11;1;2;204;
8;20;1;2;234;
20;2;1;2;191;
14;19;1;2;413;
14;14;1;2;84;
10;1;1;2;88;
12;19;1;2;171;
8;11;1;2;152;
16;5;1;2;62;
1;1;3;838
2;1;3;760
3;1;14;702
4;1;13;152
5;1;19;571
6;1;19;328
7;1;18;221
8;1;3;661
9;1;11;269
10;1;6;652
11;1;16;673
12;1;13;180
13;1;12;533
14;1;1;794
15;1;14;397
16;1;6;94
17;1;20;35
18;1;20;731
19;1;2;618
20;1;17;504
21;1;17;458
22;1;18;425
23;1;15;553
24;1;10;107
25;1;16;796
26;1;5;100
*** EOF ***