**** 7 ****
50
11;19;1;2;148;
10;18;1;2;32;
13;6;1;2;225;
18;1;1;2;89;
19;6;1;2;103;
7;5;1;2;219;
12;18;1;2;71;
14;16;1;2;85;
10;3;1;2;136;
10;11;1;2;40;
20;8;1;2;385;
6;8;1;2;291;
6;1;1;2;119;
2;4;1;2;329;
20;11;1;2;366;
19;2;1;2;228;
14;18;1;2;394;
11;12;1;2;106;
3;1;1;2;22;
3;16;1;2;152;
2;19;1;2;28;
8;5;1;2;382;
5;1;1;2;27;
17;2;1;2;310;
16;15;1;2;221;
6;14;1;2;360;
18;4;1;2;385;
8;14;1;2;389;
18;20;1;2;57;
14;12;1;2;81;
3;2;1;2;186;
20;8;1;2;4;
6;2;1;2;386;
20;3;1;2;18;
8;13;1;2;95;
1;15;1;2;387;
8;1;1;2;45;
20;10;1;2;295;
19;9;1;2;125;
1;7;1;2;179;
10;9;1;2;406;
3;11;1;2;394;
11;4;1;2;303;
18;2;1;2;302;
2;1;1;2;378;
6;16;1;2;334;
12;16;1;2;155;
9;9;1;2;164;
4;2;1;2;233;
12;19;1;2;301;
1;1;11;192
2;1;10;212
3;1;20;466
4;1;12;712
5;1;14;424
6;1;16;267
7;1;6;446
8;1;16;634
9;1;8;33
10;1;14;530
11;1;15;171
12;1;17;94
13;1;18;613
14;1;16;793
15;1;20;66
16;1;20;382
17;1;20;576
18;1;9;244
19;1;14;351
20;1;14;139
*** EOF ***