**** 10 ****
50
18;14;1;2;341;
17;5;1;2;133;
18;17;1;2;330;
11;10;1;2;231;
14;15;1;2;174;
15;13;1;2;288;
14;2;1;2;153;
18;18;1;2;77;
5;13;1;2;260;
6;5;1;2;217;
19;2;1;2;210;
4;6;1;2;249;
6;19;1;2;65;
15;10;1;2;255;
1;13;1;2;186;
14;11;1;2;194;
7;11;1;2;148;
17;17;1;2;160;
3;20;1;2;189;
16;1;1;2;265;
7;19;1;2;109;
11;20;1;2;265;
13;7;1;2;55;
1;7;1;2;202;
17;6;1;2;128;
12;3;1;2;273;
15;17;1;2;316;
16;17;1;2;150;
3;5;1;2;37;
4;18;1;2;60;
16;17;1;2;50;
15;17;1;2;257;
5;3;1;2;71;
2;13;1;2;336;
13;17;1;2;235;
5;9;1;2;107;
2;12;1;2;109;
2;15;1;2;146;
12;12;1;2;319;
8;16;1;2;117;
10;5;1;2;284;
19;20;1;2;183;
19;7;1;2;36;
1;3;1;2;298;
9;16;1;2;175;
9;7;1;2;143;
9;19;1;2;153;
3;20;1;2;271;
9;3;1;2;156;
9;13;1;2;205;
1;1;10;89
2;1;11;186
3;1;13;34
4;1;13;654
5;1;6;627
6;1;15;639
7;1;7;588
8;1;17;610
9;1;20;390
10;1;20;64
11;1;18;540
12;1;4;174
13;1;12;419
14;1;3;574
*** EOF ***