**** 4 ****
50
19;17;1;2;326;
8;1;1;2;63;
10;12;1;2;280;
7;7;1;2;314;
18;16;1;2;299;
19;11;1;2;110;
20;1;1;2;128;
18;11;1;2;289;
12;13;1;2;203;
7;16;1;2;134;
13;17;1;2;244;
12;17;1;2;76;
16;7;1;2;129;
10;11;1;2;328;
3;10;1;2;57;
18;18;1;2;323;
6;17;1;2;22;
8;7;1;2;292;
4;9;1;2;123;
2;15;1;2;273;
18;8;1;2;62;
1;9;1;2;298;
10;20;1;2;110;
5;17;1;2;235;
15;20;1;2;70;
4;5;1;2;219;
2;2;1;2;14;
19;1;1;2;82;
3;1;1;2;160;
12;11;1;2;164;
3;14;1;2;149;
17;7;1;2;183;
5;1;1;2;315;
17;12;1;2;254;
20;11;1;2;6;
10;7;1;2;208;
14;19;1;2;212;
7;13;1;2;276;
2;14;1;2;144;
2;11;1;2;297;
14;10;1;2;159;
10;2;1;2;176;
7;2;1;2;67;
1;20;1;2;55;
6;14;1;2;262;
6;9;1;2;72;
6;9;1;2;307;
17;17;1;2;286;
7;15;1;2;306;
4;12;1;2;35;
1;1;10;524
2;1;17;278
3;1;7;632
4;1;20;364
5;1;5;71
6;1;8;341
7;1;18;49
8;1;13;28
9;1;4;145
10;1;6;135
11;1;6;265
12;1;4;81
13;1;5;387
14;1;14;422
15;1;13;649
16;1;16;463
*** EOF ***