**** 17 ****
50
8;2;1;2;167;
8;7;1;2;245;
8;19;1;2;57;
9;18;1;2;270;
20;1;1;2;260;
10;17;1;2;83;
18;18;1;2;170;
16;7;1;2;195;
3;11;1;2;157;
8;1;1;2;348;
20;5;1;2;71;
18;15;1;2;195;
16;3;1;2;9;
4;1;1;2;262;
18;16;1;2;211;
5;1;1;2;262;
14;16;1;2;341;
8;16;1;2;92;
13;8;1;2;162;
4;1;1;2;227;
1;13;1;2;345;
8;18;1;2;332;
8;19;1;2;160;
11;2;1;2;35;
11;4;1;2;20;
8;13;1;2;185;
12;16;1;2;46;
20;10;1;2;259;
16;10;1;2;198;
12;12;1;2;45;
18;15;1;2;134;
5;7;1;2;197;
1;10;1;2;322;
16;2;1;2;206;
12;16;1;2;113;
19;9;1;2;251;
18;18;1;2;265;
14;10;1;2;308;
6;9;1;2;5;
13;15;1;2;213;
20;1;1;2;310;
18;8;1;2;47;
5;20;1;2;236;
15;7;1;2;271;
9;17;1;2;311;
8;8;1;2;177;
16;7;1;2;151;
11;5;1;2;324;
18;13;1;2;159;
13;12;1;2;293;
1;1;8;92
2;1;5;189
3;1;5;208
4;1;13;668
5;1;13;682
6;1;6;425
7;1;5;276
8;1;13;54
9;1;4;32
10;1;4;174
11;1;7;316
12;1;19;131
13;1;7;367
14;1;6;555
*** EOF ***