**** 10 ****
50
17;13;1;2;260;
16;1;1;2;284;
8;10;1;2;379;
5;4;1;2;204;
19;20;1;2;39;
2;4;1;2;241;
6;14;1;2;155;
16;1;1;2;281;
5;1;1;2;153;
6;2;1;2;155;
16;11;1;2;43;
14;16;1;2;224;
14;1;1;2;260;
5;10;1;2;310;
19;5;1;2;202;
7;5;1;2;346;
12;11;1;2;15;
9;8;1;2;290;
3;16;1;2;99;
6;2;1;2;345;
18;1;1;2;174;
7;19;1;2;175;
2;4;1;2;161;
11;8;1;2;53;
18;2;1;2;133;
20;7;1;2;107;
11;5;1;2;85;
3;9;1;2;29;
9;20;1;2;257;
20;14;1;2;164;
8;9;1;2;282;
18;17;1;2;94;
17;9;1;2;118;
17;10;1;2;65;
18;1;1;2;389;
18;8;1;2;27;
14;8;1;2;177;
5;6;1;2;19;
20;5;1;2;162;
19;12;1;2;303;
19;13;1;2;11;
20;15;1;2;312;
20;18;1;2;251;
7;16;1;2;222;
2;6;1;2;180;
5;10;1;2;264;
18;15;1;2;189;
17;6;1;2;35;
17;10;1;2;304;
9;3;1;2;25;
1;1;4;63
2;1;12;303
3;1;5;13
4;1;16;186
5;1;17;470
6;1;1;548
7;1;4;259
8;1;11;731
9;1;10;561
10;1;16;787
11;1;1;343
12;1;17;744
13;1;15;426
14;1;9;613
15;1;2;545
16;1;18;576
17;1;16;144
18;1;2;8
*** EOF ***