**** 5 ****
50
16;18;1;2;184;
2;1;1;2;26;
19;7;1;2;307;
15;8;1;2;236;
17;9;1;2;121;
13;7;1;2;30;
18;2;1;2;35;
3;16;1;2;307;
5;2;1;2;48;
3;2;1;2;239;
11;9;1;2;207;
18;4;1;2;211;
19;8;1;2;230;
10;2;1;2;5;
1;8;1;2;85;
4;3;1;2;70;
4;18;1;2;326;
14;15;1;2;108;
14;13;1;2;92;
20;6;1;2;217;
6;13;1;2;143;
13;20;1;2;83;
9;6;1;2;151;
13;9;1;2;194;
15;7;1;2;301;
5;11;1;2;266;
19;9;1;2;194;
2;15;1;2;304;
11;1;1;2;113;
12;17;1;2;353;
9;19;1;2;219;
4;15;1;2;230;
20;18;1;2;29;
3;16;1;2;114;
14;1;1;2;26;
17;9;1;2;33;
12;4;1;2;268;
9;1;1;2;271;
1;12;1;2;360;
1;10;1;2;156;
10;2;1;2;143;
5;19;1;2;148;
1;7;1;2;52;
8;11;1;2;76;
6;4;1;2;310;
3;17;1;2;308;
9;16;1;2;161;
3;1;1;2;64;
12;15;1;2;241;
20;15;1;2;309;
1;1;12;276
2;1;17;721
3;1;15;148
4;1;2;244
5;1;9;440
6;1;4;596
7;1;14;55
8;1;12;96
9;1;3;16
10;1;15;38
11;1;8;483
12;1;9;378
13;1;7;424
14;1;18;123
15;1;18;339
16;1;7;510
17;1;6;332
18;1;14;638
19;1;15;673
20;1;11;179
21;1;15;580
22;1;9;388
*** EOF ***