**** 19 ****
50
6;13;1;2;86;
5;6;1;2;54;
9;5;1;2;133;
18;10;1;2;271;
12;1;1;2;88;
8;17;1;2;63;
16;4;1;2;246;
5;18;1;2;329;
3;9;1;2;172;
5;7;1;2;301;
14;14;1;2;65;
3;4;1;2;230;
20;10;1;2;236;
15;15;1;2;361;
1;12;1;2;367;
17;1;1;2;240;
11;3;1;2;18;
3;2;1;2;361;
15;15;1;2;196;
2;18;1;2;288;
14;12;1;2;21;
19;2;1;2;96;
16;4;1;2;195;
4;15;1;2;258;
15;9;1;2;112;
7;15;1;2;137;
16;12;1;2;82;
9;2;1;2;60;
9;17;1;2;352;
20;10;1;2;283;
4;2;1;2;14;
8;6;1;2;236;
13;11;1;2;47;
17;9;1;2;353;
11;16;1;2;377;
8;20;1;2;201;
6;12;1;2;180;
14;13;1;2;189;
4;10;1;2;355;
6;7;1;2;280;
9;15;1;2;246;
17;6;1;2;109;
4;18;1;2;139;
11;4;1;2;327;
1;1;1;2;323;
10;11;1;2;219;
6;18;1;2;42;
18;12;1;2;298;
17;18;1;2;376;
18;17;1;2;347;
1;1;19;182
2;1;18;713
3;1;13;693
4;1;11;157
5;1;7;741
6;1;7;173
7;1;20;334
8;1;17;255
9;1;10;527
10;1;10;34
11;1;6;233
12;1;12;88
13;1;15;473
14;1;15;488
15;1;6;243
16;1;8;464
17;1;17;375
18;1;16;287
19;1;3;425
20;1;6;392
*** EOF ***