**** 0 ****
50
19;7;1;2;294;
13;9;1;2;172;
15;8;1;2;225;
1;9;1;2;275;
15;16;1;2;52;
15;1;1;2;318;
12;14;1;2;10;
20;11;1;2;44;
19;8;1;2;232;
20;6;1;2;83;
1;3;1;2;101;
17;13;1;2;214;
7;5;1;2;257;
9;3;1;2;168;
4;13;1;2;39;
12;15;1;2;14;
12;14;1;2;131;
6;5;1;2;80;
7;2;1;2;144;
12;7;1;2;254;
19;5;1;2;241;
13;9;1;2;94;
9;2;1;2;161;
1;15;1;2;280;
13;12;1;2;250;
17;6;1;2;211;
15;5;1;2;175;
10;14;1;2;271;
9;15;1;2;46;
9;18;1;2;34;
4;5;1;2;259;
5;4;1;2;39;
20;2;1;2;28;
9;7;1;2;241;
9;15;1;2;2;
2;7;1;2;166;
5;17;1;2;77;
2;5;1;2;286;
12;15;1;2;46;
15;18;1;2;338;
11;9;1;2;267;
11;5;1;2;282;
10;1;1;2;64;
8;6;1;2;16;
19;3;1;2;216;
9;1;1;2;338;
8;3;1;2;242;
14;15;1;2;221;
19;13;1;2;80;
6;16;1;2;102;
1;1;10;432
2;1;9;312
3;1;2;80
4;1;13;133
5;1;4;279
6;1;20;466
7;1;5;565
8;1;20;672
9;1;10;160
10;1;20;240
11;1;20;210
12;1;1;356
13;1;13;399
14;1;3;629
15;1;18;541
*** EOF ***