**** 17 ****
50
9;14;1;2;92;
5;19;1;2;271;
9;17;1;2;104;
18;18;1;2;199;
6;10;1;2;222;
3;3;1;2;19;
7;16;1;2;183;
3;18;1;2;63;
19;15;1;2;246;
15;5;1;2;140;
17;20;1;2;143;
15;15;1;2;142;
13;3;1;2;177;
5;15;1;2;133;
20;4;1;2;274;
9;18;1;2;255;
14;15;1;2;204;
18;13;1;2;203;
3;15;1;2;112;
18;2;1;2;209;
7;3;1;2;40;
15;18;1;2;335;
19;17;1;2;63;
16;14;1;2;229;
19;20;1;2;61;
4;6;1;2;265;
16;13;1;2;61;
10;4;1;2;17;
5;8;1;2;157;
8;6;1;2;207;
20;10;1;2;199;
5;16;1;2;148;
13;13;1;2;144;
12;3;1;2;324;
15;3;1;2;71;
8;5;1;2;183;
14;11;1;2;182;
6;7;1;2;13;
15;19;1;2;148;
7;10;1;2;69;
2;8;1;2;50;
13;13;1;2;79;
16;12;1;2;37;
14;5;1;2;357;
3;2;1;2;221;
9;11;1;2;27;
4;8;1;2;300;
13;19;1;2;84;
1;5;1;2;221;
4;6;1;2;31;
1;1;3;437
2;1;8;53
3;1;4;123
4;1;20;592
5;1;1;456
6;1;12;218
7;1;17;573
8;1;11;166
9;1;8;333
10;1;7;549
11;1;18;29
12;1;5;507
13;1;8;112
14;1;17;526
15;1;4;642
16;1;14;665
17;1;8;412
18;1;8;202
19;1;12;652
*** EOF ***