**** 16 ****
50
11;6;1;2;78;
2;14;1;2;186;
12;12;1;2;58;
17;9;1;2;72;
10;19;1;2;274;
4;15;1;2;69;
10;18;1;2;286;
11;20;1;2;102;
8;1;1;2;120;
1;11;1;2;40;
19;14;1;2;338;
9;11;1;2;349;
7;4;1;2;315;
17;3;1;2;144;
16;19;1;2;251;
14;11;1;2;177;
13;17;1;2;310;
9;18;1;2;309;
3;14;1;2;198;
11;6;1;2;108;
5;2;1;2;388;
20;6;1;2;384;
15;8;1;2;131;
18;16;1;2;155;
8;1;1;2;73;
14;8;1;2;50;
4;3;1;2;242;
10;5;1;2;355;
14;7;1;2;219;
7;12;1;2;331;
8;9;1;2;388;
12;15;1;2;160;
16;11;1;2;226;
17;10;1;2;23;
12;20;1;2;346;
14;10;1;2;381;
2;19;1;2;269;
1;11;1;2;377;
1;18;1;2;301;
4;14;1;2;123;
10;20;1;2;101;
17;18;1;2;225;
14;16;1;2;315;
20;1;1;2;293;
1;4;1;2;387;
19;9;1;2;339;
7;19;1;2;146;
19;2;1;2;35;
16;10;1;2;292;
10;4;1;2;193;
1;1;18;343
2;1;12;34
3;1;4;624
4;1;13;157
5;1;15;468
6;1;20;389
7;1;13;686
8;1;11;321
9;1;10;366
10;1;13;730
11;1;20;634
12;1;15;53
13;1;2;617
14;1;14;585
15;1;6;119
16;1;18;178
17;1;5;106
18;1;8;526
19;1;12;603
20;1;2;211
21;1;6;380
*** EOF ***