**** 5 ****
50
8;4;1;2;41;
20;18;1;2;106;
6;19;1;2;2;
17;17;1;2;96;
10;11;1;2;34;
17;16;1;2;115;
11;18;1;2;120;
1;6;1;2;146;
4;8;1;2;38;
9;7;1;2;348;
16;12;1;2;61;
2;17;1;2;117;
6;2;1;2;196;
5;14;1;2;169;
10;9;1;2;280;
4;20;1;2;151;
9;12;1;2;26;
13;8;1;2;281;
4;20;1;2;13;
8;4;1;2;80;
14;18;1;2;122;
6;18;1;2;242;
9;2;1;2;315;
13;17;1;2;12;
14;14;1;2;196;
7;8;1;2;91;
10;7;1;2;320;
16;11;1;2;116;
4;5;1;2;58;
6;17;1;2;284;
3;14;1;2;227;
4;14;1;2;193;
16;17;1;2;325;
2;1;1;2;162;
16;19;1;2;139;
11;10;1;2;192;
4;4;1;2;76;
6;9;1;2;163;
1;11;1;2;329;
17;9;1;2;262;
2;3;1;2;187;
18;14;1;2;196;
11;19;1;2;204;
10;2;1;2;95;
8;9;1;2;288;
18;6;1;2;48;
3;6;1;2;238;
20;17;1;2;13;
12;19;1;2;352;
12;14;1;2;267;
1;1;1;104
2;1;20;416
3;1;1;98
4;1;17;273
5;1;1;638
6;1;7;590
7;1;15;301
8;1;8;404
9;1;13;203
10;1;1;115
11;1;16;543
12;1;16;450
13;1;5;124
14;1;8;613
15;1;19;493
16;1;14;376
17;1;9;519
18;1;4;567
19;1;10;362
20;1;3;88
21;1;18;20
22;1;8;106
23;1;18;245
24;1;10;676
*** EOF ***