**** 9 ****
50
13;9;1;2;160;
8;2;1;2;368;
20;15;1;2;130;
4;1;1;2;341;
9;10;1;2;366;
19;15;1;2;358;
13;10;1;2;233;
13;18;1;2;317;
18;20;1;2;342;
7;10;1;2;166;
20;3;1;2;126;
11;12;1;2;230;
10;16;1;2;253;
13;3;1;2;111;
8;9;1;2;304;
17;9;1;2;168;
5;11;1;2;77;
5;9;1;2;78;
18;11;1;2;133;
10;20;1;2;19;
10;1;1;2;27;
17;4;1;2;1;
13;13;1;2;239;
16;3;1;2;75;
20;6;1;2;324;
7;9;1;2;23;
9;17;1;2;247;
3;7;1;2;201;
7;19;1;2;208;
4;7;1;2;318;
9;11;1;2;67;
4;20;1;2;58;
4;2;1;2;241;
18;7;1;2;367;
1;13;1;2;117;
6;12;1;2;208;
1;2;1;2;167;
5;3;1;2;271;
9;9;1;2;201;
3;20;1;2;157;
10;14;1;2;36;
8;7;1;2;264;
14;13;1;2;189;
14;10;1;2;10;
14;10;1;2;137;
12;11;1;2;297;
8;2;1;2;253;
2;13;1;2;249;
13;10;1;2;326;
15;12;1;2;51;
1;1;20;519
2;1;15;70
3;1;6;319
4;1;7;274
5;1;8;667
6;1;18;600
7;1;3;190
8;1;16;258
9;1;18;24
10;1;6;92
11;1;11;587
12;1;19;632
13;1;19;480
14;1;19;50
15;1;13;233
16;1;4;387
17;1;8;295
18;1;1;717
19;1;11;341
*** EOF ***