**** 12 ****
50
15;6;1;2;413;
17;6;1;2;240;
8;17;1;2;416;
19;9;1;2;361;
1;9;1;2;251;
15;6;1;2;331;
11;3;1;2;313;
20;15;1;2;225;
10;6;1;2;241;
1;18;1;2;2;
14;19;1;2;126;
2;20;1;2;107;
20;12;1;2;352;
7;10;1;2;228;
5;11;1;2;17;
6;17;1;2;187;
3;5;1;2;251;
2;4;1;2;101;
5;17;1;2;50;
13;12;1;2;129;
18;7;1;2;100;
7;17;1;2;413;
18;15;1;2;207;
20;6;1;2;85;
4;13;1;2;78;
9;15;1;2;75;
10;6;1;2;299;
5;13;1;2;79;
7;1;1;2;62;
10;1;1;2;305;
8;15;1;2;421;
11;10;1;2;348;
3;13;1;2;86;
7;1;1;2;212;
18;9;1;2;22;
13;10;1;2;26;
5;19;1;2;79;
19;18;1;2;241;
7;11;1;2;170;
7;8;1;2;158;
14;14;1;2;218;
11;7;1;2;237;
20;4;1;2;204;
18;9;1;2;206;
10;13;1;2;400;
1;2;1;2;225;
20;7;1;2;240;
11;8;1;2;286;
15;17;1;2;357;
13;5;1;2;204;
1;1;13;398
2;1;15;320
3;1;13;204
4;1;13;794
5;1;10;306
6;1;9;841
7;1;10;294
8;1;20;481
9;1;18;430
10;1;20;690
11;1;15;251
12;1;10;462
13;1;2;580
14;1;13;369
15;1;19;350
16;1;11;630
17;1;6;141
18;1;6;73
19;1;14;825
20;1;19;662
21;1;6;571
22;1;19;763
23;1;6;472
24;1;16;218
25;1;19;743
*** EOF ***