**** 19 ****
50
4;7;1;2;237;
5;10;1;2;46;
20;7;1;2;101;
12;19;1;2;306;
2;9;1;2;141;
14;14;1;2;120;
8;4;1;2;58;
12;18;1;2;147;
19;2;1;2;190;
7;19;1;2;185;
3;18;1;2;169;
14;16;1;2;40;
13;18;1;2;371;
17;5;1;2;269;
8;14;1;2;373;
19;13;1;2;181;
2;11;1;2;379;
10;11;1;2;361;
16;10;1;2;155;
13;7;1;2;20;
17;5;1;2;251;
19;12;1;2;83;
13;16;1;2;196;
16;9;1;2;380;
18;7;1;2;146;
3;17;1;2;35;
16;10;1;2;216;
1;16;1;2;307;
19;20;1;2;202;
2;14;1;2;347;
15;13;1;2;298;
7;1;1;2;383;
3;10;1;2;317;
12;17;1;2;99;
16;13;1;2;268;
16;11;1;2;211;
14;8;1;2;162;
11;2;1;2;299;
14;14;1;2;138;
11;8;1;2;81;
6;10;1;2;302;
20;18;1;2;58;
18;6;1;2;23;
1;16;1;2;98;
3;12;1;2;333;
7;10;1;2;377;
8;4;1;2;209;
8;7;1;2;11;
8;17;1;2;207;
11;17;1;2;273;
1;1;20;327
2;1;10;596
3;1;13;650
4;1;15;260
5;1;20;504
6;1;2;732
7;1;2;379
8;1;11;395
9;1;9;230
10;1;2;85
11;1;15;302
12;1;10;89
13;1;1;566
14;1;5;347
15;1;15;170
16;1;16;607
17;1;14;547
18;1;15;699
19;1;1;686
20;1;12;765
21;1;7;287
*** EOF ***