**** 8 ****
50
8;13;1;2;55;
20;15;1;2;120;
12;7;1;2;118;
19;14;1;2;39;
17;14;1;2;193;
1;20;1;2;103;
7;19;1;2;230;
2;9;1;2;28;
11;11;1;2;87;
15;13;1;2;135;
9;2;1;2;234;
16;9;1;2;49;
6;6;1;2;121;
5;7;1;2;287;
4;14;1;2;299;
13;16;1;2;49;
5;4;1;2;271;
1;11;1;2;283;
11;8;1;2;325;
5;2;1;2;76;
13;16;1;2;105;
11;11;1;2;179;
2;11;1;2;267;
7;13;1;2;312;
19;15;1;2;121;
2;16;1;2;325;
7;20;1;2;327;
4;14;1;2;133;
5;5;1;2;246;
5;1;1;2;26;
11;10;1;2;153;
8;10;1;2;29;
5;18;1;2;192;
1;1;1;2;59;
5;4;1;2;171;
4;14;1;2;283;
1;4;1;2;153;
18;14;1;2;147;
3;16;1;2;109;
3;11;1;2;211;
5;5;1;2;49;
15;1;1;2;267;
3;2;1;2;36;
16;20;1;2;139;
8;2;1;2;245;
1;8;1;2;236;
1;9;1;2;101;
18;15;1;2;4;
7;2;1;2;256;
8;13;1;2;214;
1;1;17;414
2;1;7;434
3;1;8;251
4;1;16;449
5;1;19;341
6;1;16;92
7;1;6;297
8;1;10;191
9;1;2;498
10;1;11;20
11;1;20;263
12;1;11;548
13;1;6;386
14;1;12;395
15;1;3;186
16;1;7;579
17;1;6;535
18;1;6;115
19;1;4;466
20;1;13;57
21;1;4;134
22;1;5;330
23;1;18;513
24;1;15;635
25;1;2;71
26;1;10;218
*** EOF ***