**** 12 ****
50
6;12;1;2;218;
16;5;1;2;340;
2;10;1;2;313;
13;6;1;2;20;
19;6;1;2;366;
14;10;1;2;136;
13;15;1;2;64;
2;9;1;2;250;
9;4;1;2;278;
17;2;1;2;214;
18;6;1;2;52;
5;13;1;2;332;
9;4;1;2;131;
15;13;1;2;348;
9;17;1;2;217;
16;5;1;2;221;
19;2;1;2;316;
8;11;1;2;88;
2;9;1;2;162;
13;6;1;2;365;
10;19;1;2;146;
18;12;1;2;255;
18;20;1;2;230;
19;2;1;2;124;
10;2;1;2;191;
5;19;1;2;146;
5;7;1;2;269;
4;9;1;2;324;
11;5;1;2;165;
19;13;1;2;113;
10;19;1;2;226;
2;15;1;2;163;
12;2;1;2;140;
7;15;1;2;55;
20;5;1;2;224;
15;7;1;2;106;
16;11;1;2;254;
4;1;1;2;86;
13;7;1;2;89;
7;5;1;2;115;
6;6;1;2;216;
15;16;1;2;118;
16;9;1;2;239;
1;17;1;2;146;
5;18;1;2;197;
13;20;1;2;73;
16;2;1;2;5;
11;8;1;2;153;
12;15;1;2;38;
10;12;1;2;298;
1;1;1;435
2;1;6;137
3;1;9;146
4;1;1;686
5;1;19;47
6;1;9;19
7;1;10;202
8;1;14;178
9;1;2;499
10;1;19;588
11;1;20;67
12;1;19;456
13;1;5;676
14;1;10;639
15;1;12;113
16;1;4;511
17;1;9;352
18;1;9;622
*** EOF ***