**** 8 ****
50
13;11;1;2;7;
11;7;1;2;162;
1;3;1;2;67;
7;13;1;2;63;
12;7;1;2;116;
10;13;1;2;73;
19;18;1;2;241;
17;5;1;2;278;
3;16;1;2;141;
18;1;1;2;116;
4;3;1;2;55;
16;18;1;2;152;
14;5;1;2;10;
15;2;1;2;8;
20;11;1;2;157;
14;2;1;2;249;
13;12;1;2;70;
18;14;1;2;225;
18;6;1;2;93;
17;7;1;2;73;
6;9;1;2;278;
10;19;1;2;324;
15;12;1;2;128;
10;4;1;2;133;
2;10;1;2;98;
1;8;1;2;228;
1;16;1;2;355;
7;17;1;2;53;
8;8;1;2;44;
2;5;1;2;313;
3;12;1;2;177;
11;18;1;2;317;
17;16;1;2;236;
7;16;1;2;318;
4;17;1;2;94;
17;14;1;2;57;
14;14;1;2;193;
20;6;1;2;77;
8;14;1;2;188;
14;9;1;2;305;
17;11;1;2;24;
12;8;1;2;327;
4;16;1;2;207;
2;19;1;2;136;
19;18;1;2;363;
7;19;1;2;101;
13;14;1;2;171;
3;11;1;2;48;
10;3;1;2;334;
20;16;1;2;311;
1;1;20;634
2;1;19;77
3;1;11;374
4;1;6;429
5;1;16;103
6;1;5;341
7;1;3;550
8;1;18;347
9;1;16;708
10;1;13;260
11;1;16;571
12;1;12;529
13;1;16;481
14;1;3;332
15;1;10;226
16;1;5;678
17;1;3;610
18;1;1;252
19;1;9;64
20;1;9;34
*** EOF ***