**** 13 ****
50
20;15;1;2;358;
18;10;1;2;55;
9;8;1;2;168;
18;10;1;2;307;
9;4;1;2;55;
17;5;1;2;10;
8;1;1;2;238;
1;1;1;2;318;
18;4;1;2;55;
3;17;1;2;199;
6;9;1;2;39;
12;20;1;2;141;
12;17;1;2;19;
16;14;1;2;118;
20;11;1;2;305;
10;3;1;2;349;
4;6;1;2;10;
4;13;1;2;195;
17;12;1;2;178;
9;18;1;2;362;
2;7;1;2;206;
15;4;1;2;197;
10;9;1;2;46;
13;10;1;2;193;
7;2;1;2;310;
16;13;1;2;161;
1;10;1;2;121;
12;7;1;2;21;
18;3;1;2;156;
16;6;1;2;152;
5;15;1;2;220;
10;15;1;2;151;
7;19;1;2;142;
17;14;1;2;278;
1;17;1;2;340;
15;19;1;2;90;
13;2;1;2;324;
10;1;1;2;249;
18;9;1;2;250;
2;12;1;2;160;
18;1;1;2;4;
9;13;1;2;49;
16;10;1;2;22;
10;2;1;2;185;
20;16;1;2;321;
10;18;1;2;122;
2;9;1;2;34;
16;3;1;2;91;
8;1;1;2;103;
19;14;1;2;332;
1;1;1;661
2;1;1;453
3;1;14;132
4;1;1;330
5;1;13;721
6;1;1;426
7;1;20;61
8;1;9;511
9;1;7;563
10;1;6;205
11;1;17;182
12;1;19;618
13;1;20;590
14;1;8;22
15;1;19;372
16;1;1;212
17;1;6;268
18;1;15;161
19;1;10;637
*** EOF ***