**** 16 ****
50
7;4;1;2;219;
7;13;1;2;18;
20;5;1;2;255;
13;17;1;2;140;
4;12;1;2;72;
6;17;1;2;298;
15;12;1;2;224;
1;5;1;2;106;
10;17;1;2;22;
9;19;1;2;137;
15;3;1;2;145;
3;16;1;2;162;
3;19;1;2;43;
14;16;1;2;241;
12;6;1;2;250;
5;5;1;2;316;
2;1;1;2;79;
19;7;1;2;214;
14;12;1;2;302;
7;20;1;2;205;
17;3;1;2;69;
17;8;1;2;130;
10;13;1;2;146;
17;5;1;2;38;
13;20;1;2;217;
12;16;1;2;303;
1;7;1;2;80;
17;12;1;2;182;
8;12;1;2;103;
5;9;1;2;268;
4;1;1;2;262;
15;20;1;2;208;
1;6;1;2;251;
2;19;1;2;232;
1;11;1;2;44;
13;4;1;2;340;
17;20;1;2;8;
18;12;1;2;66;
5;19;1;2;12;
11;2;1;2;16;
2;2;1;2;29;
9;17;1;2;303;
1;1;1;2;249;
7;17;1;2;305;
11;4;1;2;313;
15;10;1;2;320;
15;12;1;2;347;
16;1;1;2;216;
9;16;1;2;200;
19;15;1;2;309;
1;1;16;402
2;1;6;15
3;1;14;147
4;1;4;597
5;1;16;531
6;1;5;215
7;1;10;503
8;1;19;340
9;1;16;674
10;1;12;300
11;1;1;327
12;1;7;107
13;1;17;471
14;1;18;235
15;1;4;604
16;1;7;208
17;1;17;447
18;1;13;648
19;1;1;523
*** EOF ***