**** 2 ****
50
8;18;1;2;343;
3;10;1;2;348;
11;17;1;2;314;
15;6;1;2;60;
17;10;1;2;159;
13;1;1;2;263;
14;1;1;2;289;
5;9;1;2;211;
11;13;1;2;252;
8;17;1;2;197;
6;20;1;2;366;
18;3;1;2;288;
17;16;1;2;301;
7;1;1;2;42;
6;2;1;2;206;
5;19;1;2;313;
20;13;1;2;114;
17;19;1;2;45;
12;1;1;2;103;
17;11;1;2;63;
1;1;1;2;237;
9;20;1;2;18;
18;7;1;2;277;
13;16;1;2;104;
19;14;1;2;59;
9;15;1;2;145;
13;18;1;2;347;
9;15;1;2;78;
20;19;1;2;329;
13;9;1;2;232;
1;15;1;2;307;
13;19;1;2;329;
17;14;1;2;231;
8;11;1;2;194;
9;12;1;2;93;
14;2;1;2;225;
6;10;1;2;192;
4;10;1;2;295;
18;12;1;2;344;
14;11;1;2;287;
7;18;1;2;336;
16;14;1;2;20;
12;7;1;2;212;
17;10;1;2;255;
11;18;1;2;183;
15;5;1;2;306;
8;19;1;2;26;
5;12;1;2;22;
12;1;1;2;322;
20;17;1;2;304;
1;1;7;412
2;1;8;696
3;1;6;345
4;1;20;424
5;1;18;162
6;1;1;538
7;1;14;20
8;1;19;224
9;1;14;395
10;1;3;730
11;1;12;617
12;1;9;565
13;1;13;278
14;1;19;113
15;1;1;744
*** EOF ***