**** 13 ****
50
1;1;1;2;349;
13;20;1;2;91;
5;13;1;2;334;
8;12;1;2;307;
20;5;1;2;196;
5;3;1;2;256;
10;6;1;2;82;
15;19;1;2;196;
1;14;1;2;186;
17;14;1;2;159;
19;10;1;2;154;
10;8;1;2;190;
5;11;1;2;364;
17;8;1;2;81;
20;13;1;2;231;
8;18;1;2;362;
5;3;1;2;286;
7;4;1;2;37;
20;15;1;2;191;
8;15;1;2;380;
6;14;1;2;61;
18;15;1;2;271;
19;5;1;2;321;
20;8;1;2;228;
3;7;1;2;391;
12;16;1;2;60;
4;13;1;2;258;
18;20;1;2;217;
18;5;1;2;28;
6;15;1;2;334;
11;1;1;2;255;
17;11;1;2;175;
18;7;1;2;141;
6;2;1;2;151;
16;19;1;2;279;
20;10;1;2;106;
3;20;1;2;301;
15;3;1;2;118;
8;10;1;2;392;
18;10;1;2;50;
5;9;1;2;105;
4;19;1;2;25;
19;8;1;2;369;
20;6;1;2;383;
6;10;1;2;125;
19;16;1;2;172;
9;16;1;2;247;
5;4;1;2;344;
1;13;1;2;228;
15;13;1;2;4;
1;1;3;475
2;1;6;667
3;1;13;376
4;1;9;697
5;1;14;781
6;1;12;624
7;1;9;390
8;1;1;498
9;1;19;190
10;1;19;354
11;1;17;519
12;1;7;503
13;1;5;36
14;1;1;555
15;1;7;129
16;1;8;57
17;1;17;639
18;1;12;452
19;1;11;570
20;1;7;403
21;1;7;243
22;1;10;47
*** EOF ***