**** 6 ****
50
2;11;1;2;203;
20;17;1;2;275;
7;6;1;2;60;
15;7;1;2;184;
6;16;1;2;103;
20;16;1;2;92;
3;20;1;2;54;
5;19;1;2;117;
13;12;1;2;281;
16;9;1;2;257;
5;20;1;2;261;
8;12;1;2;262;
1;7;1;2;63;
9;2;1;2;78;
1;11;1;2;209;
14;17;1;2;127;
7;19;1;2;224;
16;11;1;2;149;
14;18;1;2;211;
17;20;1;2;17;
5;19;1;2;118;
10;12;1;2;258;
20;9;1;2;129;
4;15;1;2;119;
2;10;1;2;236;
13;5;1;2;230;
4;4;1;2;282;
3;14;1;2;87;
3;10;1;2;45;
16;3;1;2;287;
6;10;1;2;226;
9;14;1;2;262;
8;8;1;2;21;
19;16;1;2;59;
3;20;1;2;202;
17;3;1;2;158;
19;3;1;2;91;
4;18;1;2;215;
8;2;1;2;296;
19;16;1;2;28;
20;3;1;2;194;
2;12;1;2;83;
12;10;1;2;256;
3;8;1;2;67;
11;17;1;2;286;
2;4;1;2;25;
11;17;1;2;73;
7;2;1;2;159;
8;18;1;2;30;
1;18;1;2;270;
1;1;20;297
2;1;15;562
3;1;9;679
4;1;1;550
5;1;14;584
6;1;5;461
7;1;4;468
8;1;18;484
9;1;19;365
10;1;4;204
11;1;16;434
12;1;3;208
13;1;18;147
14;1;16;64
15;1;8;217
16;1;5;521
17;1;11;385
18;1;14;243
19;1;15;95
*** EOF ***