**** 5 ****
50
12;17;1;2;132;
14;13;1;2;300;
20;3;1;2;302;
4;19;1;2;169;
5;8;1;2;105;
6;11;1;2;171;
10;3;1;2;358;
13;4;1;2;76;
12;15;1;2;137;
5;12;1;2;322;
16;16;1;2;388;
9;8;1;2;188;
15;8;1;2;66;
4;3;1;2;332;
2;3;1;2;198;
7;7;1;2;292;
11;5;1;2;379;
4;8;1;2;139;
13;6;1;2;13;
15;18;1;2;174;
7;9;1;2;56;
13;7;1;2;190;
18;19;1;2;368;
11;5;1;2;240;
18;3;1;2;130;
6;20;1;2;13;
7;12;1;2;327;
12;14;1;2;16;
13;16;1;2;238;
7;13;1;2;180;
2;18;1;2;59;
7;4;1;2;154;
5;10;1;2;35;
6;15;1;2;288;
1;14;1;2;21;
5;14;1;2;5;
3;19;1;2;358;
11;7;1;2;38;
8;15;1;2;122;
1;14;1;2;91;
12;16;1;2;166;
6;3;1;2;293;
13;12;1;2;387;
18;4;1;2;216;
16;20;1;2;74;
8;15;1;2;110;
5;14;1;2;202;
19;20;1;2;6;
6;16;1;2;60;
9;16;1;2;168;
1;1;12;731
2;1;11;321
3;1;9;579
4;1;17;765
5;1;15;152
6;1;17;86
7;1;19;696
8;1;15;422
9;1;13;15
10;1;4;570
11;1;5;493
12;1;2;398
13;1;12;189
14;1;10;675
15;1;13;138
16;1;13;283
17;1;12;208
18;1;17;356
19;1;9;440
20;1;11;252
21;1;2;461
22;1;11;630
23;1;14;39
24;1;11;750
25;1;3;718
26;1;20;62
27;1;20;115
*** EOF ***