**** 19 ****
50
9;8;1;2;128;
18;8;1;2;158;
8;1;1;2;217;
2;10;1;2;276;
10;8;1;2;72;
1;19;1;2;162;
10;17;1;2;67;
20;8;1;2;153;
15;7;1;2;187;
1;2;1;2;231;
9;7;1;2;157;
19;20;1;2;43;
5;4;1;2;100;
1;12;1;2;148;
11;13;1;2;245;
14;15;1;2;215;
3;6;1;2;96;
10;17;1;2;218;
15;13;1;2;45;
18;20;1;2;323;
18;1;1;2;107;
10;18;1;2;15;
20;10;1;2;288;
16;4;1;2;256;
15;4;1;2;110;
19;19;1;2;271;
3;13;1;2;265;
14;4;1;2;89;
4;18;1;2;104;
9;10;1;2;293;
12;13;1;2;135;
10;10;1;2;210;
3;9;1;2;12;
12;18;1;2;108;
13;20;1;2;27;
5;3;1;2;90;
14;5;1;2;331;
20;10;1;2;186;
6;13;1;2;20;
14;4;1;2;49;
10;18;1;2;47;
19;18;1;2;153;
13;14;1;2;227;
7;11;1;2;8;
8;5;1;2;226;
4;12;1;2;75;
17;20;1;2;222;
10;5;1;2;244;
6;1;1;2;17;
15;8;1;2;105;
1;1;17;378
2;1;8;404
3;1;3;304
4;1;10;478
5;1;1;180
6;1;4;666
7;1;20;29
8;1;5;611
9;1;11;256
10;1;2;622
11;1;5;8
12;1;14;431
13;1;13;507
14;1;10;642
*** EOF ***