**** 19 ****
50
10;8;1;2;398;
19;16;1;2;72;
19;16;1;2;365;
10;2;1;2;107;
11;19;1;2;361;
13;5;1;2;332;
2;1;1;2;217;
7;20;1;2;50;
3;11;1;2;238;
10;9;1;2;99;
1;5;1;2;347;
2;14;1;2;263;
16;15;1;2;327;
16;12;1;2;190;
18;16;1;2;288;
17;11;1;2;357;
11;17;1;2;74;
15;17;1;2;220;
14;8;1;2;178;
11;4;1;2;144;
4;20;1;2;192;
15;2;1;2;354;
15;4;1;2;6;
3;12;1;2;270;
11;8;1;2;378;
19;14;1;2;31;
1;16;1;2;323;
15;2;1;2;285;
13;13;1;2;87;
5;8;1;2;19;
3;10;1;2;143;
1;2;1;2;367;
16;6;1;2;63;
1;2;1;2;79;
5;6;1;2;166;
9;12;1;2;161;
8;9;1;2;300;
5;20;1;2;63;
4;15;1;2;45;
18;17;1;2;262;
11;18;1;2;269;
17;19;1;2;158;
4;17;1;2;211;
19;4;1;2;350;
14;14;1;2;191;
5;20;1;2;54;
12;10;1;2;169;
5;19;1;2;120;
15;13;1;2;176;
16;7;1;2;7;
1;1;18;746
2;1;18;79
3;1;10;513
4;1;5;589
5;1;14;684
6;1;12;374
7;1;15;287
8;1;12;267
9;1;11;51
10;1;16;209
11;1;10;573
12;1;12;241
13;1;18;711
14;1;6;543
15;1;3;484
16;1;5;118
17;1;5;336
18;1;7;124
19;1;15;432
20;1;6;165
21;1;3;559
22;1;17;786
23;1;7;231
24;1;9;500
25;1;10;97
26;1;20;306
*** EOF ***