**** 3 ****
50
7;10;1;2;277;
2;14;1;2;262;
8;14;1;2;145;
10;7;1;2;271;
7;2;1;2;139;
9;15;1;2;4;
6;2;1;2;272;
7;16;1;2;233;
13;4;1;2;55;
19;17;1;2;379;
9;6;1;2;102;
15;13;1;2;144;
10;7;1;2;42;
1;10;1;2;339;
3;4;1;2;97;
16;8;1;2;90;
18;17;1;2;63;
4;20;1;2;96;
7;6;1;2;138;
15;11;1;2;115;
7;20;1;2;218;
3;3;1;2;340;
7;6;1;2;41;
12;12;1;2;65;
13;16;1;2;56;
3;3;1;2;93;
16;10;1;2;281;
2;18;1;2;28;
1;17;1;2;246;
19;19;1;2;100;
16;5;1;2;134;
3;18;1;2;221;
20;20;1;2;176;
5;2;1;2;179;
8;10;1;2;168;
4;10;1;2;3;
20;15;1;2;327;
19;7;1;2;23;
7;17;1;2;27;
15;15;1;2;198;
13;6;1;2;227;
17;14;1;2;291;
2;1;1;2;179;
1;1;1;2;85;
19;10;1;2;254;
12;11;1;2;375;
6;20;1;2;364;
15;16;1;2;151;
8;14;1;2;262;
9;10;1;2;384;
1;1;6;481
2;1;14;601
3;1;13;632
4;1;11;302
5;1;18;122
6;1;14;490
7;1;8;527
8;1;16;549
9;1;19;59
10;1;16;357
11;1;7;586
12;1;17;443
13;1;3;504
14;1;8;141
15;1;15;759
16;1;6;40
17;1;20;150
18;1;17;267
19;1;1;228
20;1;8;379
21;1;19;88
22;1;19;706
23;1;14;411
*** EOF ***