**** 10 ****
50
2;4;1;2;327;
19;10;1;2;22;
8;9;1;2;227;
19;10;1;2;336;
12;2;1;2;144;
16;4;1;2;325;
7;2;1;2;48;
13;1;1;2;37;
8;19;1;2;183;
18;17;1;2;65;
13;10;1;2;230;
19;4;1;2;163;
20;11;1;2;274;
18;2;1;2;24;
8;14;1;2;315;
10;11;1;2;280;
18;1;1;2;57;
10;1;1;2;314;
4;9;1;2;155;
7;18;1;2;5;
4;1;1;2;278;
12;1;1;2;179;
9;13;1;2;291;
1;6;1;2;219;
14;1;1;2;201;
5;10;1;2;343;
11;3;1;2;164;
1;9;1;2;235;
4;16;1;2;110;
4;5;1;2;252;
9;20;1;2;107;
15;4;1;2;30;
19;12;1;2;98;
17;2;1;2;261;
15;7;1;2;17;
17;19;1;2;236;
16;8;1;2;311;
20;18;1;2;270;
14;16;1;2;300;
4;18;1;2;102;
2;5;1;2;126;
19;9;1;2;120;
7;16;1;2;97;
13;12;1;2;238;
1;12;1;2;178;
6;20;1;2;252;
4;16;1;2;169;
16;5;1;2;126;
19;15;1;2;301;
8;18;1;2;336;
1;1;6;244
2;1;14;594
3;1;15;267
4;1;11;666
5;1;20;119
6;1;5;295
7;1;10;688
8;1;4;350
9;1;1;677
10;1;11;474
11;1;3;637
12;1;12;373
13;1;13;192
14;1;10;17
15;1;10;493
16;1;10;427
*** EOF ***