**** 8 ****
50
20;1;1;2;219;
15;11;1;2;145;
4;5;1;2;28;
20;7;1;2;87;
15;7;1;2;293;
16;9;1;2;41;
5;11;1;2;202;
19;9;1;2;260;
11;3;1;2;9;
2;6;1;2;233;
10;19;1;2;138;
12;17;1;2;12;
8;16;1;2;198;
5;17;1;2;232;
7;4;1;2;316;
17;15;1;2;150;
6;3;1;2;229;
20;18;1;2;249;
20;10;1;2;113;
19;7;1;2;13;
1;7;1;2;182;
2;12;1;2;274;
19;18;1;2;200;
12;19;1;2;138;
15;8;1;2;270;
18;4;1;2;216;
4;14;1;2;14;
10;18;1;2;126;
9;2;1;2;319;
4;3;1;2;121;
15;2;1;2;154;
18;12;1;2;159;
9;11;1;2;183;
1;6;1;2;337;
15;12;1;2;336;
20;17;1;2;282;
7;7;1;2;128;
16;20;1;2;257;
13;12;1;2;82;
10;2;1;2;260;
2;15;1;2;229;
19;7;1;2;161;
1;19;1;2;34;
1;13;1;2;119;
19;11;1;2;199;
1;5;1;2;147;
9;14;1;2;296;
17;13;1;2;316;
5;1;1;2;7;
14;16;1;2;231;
1;1;5;50
2;1;4;665
3;1;15;125
4;1;2;487
5;1;6;696
6;1;2;652
7;1;19;331
8;1;16;603
9;1;1;576
10;1;19;500
11;1;17;236
12;1;18;361
13;1;17;268
14;1;11;312
*** EOF ***