**** 3 ****
50
15;10;1;2;316;
7;11;1;2;181;
17;8;1;2;5;
8;2;1;2;340;
11;4;1;2;338;
4;20;1;2;270;
2;5;1;2;199;
15;18;1;2;29;
1;7;1;2;192;
7;7;1;2;37;
13;7;1;2;100;
14;12;1;2;104;
4;6;1;2;69;
17;10;1;2;336;
8;4;1;2;10;
4;7;1;2;36;
15;18;1;2;68;
6;9;1;2;329;
3;15;1;2;355;
6;3;1;2;362;
13;17;1;2;184;
18;7;1;2;242;
18;8;1;2;309;
6;20;1;2;263;
20;20;1;2;282;
2;3;1;2;4;
4;17;1;2;277;
13;4;1;2;32;
2;18;1;2;78;
9;16;1;2;26;
18;6;1;2;275;
4;12;1;2;168;
2;12;1;2;57;
4;12;1;2;174;
5;9;1;2;94;
5;12;1;2;160;
19;14;1;2;315;
13;17;1;2;200;
4;12;1;2;315;
4;8;1;2;191;
2;4;1;2;349;
3;6;1;2;298;
20;7;1;2;62;
8;8;1;2;323;
18;13;1;2;82;
5;5;1;2;323;
12;11;1;2;282;
12;19;1;2;206;
3;16;1;2;32;
19;9;1;2;12;
1;1;10;357
2;1;14;98
3;1;5;63
4;1;19;615
5;1;13;184
6;1;14;241
7;1;3;590
8;1;12;13
9;1;12;387
10;1;15;342
11;1;7;371
12;1;19;217
13;1;12;324
14;1;6;491
15;1;1;368
16;1;6;114
17;1;8;581
18;1;13;429
19;1;4;315
20;1;8;721
21;1;20;275
22;1;12;679
23;1;9;84
24;1;5;415
25;1;4;651
26;1;11;548
*** EOF ***