**** 19 ****
50
14;12;1;2;308;
16;13;1;2;291;
10;2;1;2;174;
9;14;1;2;206;
11;14;1;2;305;
2;18;1;2;231;
19;2;1;2;249;
3;9;1;2;103;
15;8;1;2;305;
5;3;1;2;98;
15;11;1;2;286;
8;1;1;2;70;
14;19;1;2;17;
6;5;1;2;144;
3;14;1;2;9;
2;7;1;2;209;
10;4;1;2;213;
10;5;1;2;259;
17;6;1;2;253;
16;13;1;2;358;
15;5;1;2;327;
16;3;1;2;82;
17;12;1;2;73;
8;8;1;2;210;
8;10;1;2;295;
12;9;1;2;310;
13;6;1;2;341;
6;9;1;2;107;
11;4;1;2;270;
6;5;1;2;96;
16;17;1;2;350;
10;2;1;2;208;
2;18;1;2;12;
18;2;1;2;218;
6;14;1;2;121;
20;6;1;2;342;
20;2;1;2;107;
7;5;1;2;145;
16;14;1;2;210;
5;10;1;2;259;
13;20;1;2;44;
13;1;1;2;11;
6;17;1;2;122;
10;6;1;2;348;
7;13;1;2;77;
20;8;1;2;7;
12;6;1;2;123;
1;4;1;2;147;
14;5;1;2;158;
9;9;1;2;120;
1;1;17;577
2;1;12;274
3;1;2;556
4;1;4;123
5;1;16;155
6;1;16;628
7;1;12;373
8;1;18;682
9;1;18;472
10;1;10;518
11;1;10;612
12;1;1;561
13;1;9;711
14;1;10;12
15;1;11;254
16;1;11;340
*** EOF ***