**** 15 ****
50
8;6;1;2;364;
11;4;1;2;247;
8;10;1;2;192;
20;5;1;2;59;
15;10;1;2;87;
13;6;1;2;286;
10;13;1;2;254;
18;7;1;2;76;
13;3;1;2;335;
5;15;1;2;115;
14;15;1;2;284;
16;17;1;2;346;
20;6;1;2;82;
17;16;1;2;74;
3;12;1;2;81;
19;9;1;2;279;
8;9;1;2;127;
1;2;1;2;7;
20;15;1;2;127;
15;20;1;2;287;
18;11;1;2;40;
19;4;1;2;43;
18;15;1;2;353;
5;9;1;2;200;
19;6;1;2;12;
7;11;1;2;356;
10;12;1;2;219;
7;12;1;2;292;
2;9;1;2;180;
20;12;1;2;169;
17;5;1;2;365;
19;12;1;2;110;
14;4;1;2;248;
15;11;1;2;246;
17;10;1;2;32;
3;9;1;2;268;
7;16;1;2;76;
3;20;1;2;347;
14;13;1;2;367;
8;9;1;2;94;
1;1;1;2;268;
16;13;1;2;83;
9;2;1;2;174;
19;15;1;2;24;
3;6;1;2;354;
2;16;1;2;116;
20;8;1;2;158;
4;20;1;2;376;
10;14;1;2;186;
4;1;1;2;358;
1;1;6;288
2;1;6;123
3;1;3;294
4;1;3;545
5;1;10;552
6;1;13;464
7;1;4;663
8;1;14;44
9;1;4;479
10;1;9;362
11;1;8;691
12;1;4;510
13;1;15;612
14;1;11;679
15;1;4;449
16;1;7;328
17;1;11;312
18;1;12;183
19;1;14;261
20;1;10;399
*** EOF ***