**** 6 ****
50
17;10;1;2;167;
2;1;1;2;88;
18;12;1;2;147;
1;12;1;2;272;
18;9;1;2;255;
7;20;1;2;23;
19;8;1;2;284;
17;1;1;2;305;
20;12;1;2;4;
3;17;1;2;26;
3;19;1;2;274;
3;4;1;2;108;
8;9;1;2;204;
7;5;1;2;233;
5;1;1;2;167;
16;9;1;2;248;
17;15;1;2;206;
5;6;1;2;35;
20;3;1;2;72;
1;11;1;2;56;
1;1;1;2;170;
19;4;1;2;41;
1;7;1;2;276;
9;6;1;2;24;
3;13;1;2;223;
7;18;1;2;260;
9;7;1;2;318;
18;5;1;2;125;
1;3;1;2;287;
4;12;1;2;115;
1;9;1;2;325;
14;15;1;2;275;
18;8;1;2;21;
1;11;1;2;223;
14;10;1;2;208;
14;8;1;2;156;
20;16;1;2;328;
4;10;1;2;199;
10;14;1;2;314;
11;11;1;2;329;
7;16;1;2;115;
15;10;1;2;59;
11;2;1;2;63;
5;19;1;2;20;
7;16;1;2;283;
5;12;1;2;58;
18;18;1;2;60;
7;16;1;2;74;
16;7;1;2;24;
5;9;1;2;296;
1;1;19;533
2;1;18;285
3;1;3;388
4;1;11;634
5;1;10;46
6;1;3;450
7;1;13;470
8;1;18;652
9;1;13;348
10;1;3;95
11;1;7;38
12;1;19;156
13;1;13;556
14;1;20;60
15;1;10;336
*** EOF ***