**** 2 ****
50
12;7;1;2;4;
4;19;1;2;16;
12;1;1;2;161;
16;1;1;2;339;
20;3;1;2;125;
13;20;1;2;312;
8;14;1;2;332;
8;17;1;2;413;
20;14;1;2;22;
16;17;1;2;253;
5;12;1;2;247;
9;10;1;2;31;
20;14;1;2;204;
4;3;1;2;78;
9;19;1;2;305;
19;7;1;2;287;
11;18;1;2;245;
10;9;1;2;94;
20;11;1;2;170;
11;1;1;2;21;
17;10;1;2;285;
5;14;1;2;208;
2;5;1;2;249;
1;7;1;2;281;
7;4;1;2;154;
13;16;1;2;381;
8;17;1;2;150;
12;17;1;2;254;
19;16;1;2;104;
3;20;1;2;380;
13;8;1;2;155;
5;4;1;2;204;
4;6;1;2;218;
16;8;1;2;152;
10;8;1;2;151;
4;9;1;2;39;
14;16;1;2;58;
8;6;1;2;181;
18;5;1;2;94;
5;9;1;2;306;
16;14;1;2;195;
1;14;1;2;396;
4;12;1;2;96;
8;19;1;2;386;
10;20;1;2;158;
10;15;1;2;232;
6;13;1;2;194;
14;6;1;2;253;
10;15;1;2;266;
5;15;1;2;142;
1;1;18;708
2;1;2;728
3;1;16;171
4;1;6;61
5;1;9;520
6;1;20;412
7;1;4;114
8;1;19;290
9;1;2;600
10;1;15;464
11;1;14;72
12;1;19;21
13;1;6;691
14;1;20;552
15;1;6;342
16;1;9;93
17;1;15;369
18;1;2;67
19;1;18;814
20;1;9;834
21;1;10;645
22;1;12;222
23;1;20;387
24;1;16;323
25;1;13;500
26;1;7;139
27;1;17;441
*** EOF ***