**** 11 ****
50
13;18;1;2;322;
15;15;1;2;332;
15;18;1;2;130;
6;17;1;2;48;
10;8;1;2;214;
2;4;1;2;236;
12;1;1;2;78;
19;9;1;2;231;
10;2;1;2;18;
20;15;1;2;77;
14;12;1;2;142;
10;15;1;2;196;
20;11;1;2;344;
15;7;1;2;266;
2;15;1;2;68;
4;13;1;2;318;
12;6;1;2;80;
5;2;1;2;2;
7;8;1;2;287;
20;17;1;2;105;
6;13;1;2;117;
6;7;1;2;320;
10;19;1;2;114;
6;12;1;2;160;
7;19;1;2;55;
1;10;1;2;285;
20;19;1;2;38;
12;1;1;2;228;
2;14;1;2;165;
9;13;1;2;242;
11;18;1;2;49;
6;10;1;2;170;
15;6;1;2;244;
10;12;1;2;78;
6;11;1;2;111;
15;16;1;2;187;
5;1;1;2;76;
9;4;1;2;91;
14;18;1;2;115;
18;6;1;2;315;
12;2;1;2;294;
8;20;1;2;90;
18;2;1;2;184;
2;19;1;2;21;
8;4;1;2;153;
9;6;1;2;300;
8;4;1;2;261;
5;13;1;2;237;
19;20;1;2;352;
7;7;1;2;219;
1;1;12;469
2;1;4;179
3;1;5;415
4;1;18;595
5;1;7;26
6;1;10;666
7;1;8;203
8;1;1;636
9;1;16;512
10;1;4;21
11;1;4;57
12;1;18;576
13;1;9;445
14;1;20;646
15;1;9;92
16;1;12;706
17;1;9;134
18;1;6;113
19;1;3;246
20;1;13;216
21;1;5;353
*** EOF ***