**** 10 ****
50
13;9;1;2;358;
17;6;1;2;54;
14;17;1;2;281;
7;5;1;2;221;
6;19;1;2;368;
2;13;1;2;194;
9;15;1;2;311;
11;3;1;2;200;
19;19;1;2;3;
7;14;1;2;286;
19;15;1;2;194;
6;13;1;2;100;
7;4;1;2;283;
19;16;1;2;29;
17;17;1;2;355;
17;7;1;2;370;
12;20;1;2;229;
8;2;1;2;64;
6;1;1;2;208;
18;10;1;2;164;
9;6;1;2;122;
1;9;1;2;156;
15;4;1;2;62;
11;1;1;2;393;
5;16;1;2;243;
4;17;1;2;85;
7;9;1;2;340;
20;1;1;2;360;
17;16;1;2;14;
4;7;1;2;220;
17;2;1;2;142;
8;8;1;2;262;
11;1;1;2;351;
4;6;1;2;343;
12;2;1;2;147;
12;16;1;2;249;
18;10;1;2;171;
18;19;1;2;298;
14;19;1;2;402;
11;14;1;2;276;
11;6;1;2;312;
8;16;1;2;133;
2;8;1;2;308;
17;20;1;2;146;
8;10;1;2;54;
20;1;1;2;338;
14;9;1;2;42;
14;2;1;2;146;
10;20;1;2;136;
7;9;1;2;49;
1;1;8;432
2;1;18;649
3;1;20;451
4;1;16;166
5;1;2;129
6;1;19;375
7;1;8;42
8;1;20;594
9;1;13;25
10;1;2;766
11;1;4;151
12;1;12;218
13;1;12;539
14;1;13;785
15;1;19;318
16;1;5;497
17;1;1;689
18;1;8;112
19;1;2;148
20;1;12;754
21;1;18;403
22;1;15;68
23;1;1;125
24;1;15;93
25;1;4;815
26;1;1;3
*** EOF ***