**** 3 ****
50
11;13;1;2;34;
9;19;1;2;235;
15;17;1;2;130;
17;11;1;2;44;
10;16;1;2;141;
16;13;1;2;309;
1;4;1;2;166;
8;17;1;2;270;
20;7;1;2;171;
2;8;1;2;151;
13;16;1;2;71;
3;6;1;2;79;
19;15;1;2;105;
20;16;1;2;113;
18;12;1;2;39;
14;4;1;2;178;
12;4;1;2;67;
7;8;1;2;211;
8;12;1;2;7;
9;3;1;2;225;
13;12;1;2;98;
5;9;1;2;180;
8;15;1;2;45;
4;18;1;2;118;
7;16;1;2;297;
2;20;1;2;37;
1;5;1;2;211;
2;14;1;2;276;
1;3;1;2;190;
11;17;1;2;229;
20;13;1;2;255;
2;5;1;2;131;
8;8;1;2;174;
8;20;1;2;116;
5;17;1;2;115;
8;11;1;2;38;
2;20;1;2;277;
12;6;1;2;329;
17;8;1;2;321;
14;5;1;2;313;
17;4;1;2;238;
18;18;1;2;57;
11;18;1;2;13;
11;12;1;2;277;
8;18;1;2;335;
15;9;1;2;265;
5;8;1;2;110;
14;6;1;2;67;
12;12;1;2;184;
13;13;1;2;100;
1;1;2;465
2;1;8;232
3;1;9;488
4;1;14;189
5;1;1;445
6;1;14;368
7;1;14;423
8;1;11;519
9;1;18;584
10;1;14;209
11;1;2;255
12;1;14;617
13;1;5;129
14;1;10;282
15;1;14;546
16;1;8;71
17;1;3;497
18;1;10;152
*** EOF ***