**** 0 ****
50
16;6;1;2;166;
11;4;1;2;42;
7;3;1;2;147;
8;17;1;2;243;
6;9;1;2;32;
12;11;1;2;234;
3;11;1;2;333;
20;1;1;2;368;
3;4;1;2;256;
7;9;1;2;245;
2;20;1;2;372;
3;14;1;2;351;
13;5;1;2;292;
14;4;1;2;365;
6;10;1;2;142;
10;13;1;2;223;
7;1;1;2;333;
12;1;1;2;17;
2;7;1;2;300;
1;18;1;2;38;
9;15;1;2;35;
12;3;1;2;283;
4;14;1;2;13;
12;7;1;2;304;
12;9;1;2;18;
12;4;1;2;4;
12;9;1;2;8;
15;14;1;2;358;
6;11;1;2;35;
5;19;1;2;234;
2;6;1;2;354;
17;2;1;2;64;
17;8;1;2;368;
11;12;1;2;10;
16;19;1;2;363;
19;15;1;2;249;
3;8;1;2;72;
9;20;1;2;285;
19;12;1;2;265;
12;7;1;2;31;
10;15;1;2;110;
19;11;1;2;326;
5;16;1;2;37;
4;7;1;2;186;
17;15;1;2;181;
17;5;1;2;298;
16;15;1;2;67;
12;2;1;2;312;
5;15;1;2;339;
18;2;1;2;33;
1;1;1;266
2;1;15;759
3;1;16;299
4;1;2;76
5;1;12;134
6;1;4;715
7;1;15;677
8;1;5;342
9;1;19;20
10;1;20;602
11;1;13;189
12;1;1;652
13;1;2;441
14;1;15;204
15;1;6;476
16;1;3;663
17;1;17;371
18;1;10;739
19;1;15;396
20;1;4;321
21;1;12;556
22;1;13;413
23;1;12;247
24;1;1;61
25;1;8;269
26;1;18;166
27;1;6;150
*** EOF ***