**** 5 ****
50
5;14;1;2;215;
14;6;1;2;324;
3;13;1;2;6;
10;1;1;2;113;
6;1;1;2;347;
16;13;1;2;199;
4;15;1;2;283;
12;17;1;2;266;
19;8;1;2;183;
6;13;1;2;150;
5;14;1;2;206;
19;14;1;2;383;
20;5;1;2;126;
12;10;1;2;89;
8;15;1;2;280;
1;12;1;2;292;
16;18;1;2;103;
20;7;1;2;56;
5;12;1;2;153;
6;12;1;2;52;
7;15;1;2;113;
15;1;1;2;161;
10;4;1;2;176;
20;12;1;2;219;
11;10;1;2;109;
19;17;1;2;224;
16;3;1;2;222;
11;14;1;2;207;
1;6;1;2;175;
7;5;1;2;202;
5;8;1;2;138;
8;20;1;2;358;
14;12;1;2;175;
16;2;1;2;313;
8;19;1;2;208;
4;3;1;2;305;
20;2;1;2;8;
19;16;1;2;5;
16;5;1;2;6;
18;9;1;2;245;
7;4;1;2;299;
9;16;1;2;348;
17;4;1;2;209;
8;19;1;2;190;
4;17;1;2;75;
13;13;1;2;100;
2;18;1;2;342;
11;18;1;2;130;
20;1;1;2;115;
20;7;1;2;304;
1;1;18;609
2;1;16;522
3;1;11;670
4;1;10;562
5;1;14;116
6;1;4;75
7;1;10;432
8;1;1;496
9;1;1;109
10;1;17;540
11;1;7;301
12;1;13;187
13;1;1;472
14;1;8;292
15;1;5;466
16;1;7;362
17;1;18;760
18;1;1;444
19;1;10;94
20;1;4;481
21;1;6;57
22;1;14;18
23;1;13;256
*** EOF ***