**** 3 ****
50
5;2;1;2;101;
9;2;1;2;150;
1;5;1;2;141;
4;7;1;2;252;
6;20;1;2;81;
5;6;1;2;285;
5;5;1;2;138;
13;7;1;2;120;
3;11;1;2;314;
1;11;1;2;107;
12;14;1;2;208;
14;5;1;2;235;
11;13;1;2;16;
13;19;1;2;10;
16;8;1;2;293;
17;5;1;2;166;
13;14;1;2;153;
19;3;1;2;30;
3;20;1;2;5;
11;4;1;2;198;
11;12;1;2;188;
20;9;1;2;232;
10;9;1;2;160;
4;5;1;2;238;
19;7;1;2;57;
20;14;1;2;56;
8;7;1;2;63;
1;17;1;2;59;
1;17;1;2;113;
7;10;1;2;48;
18;11;1;2;218;
16;3;1;2;5;
6;19;1;2;132;
18;15;1;2;51;
19;18;1;2;212;
7;10;1;2;207;
10;2;1;2;243;
10;19;1;2;293;
17;8;1;2;293;
14;20;1;2;258;
5;9;1;2;83;
10;4;1;2;122;
18;20;1;2;199;
4;5;1;2;123;
1;1;1;2;7;
7;8;1;2;217;
14;3;1;2;101;
18;5;1;2;71;
1;1;1;2;83;
7;3;1;2;276;
1;1;5;396
2;1;10;174
3;1;8;107
4;1;20;353
5;1;12;560
6;1;15;116
7;1;19;629
8;1;6;163
9;1;1;254
10;1;2;428
11;1;14;326
12;1;16;284
13;1;3;479
14;1;6;373
15;1;15;447
*** EOF ***