**** 18 ****
50
7;10;1;2;8;
18;9;1;2;130;
12;14;1;2;179;
13;4;1;2;341;
12;16;1;2;191;
2;9;1;2;98;
1;16;1;2;81;
11;9;1;2;154;
11;10;1;2;116;
11;13;1;2;17;
11;17;1;2;127;
6;11;1;2;231;
8;6;1;2;131;
1;10;1;2;73;
19;6;1;2;97;
15;8;1;2;282;
12;7;1;2;341;
16;13;1;2;96;
1;16;1;2;237;
7;6;1;2;207;
1;19;1;2;293;
20;20;1;2;314;
17;15;1;2;149;
10;17;1;2;211;
4;8;1;2;22;
6;14;1;2;32;
15;5;1;2;81;
14;11;1;2;259;
14;19;1;2;284;
15;9;1;2;46;
11;12;1;2;364;
9;10;1;2;119;
20;19;1;2;268;
7;9;1;2;123;
12;18;1;2;212;
11;5;1;2;109;
4;18;1;2;134;
13;18;1;2;300;
19;16;1;2;209;
20;5;1;2;251;
2;13;1;2;352;
4;4;1;2;232;
14;8;1;2;16;
7;12;1;2;328;
1;2;1;2;205;
12;13;1;2;24;
6;14;1;2;220;
1;4;1;2;109;
20;1;1;2;169;
20;11;1;2;355;
1;1;5;438
2;1;19;335
3;1;14;300
4;1;4;485
5;1;19;703
6;1;12;205
7;1;15;147
8;1;20;22
9;1;7;569
10;1;16;531
11;1;5;320
12;1;6;248
13;1;12;597
14;1;19;377
15;1;11;288
16;1;19;116
17;1;10;503
18;1;9;53
19;1;12;259
20;1;4;80
*** EOF ***