**** 17 ****
50
6;9;1;2;89;
12;1;1;2;314;
19;18;1;2;297;
18;14;1;2;211;
1;6;1;2;249;
6;20;1;2;238;
7;16;1;2;43;
5;20;1;2;222;
12;10;1;2;150;
18;12;1;2;346;
3;8;1;2;23;
14;8;1;2;147;
9;9;1;2;135;
1;17;1;2;174;
8;1;1;2;55;
5;16;1;2;94;
14;11;1;2;206;
6;18;1;2;223;
5;17;1;2;89;
11;2;1;2;34;
12;8;1;2;182;
11;18;1;2;97;
1;2;1;2;338;
20;18;1;2;285;
1;15;1;2;85;
9;17;1;2;131;
5;16;1;2;148;
13;2;1;2;163;
5;4;1;2;328;
1;20;1;2;276;
9;19;1;2;2;
5;3;1;2;150;
11;14;1;2;321;
16;9;1;2;274;
11;2;1;2;96;
6;13;1;2;205;
20;5;1;2;331;
7;8;1;2;137;
14;14;1;2;320;
7;16;1;2;220;
13;14;1;2;54;
12;4;1;2;174;
13;20;1;2;225;
6;5;1;2;323;
18;6;1;2;45;
9;13;1;2;225;
16;8;1;2;162;
14;13;1;2;82;
13;5;1;2;233;
20;16;1;2;189;
1;1;18;564
2;1;13;325
3;1;2;378
4;1;5;245
5;1;3;97
6;1;6;538
7;1;5;412
8;1;4;382
9;1;17;181
10;1;1;497
11;1;20;457
12;1;6;644
13;1;8;305
14;1;2;17
15;1;10;694
16;1;7;288
17;1;16;140
18;1;3;160
19;1;15;229
20;1;5;551
21;1;9;523
22;1;20;602
23;1;17;39
*** EOF ***