**** 2 ****
50
11;5;1;2;104;
3;11;1;2;318;
2;15;1;2;347;
4;12;1;2;58;
13;14;1;2;91;
18;8;1;2;26;
12;1;1;2;230;
8;15;1;2;17;
18;7;1;2;285;
18;4;1;2;100;
10;3;1;2;250;
5;9;1;2;145;
10;19;1;2;302;
4;8;1;2;86;
15;14;1;2;148;
7;5;1;2;248;
13;8;1;2;211;
12;2;1;2;125;
16;20;1;2;268;
12;13;1;2;215;
10;20;1;2;230;
5;15;1;2;125;
4;6;1;2;197;
4;9;1;2;91;
20;3;1;2;75;
12;15;1;2;363;
19;13;1;2;41;
10;20;1;2;93;
12;11;1;2;211;
4;10;1;2;32;
9;12;1;2;173;
17;6;1;2;53;
11;17;1;2;159;
3;1;1;2;129;
20;14;1;2;216;
11;12;1;2;286;
8;8;1;2;86;
1;12;1;2;37;
4;15;1;2;226;
10;10;1;2;297;
1;20;1;2;111;
1;16;1;2;260;
5;8;1;2;190;
2;17;1;2;355;
1;13;1;2;345;
3;16;1;2;31;
9;7;1;2;320;
15;2;1;2;147;
15;7;1;2;300;
20;12;1;2;94;
1;1;2;135
2;1;15;573
3;1;2;16
4;1;1;594
5;1;20;476
6;1;18;341
7;1;1;679
8;1;16;286
9;1;9;149
10;1;4;597
11;1;17;253
12;1;9;86
13;1;3;393
14;1;14;369
15;1;18;540
16;1;20;681
17;1;20;649
18;1;17;171
19;1;1;338
20;1;5;126
21;1;18;402
22;1;5;731
23;1;19;20
24;1;5;275
*** EOF ***