**** 13 ****
50
7;2;1;2;318;
13;13;1;2;252;
8;8;1;2;133;
18;13;1;2;285;
6;8;1;2;36;
15;19;1;2;25;
15;18;1;2;113;
6;15;1;2;340;
15;18;1;2;42;
10;15;1;2;268;
1;17;1;2;295;
15;17;1;2;272;
19;2;1;2;225;
5;18;1;2;183;
16;19;1;2;274;
18;3;1;2;119;
8;6;1;2;275;
3;10;1;2;18;
7;13;1;2;310;
15;8;1;2;252;
7;4;1;2;70;
8;2;1;2;14;
8;19;1;2;340;
4;4;1;2;293;
20;8;1;2;123;
5;13;1;2;31;
16;6;1;2;57;
7;13;1;2;176;
2;13;1;2;30;
20;11;1;2;344;
15;13;1;2;214;
12;7;1;2;27;
4;18;1;2;66;
5;19;1;2;217;
10;7;1;2;347;
5;17;1;2;116;
5;19;1;2;219;
19;6;1;2;168;
11;17;1;2;144;
7;16;1;2;150;
8;19;1;2;90;
2;2;1;2;229;
4;19;1;2;302;
19;13;1;2;56;
3;6;1;2;290;
16;1;1;2;4;
19;19;1;2;224;
1;10;1;2;291;
14;20;1;2;209;
4;14;1;2;171;
1;1;4;217
2;1;3;554
3;1;12;298
4;1;7;209
5;1;7;672
6;1;13;585
7;1;8;493
8;1;1;387
9;1;16;233
10;1;3;581
11;1;18;695
12;1;15;364
13;1;15;318
14;1;11;70
15;1;10;145
16;1;2;455
17;1;2;413
18;1;7;540
19;1;6;39
20;1;15;267
21;1;13;466
22;1;20;636
23;1;7;435
24;1;3;351
25;1;3;529
*** EOF ***