**** 14 ****
50
10;12;1;2;169;
19;10;1;2;189;
5;7;1;2;47;
11;1;1;2;333;
11;8;1;2;120;
10;20;1;2;162;
10;1;1;2;88;
5;4;1;2;181;
20;2;1;2;15;
10;7;1;2;299;
17;17;1;2;44;
10;19;1;2;334;
15;16;1;2;253;
6;1;1;2;172;
14;16;1;2;52;
17;8;1;2;41;
18;18;1;2;176;
13;5;1;2;252;
7;17;1;2;170;
1;13;1;2;274;
15;17;1;2;291;
20;15;1;2;338;
1;14;1;2;217;
20;6;1;2;318;
12;1;1;2;318;
9;10;1;2;226;
10;13;1;2;54;
9;7;1;2;398;
11;6;1;2;380;
14;5;1;2;398;
14;16;1;2;310;
19;5;1;2;100;
9;18;1;2;365;
15;4;1;2;341;
15;17;1;2;110;
12;10;1;2;200;
18;4;1;2;288;
12;5;1;2;18;
10;1;1;2;331;
7;2;1;2;261;
1;17;1;2;134;
9;3;1;2;57;
18;11;1;2;303;
1;5;1;2;283;
2;14;1;2;145;
20;10;1;2;211;
2;12;1;2;52;
4;14;1;2;303;
19;18;1;2;274;
20;2;1;2;285;
1;1;9;731
2;1;3;421
3;1;1;491
4;1;18;542
5;1;13;805
6;1;2;223
7;1;4;588
8;1;4;457
9;1;5;531
10;1;7;445
11;1;19;168
12;1;20;91
13;1;6;394
14;1;6;682
15;1;18;756
16;1;12;227
17;1;2;801
18;1;20;310
19;1;4;117
20;1;1;41
21;1;13;14
22;1;8;601
23;1;10;369
24;1;13;334
25;1;7;280
26;1;5;257
27;1;12;63
*** EOF ***