**** 1 ****
50
18;11;1;2;333;
18;1;1;2;20;
13;3;1;2;257;
2;1;1;2;97;
1;10;1;2;235;
5;20;1;2;303;
17;6;1;2;309;
6;12;1;2;335;
11;7;1;2;275;
11;20;1;2;84;
4;7;1;2;294;
15;16;1;2;237;
7;18;1;2;219;
10;16;1;2;40;
5;1;1;2;182;
4;12;1;2;146;
20;17;1;2;21;
5;1;1;2;223;
17;7;1;2;127;
6;17;1;2;185;
5;6;1;2;70;
3;18;1;2;103;
18;10;1;2;52;
2;1;1;2;290;
20;5;1;2;169;
20;20;1;2;353;
9;7;1;2;263;
2;1;1;2;298;
5;18;1;2;363;
5;12;1;2;111;
12;17;1;2;36;
15;13;1;2;302;
7;8;1;2;196;
20;3;1;2;226;
3;3;1;2;284;
15;1;1;2;231;
12;12;1;2;275;
4;18;1;2;22;
4;20;1;2;178;
7;18;1;2;1;
1;13;1;2;28;
1;19;1;2;34;
1;11;1;2;165;
7;1;1;2;44;
15;8;1;2;156;
11;11;1;2;88;
13;5;1;2;152;
9;10;1;2;59;
20;4;1;2;247;
18;16;1;2;168;
1;1;15;721
2;1;1;655
3;1;11;507
4;1;11;274
5;1;12;82
6;1;20;131
7;1;14;52
8;1;17;353
9;1;15;676
10;1;11;614
11;1;18;197
12;1;13;318
13;1;9;181
14;1;3;565
15;1;7;256
16;1;2;532
17;1;13;95
18;1;14;599
19;1;8;168
20;1;20;221
21;1;13;452
*** EOF ***