**** 3 ****
50
7;2;1;2;298;
12;12;1;2;343;
9;19;1;2;198;
19;15;1;2;146;
10;1;1;2;320;
3;9;1;2;252;
2;15;1;2;263;
5;14;1;2;416;
5;10;1;2;329;
12;8;1;2;176;
4;10;1;2;139;
3;14;1;2;211;
20;4;1;2;31;
1;17;1;2;52;
4;16;1;2;402;
7;10;1;2;82;
3;16;1;2;342;
2;20;1;2;279;
8;1;1;2;176;
3;20;1;2;388;
13;15;1;2;270;
18;11;1;2;404;
19;7;1;2;156;
13;19;1;2;414;
18;13;1;2;230;
12;6;1;2;255;
3;12;1;2;356;
16;16;1;2;406;
9;8;1;2;310;
15;14;1;2;392;
7;7;1;2;398;
18;10;1;2;111;
18;17;1;2;166;
4;7;1;2;87;
16;2;1;2;414;
19;17;1;2;161;
6;10;1;2;130;
4;19;1;2;137;
20;11;1;2;119;
5;5;1;2;30;
18;15;1;2;366;
2;8;1;2;100;
4;13;1;2;247;
17;6;1;2;210;
20;7;1;2;380;
14;18;1;2;125;
19;5;1;2;245;
8;12;1;2;60;
9;12;1;2;343;
5;2;1;2;76;
1;1;13;552
2;1;16;665
3;1;15;195
4;1;11;496
5;1;13;224
6;1;1;68
7;1;4;154
8;1;20;611
9;1;9;161
10;1;6;266
11;1;12;722
12;1;6;28
13;1;12;317
14;1;5;62
15;1;19;515
16;1;8;358
17;1;2;290
18;1;10;388
19;1;17;588
20;1;10;454
21;1;17;789
22;1;17;122
23;1;12;38
24;1;13;765
25;1;18;807
26;1;20;832
27;1;19;637
*** EOF ***