**** 6 ****
50
3;5;1;2;167;
9;19;1;2;340;
20;3;1;2;397;
13;2;1;2;203;
2;13;1;2;142;
16;11;1;2;251;
17;1;1;2;231;
7;17;1;2;32;
9;2;1;2;315;
14;12;1;2;263;
12;11;1;2;254;
7;8;1;2;151;
7;15;1;2;209;
14;12;1;2;170;
8;14;1;2;36;
19;14;1;2;316;
20;15;1;2;177;
12;2;1;2;403;
1;3;1;2;147;
2;13;1;2;126;
1;2;1;2;6;
10;14;1;2;196;
20;6;1;2;374;
9;5;1;2;384;
16;3;1;2;138;
19;15;1;2;118;
11;15;1;2;44;
5;19;1;2;128;
6;9;1;2;40;
12;1;1;2;394;
6;13;1;2;11;
5;16;1;2;251;
16;14;1;2;292;
12;12;1;2;374;
13;19;1;2;232;
13;16;1;2;98;
18;17;1;2;149;
9;9;1;2;86;
20;1;1;2;94;
4;9;1;2;105;
13;11;1;2;103;
12;14;1;2;399;
18;18;1;2;161;
7;6;1;2;152;
10;20;1;2;217;
20;7;1;2;369;
9;6;1;2;155;
12;16;1;2;171;
12;7;1;2;82;
9;20;1;2;278;
1;1;2;810
2;1;9;400
3;1;13;758
4;1;14;246
5;1;14;72
6;1;5;694
7;1;3;261
8;1;12;604
9;1;17;423
10;1;7;777
11;1;10;267
12;1;5;668
13;1;15;735
14;1;19;704
15;1;8;520
16;1;14;475
17;1;8;237
18;1;1;554
19;1;11;567
20;1;19;289
21;1;11;22
22;1;10;157
23;1;6;459
24;1;19;326
*** EOF ***