**** 13 ****
50
9;14;1;2;28;
9;19;1;2;216;
12;14;1;2;6;
7;17;1;2;319;
7;1;1;2;182;
18;2;1;2;226;
7;17;1;2;206;
8;1;1;2;236;
9;5;1;2;364;
2;1;1;2;84;
2;5;1;2;33;
13;16;1;2;165;
20;16;1;2;297;
14;9;1;2;305;
17;1;1;2;286;
4;16;1;2;219;
20;1;1;2;257;
1;9;1;2;85;
19;2;1;2;42;
4;3;1;2;201;
9;15;1;2;240;
17;16;1;2;343;
3;10;1;2;184;
4;3;1;2;165;
15;7;1;2;87;
7;18;1;2;240;
2;15;1;2;76;
8;4;1;2;85;
5;16;1;2;234;
18;4;1;2;260;
2;8;1;2;318;
10;3;1;2;352;
19;11;1;2;368;
1;1;1;2;306;
19;4;1;2;93;
18;5;1;2;6;
5;6;1;2;15;
15;18;1;2;41;
5;7;1;2;169;
5;7;1;2;350;
16;11;1;2;27;
10;9;1;2;15;
4;7;1;2;224;
19;20;1;2;120;
17;20;1;2;146;
4;7;1;2;142;
7;16;1;2;85;
17;10;1;2;269;
18;7;1;2;160;
15;3;1;2;384;
1;1;7;460
2;1;14;513
3;1;8;293
4;1;17;272
5;1;10;309
6;1;1;396
7;1;20;204
8;1;8;616
9;1;9;183
10;1;1;382
11;1;15;73
12;1;17;164
13;1;14;353
14;1;14;227
15;1;20;692
16;1;20;550
17;1;11;251
18;1;4;433
19;1;8;104
20;1;20;32
21;1;16;141
*** EOF ***