**** 6 ****
50
18;19;1;2;23;
1;7;1;2;296;
7;1;1;2;212;
18;16;1;2;241;
20;14;1;2;87;
3;1;1;2;274;
2;7;1;2;379;
16;8;1;2;257;
8;6;1;2;376;
8;3;1;2;237;
11;16;1;2;129;
2;14;1;2;368;
15;18;1;2;267;
4;18;1;2;260;
1;14;1;2;7;
7;8;1;2;286;
10;2;1;2;355;
6;15;1;2;260;
8;1;1;2;227;
9;18;1;2;95;
14;20;1;2;49;
5;4;1;2;260;
11;6;1;2;316;
12;2;1;2;204;
19;13;1;2;356;
14;1;1;2;187;
4;16;1;2;205;
14;11;1;2;297;
5;5;1;2;55;
19;20;1;2;33;
8;2;1;2;83;
7;6;1;2;359;
15;6;1;2;326;
12;16;1;2;332;
8;11;1;2;357;
12;8;1;2;299;
9;19;1;2;343;
20;15;1;2;155;
17;13;1;2;307;
12;20;1;2;71;
2;3;1;2;175;
5;10;1;2;259;
18;10;1;2;286;
20;4;1;2;73;
3;13;1;2;306;
3;4;1;2;343;
17;9;1;2;299;
3;18;1;2;325;
20;3;1;2;269;
7;13;1;2;60;
1;1;18;172
2;1;19;371
3;1;19;599
4;1;8;338
5;1;15;748
6;1;16;76
7;1;14;705
8;1;14;323
9;1;1;420
10;1;19;227
11;1;3;99
12;1;19;509
13;1;4;50
14;1;13;32
15;1;19;125
16;1;13;570
17;1;4;558
18;1;10;645
19;1;11;350
20;1;5;468
21;1;10;490
22;1;4;269
23;1;4;720
*** EOF ***