**** 8 ****
50
14;15;1;2;315;
6;18;1;2;261;
5;19;1;2;48;
18;17;1;2;62;
2;1;1;2;93;
11;9;1;2;105;
14;9;1;2;260;
3;6;1;2;297;
16;3;1;2;310;
3;4;1;2;227;
5;18;1;2;182;
10;1;1;2;186;
8;7;1;2;202;
18;19;1;2;29;
18;5;1;2;166;
18;18;1;2;235;
12;9;1;2;34;
11;8;1;2;113;
7;9;1;2;231;
5;1;1;2;310;
11;8;1;2;319;
20;12;1;2;56;
16;13;1;2;215;
4;20;1;2;222;
17;11;1;2;318;
7;13;1;2;120;
19;13;1;2;39;
5;18;1;2;258;
7;16;1;2;23;
10;13;1;2;243;
12;19;1;2;122;
3;15;1;2;35;
17;16;1;2;4;
18;1;1;2;170;
9;7;1;2;32;
8;18;1;2;158;
1;5;1;2;128;
9;13;1;2;37;
4;6;1;2;46;
14;15;1;2;209;
16;3;1;2;302;
9;9;1;2;306;
12;4;1;2;20;
18;2;1;2;7;
20;4;1;2;191;
12;2;1;2;220;
1;9;1;2;53;
9;10;1;2;278;
11;10;1;2;155;
6;20;1;2;176;
1;1;1;28
2;1;1;618
3;1;3;222
4;1;1;630
5;1;17;149
6;1;11;240
7;1;6;496
8;1;11;391
9;1;5;19
10;1;2;337
11;1;2;421
12;1;13;45
13;1;19;73
14;1;6;404
15;1;12;302
*** EOF ***