**** 15 ****
50
13;9;1;2;63;
4;11;1;2;21;
7;15;1;2;220;
9;12;1;2;2;
14;16;1;2;191;
11;1;1;2;140;
10;12;1;2;59;
1;20;1;2;122;
19;6;1;2;56;
3;10;1;2;163;
16;11;1;2;50;
10;10;1;2;323;
2;19;1;2;197;
6;8;1;2;232;
20;18;1;2;14;
7;8;1;2;134;
18;19;1;2;307;
7;4;1;2;188;
2;19;1;2;264;
19;10;1;2;273;
7;19;1;2;257;
17;13;1;2;323;
14;18;1;2;139;
18;7;1;2;94;
17;3;1;2;161;
18;17;1;2;324;
19;14;1;2;111;
4;3;1;2;187;
7;17;1;2;64;
13;20;1;2;293;
3;17;1;2;122;
7;12;1;2;185;
19;4;1;2;132;
8;12;1;2;107;
2;2;1;2;100;
18;2;1;2;135;
4;19;1;2;185;
9;12;1;2;19;
2;16;1;2;292;
15;6;1;2;131;
1;13;1;2;311;
17;17;1;2;268;
13;14;1;2;76;
17;3;1;2;114;
14;7;1;2;111;
14;2;1;2;76;
17;14;1;2;327;
7;3;1;2;141;
8;3;1;2;156;
13;11;1;2;116;
1;1;7;473
2;1;10;522
3;1;9;564
4;1;2;647
5;1;19;605
6;1;6;495
7;1;1;164
8;1;3;72
9;1;12;228
10;1;1;387
11;1;14;539
12;1;6;512
13;1;7;168
14;1;9;60
15;1;7;437
16;1;2;14
*** EOF ***