**** 8 ****
50
13;5;1;2;124;
18;16;1;2;291;
5;19;1;2;1;
15;10;1;2;17;
6;12;1;2;4;
18;18;1;2;227;
15;2;1;2;143;
18;9;1;2;152;
20;12;1;2;30;
12;19;1;2;334;
2;3;1;2;140;
7;10;1;2;253;
10;7;1;2;120;
17;5;1;2;241;
3;14;1;2;124;
13;20;1;2;132;
13;6;1;2;51;
8;12;1;2;247;
15;10;1;2;246;
11;2;1;2;216;
5;15;1;2;28;
11;7;1;2;234;
6;1;1;2;356;
5;11;1;2;269;
15;8;1;2;7;
13;4;1;2;43;
1;19;1;2;50;
16;12;1;2;237;
19;18;1;2;160;
18;11;1;2;64;
20;9;1;2;108;
14;11;1;2;327;
13;10;1;2;262;
9;17;1;2;101;
13;6;1;2;63;
11;3;1;2;106;
14;8;1;2;281;
4;12;1;2;87;
16;15;1;2;184;
10;3;1;2;59;
5;11;1;2;86;
5;3;1;2;218;
5;19;1;2;92;
13;11;1;2;21;
18;8;1;2;188;
19;10;1;2;179;
4;7;1;2;102;
20;2;1;2;239;
9;9;1;2;300;
3;5;1;2;146;
1;1;9;117
2;1;2;477
3;1;4;555
4;1;2;307
5;1;3;131
6;1;13;393
7;1;5;344
8;1;15;708
9;1;8;661
10;1;11;358
11;1;4;526
12;1;11;441
13;1;5;140
14;1;7;425
15;1;2;289
16;1;4;260
17;1;18;620
18;1;7;282
19;1;12;531
*** EOF ***