**** 10 ****
50
9;10;1;2;256;
4;6;1;2;40;
19;2;1;2;409;
20;16;1;2;346;
6;15;1;2;34;
16;16;1;2;376;
15;20;1;2;6;
5;11;1;2;145;
9;20;1;2;274;
11;9;1;2;257;
4;2;1;2;355;
15;12;1;2;242;
3;12;1;2;253;
11;3;1;2;73;
19;18;1;2;367;
17;11;1;2;4;
19;8;1;2;355;
9;12;1;2;105;
18;12;1;2;150;
4;1;1;2;216;
20;14;1;2;60;
15;19;1;2;412;
1;11;1;2;40;
20;16;1;2;275;
9;9;1;2;184;
12;13;1;2;376;
7;7;1;2;21;
2;10;1;2;83;
16;17;1;2;54;
14;15;1;2;308;
20;18;1;2;202;
13;14;1;2;171;
1;6;1;2;89;
13;16;1;2;65;
11;6;1;2;390;
13;4;1;2;20;
6;20;1;2;282;
18;7;1;2;68;
2;5;1;2;418;
9;15;1;2;430;
17;10;1;2;185;
20;20;1;2;310;
8;2;1;2;274;
18;4;1;2;269;
2;10;1;2;183;
17;4;1;2;44;
18;2;1;2;182;
10;14;1;2;143;
17;18;1;2;415;
13;1;1;2;313;
1;1;6;678
2;1;18;136
3;1;17;84
4;1;11;718
5;1;18;798
6;1;13;764
7;1;14;165
8;1;9;640
9;1;10;370
10;1;17;416
11;1;20;393
12;1;5;47
13;1;9;494
14;1;15;571
15;1;12;592
16;1;12;736
17;1;5;512
18;1;13;209
19;1;6;629
20;1;15;848
21;1;6;312
22;1;13;820
23;1;8;444
*** EOF ***