**** 9 ****
50
5;7;1;2;247;
16;4;1;2;22;
11;11;1;2;262;
6;13;1;2;135;
14;4;1;2;348;
20;13;1;2;82;
14;6;1;2;6;
7;16;1;2;63;
3;14;1;2;101;
4;9;1;2;326;
5;18;1;2;337;
12;18;1;2;87;
10;8;1;2;1;
6;6;1;2;97;
16;3;1;2;5;
5;2;1;2;345;
13;3;1;2;162;
20;4;1;2;345;
2;11;1;2;334;
4;16;1;2;72;
7;15;1;2;164;
10;19;1;2;79;
10;15;1;2;71;
13;10;1;2;62;
20;17;1;2;149;
2;9;1;2;217;
16;4;1;2;295;
4;2;1;2;143;
3;14;1;2;230;
8;15;1;2;276;
15;8;1;2;106;
15;7;1;2;205;
9;14;1;2;302;
18;12;1;2;114;
19;6;1;2;197;
8;20;1;2;18;
19;17;1;2;162;
12;20;1;2;2;
2;5;1;2;283;
15;14;1;2;216;
14;4;1;2;60;
11;11;1;2;101;
6;9;1;2;184;
4;8;1;2;148;
17;12;1;2;120;
15;4;1;2;155;
18;14;1;2;356;
5;3;1;2;209;
3;1;1;2;328;
8;5;1;2;354;
1;1;13;528
2;1;14;27
3;1;8;73
4;1;14;578
5;1;2;566
6;1;11;336
7;1;12;681
8;1;11;668
9;1;13;655
10;1;12;190
11;1;8;152
12;1;13;730
13;1;20;274
14;1;5;553
15;1;20;406
16;1;16;303
17;1;8;207
18;1;18;439
19;1;4;175
20;1;5;514
21;1;1;326
*** EOF ***