**** 10 ****
50
3;18;1;2;265;
9;11;1;2;200;
14;11;1;2;87;
13;5;1;2;153;
2;15;1;2;302;
1;2;1;2;272;
9;12;1;2;182;
14;17;1;2;171;
8;12;1;2;158;
15;12;1;2;82;
9;15;1;2;313;
11;3;1;2;153;
15;2;1;2;171;
4;18;1;2;132;
3;7;1;2;176;
20;3;1;2;61;
12;12;1;2;92;
1;18;1;2;221;
13;16;1;2;231;
11;17;1;2;70;
4;11;1;2;250;
16;4;1;2;224;
16;2;1;2;291;
17;16;1;2;109;
19;17;1;2;1;
9;11;1;2;267;
10;1;1;2;287;
14;18;1;2;126;
5;7;1;2;251;
8;2;1;2;244;
15;13;1;2;19;
3;18;1;2;248;
2;4;1;2;295;
18;11;1;2;172;
14;15;1;2;300;
17;5;1;2;358;
10;7;1;2;138;
18;19;1;2;344;
4;13;1;2;57;
7;1;1;2;310;
5;10;1;2;278;
7;15;1;2;279;
12;1;1;2;331;
6;7;1;2;174;
6;20;1;2;273;
19;2;1;2;196;
15;17;1;2;348;
20;13;1;2;151;
12;13;1;2;273;
1;19;1;2;219;
1;1;12;538
2;1;14;16
3;1;19;286
4;1;9;717
5;1;11;627
6;1;10;46
7;1;13;477
8;1;10;584
9;1;7;84
10;1;7;140
11;1;16;696
12;1;19;257
13;1;2;75
14;1;14;565
15;1;8;385
16;1;4;418
17;1;19;97
18;1;19;317
19;1;17;658
20;1;1;439
*** EOF ***