**** 8 ****
50
7;16;1;2;228;
1;12;1;2;114;
1;9;1;2;100;
6;2;1;2;19;
19;11;1;2;65;
18;10;1;2;86;
8;3;1;2;197;
15;3;1;2;332;
12;10;1;2;54;
16;12;1;2;90;
5;20;1;2;166;
12;8;1;2;282;
5;9;1;2;224;
11;10;1;2;243;
16;9;1;2;347;
12;12;1;2;320;
9;8;1;2;161;
8;2;1;2;77;
10;17;1;2;115;
13;18;1;2;311;
3;1;1;2;233;
1;13;1;2;207;
2;16;1;2;276;
7;5;1;2;191;
5;12;1;2;311;
20;4;1;2;160;
2;5;1;2;327;
20;3;1;2;258;
17;11;1;2;82;
18;3;1;2;62;
5;13;1;2;157;
11;17;1;2;304;
4;20;1;2;262;
4;6;1;2;276;
13;18;1;2;243;
16;15;1;2;2;
3;4;1;2;181;
8;9;1;2;170;
1;15;1;2;142;
1;17;1;2;329;
14;1;1;2;264;
20;16;1;2;295;
3;2;1;2;45;
18;10;1;2;70;
11;14;1;2;124;
8;7;1;2;219;
11;4;1;2;4;
2;17;1;2;347;
2;6;1;2;92;
9;10;1;2;290;
1;1;10;12
2;1;6;368
3;1;7;628
4;1;20;258
5;1;15;96
6;1;1;536
7;1;7;124
8;1;5;677
9;1;10;500
10;1;15;289
11;1;12;524
12;1;15;379
13;1;12;639
14;1;17;29
15;1;13;176
16;1;8;438
17;1;13;578
18;1;14;207
19;1;20;312
20;1;3;495
21;1;1;606
22;1;10;470
23;1;6;544
*** EOF ***