**** 15 ****
50
3;7;1;2;21;
19;3;1;2;313;
2;3;1;2;109;
6;11;1;2;248;
3;16;1;2;153;
12;10;1;2;296;
20;5;1;2;35;
15;15;1;2;54;
1;13;1;2;155;
9;17;1;2;244;
5;13;1;2;373;
13;2;1;2;345;
15;8;1;2;53;
7;3;1;2;123;
16;12;1;2;89;
20;18;1;2;105;
2;19;1;2;56;
20;19;1;2;260;
6;16;1;2;58;
5;7;1;2;5;
16;7;1;2;66;
16;13;1;2;252;
7;3;1;2;330;
12;3;1;2;132;
6;17;1;2;382;
16;20;1;2;144;
9;6;1;2;44;
2;14;1;2;57;
19;8;1;2;297;
13;13;1;2;8;
6;12;1;2;190;
17;19;1;2;147;
17;15;1;2;134;
7;13;1;2;218;
13;15;1;2;75;
7;2;1;2;195;
3;13;1;2;300;
12;15;1;2;276;
8;3;1;2;377;
12;8;1;2;284;
13;17;1;2;15;
12;2;1;2;245;
16;11;1;2;105;
1;2;1;2;188;
2;11;1;2;312;
7;9;1;2;7;
6;9;1;2;104;
3;18;1;2;265;
19;20;1;2;124;
20;16;1;2;160;
1;1;7;656
2;1;8;741
3;1;18;225
4;1;15;640
5;1;12;578
6;1;1;463
7;1;5;465
8;1;3;9
9;1;7;618
10;1;10;280
11;1;19;320
12;1;17;339
13;1;3;95
14;1;13;160
15;1;6;218
16;1;9;757
17;1;15;25
18;1;11;300
19;1;12;666
20;1;4;497
21;1;17;132
22;1;2;258
23;1;13;692
24;1;19;108
25;1;5;726
*** EOF ***