**** 12 ****
50
13;4;1;2;104;
4;9;1;2;121;
20;1;1;2;233;
17;4;1;2;91;
11;16;1;2;256;
2;1;1;2;171;
11;8;1;2;164;
8;12;1;2;114;
20;12;1;2;97;
5;18;1;2;143;
12;7;1;2;184;
10;14;1;2;227;
8;15;1;2;180;
5;19;1;2;98;
2;3;1;2;66;
5;15;1;2;290;
10;5;1;2;192;
5;5;1;2;22;
4;10;1;2;172;
2;16;1;2;84;
16;18;1;2;185;
14;5;1;2;240;
1;7;1;2;57;
11;18;1;2;28;
9;1;1;2;194;
9;6;1;2;230;
6;3;1;2;75;
2;9;1;2;220;
3;11;1;2;31;
8;4;1;2;10;
8;11;1;2;75;
13;7;1;2;211;
6;14;1;2;247;
15;8;1;2;111;
13;7;1;2;70;
12;18;1;2;19;
18;15;1;2;90;
19;5;1;2;244;
18;18;1;2;36;
6;17;1;2;271;
14;15;1;2;266;
3;15;1;2;256;
10;8;1;2;269;
8;19;1;2;141;
2;1;1;2;84;
16;13;1;2;17;
18;20;1;2;228;
3;7;1;2;71;
3;5;1;2;200;
14;15;1;2;24;
1;1;13;374
2;1;9;176
3;1;3;326
4;1;18;244
5;1;17;486
6;1;2;26
7;1;9;558
8;1;17;391
9;1;11;513
10;1;4;590
11;1;8;414
12;1;1;108
13;1;2;505
14;1;6;46
*** EOF ***