**** 7 ****
50
6;13;1;2;211;
4;17;1;2;172;
5;4;1;2;122;
4;5;1;2;358;
9;14;1;2;80;
7;13;1;2;301;
17;17;1;2;37;
9;2;1;2;374;
16;16;1;2;24;
20;9;1;2;68;
19;19;1;2;285;
17;20;1;2;46;
4;1;1;2;13;
12;6;1;2;220;
11;14;1;2;175;
5;7;1;2;339;
15;6;1;2;390;
9;14;1;2;337;
8;19;1;2;16;
4;20;1;2;387;
16;13;1;2;397;
5;7;1;2;43;
1;16;1;2;208;
8;9;1;2;169;
14;3;1;2;202;
10;5;1;2;188;
7;13;1;2;229;
10;2;1;2;330;
6;19;1;2;172;
18;18;1;2;351;
6;17;1;2;314;
6;1;1;2;265;
7;8;1;2;359;
10;17;1;2;154;
9;8;1;2;138;
20;2;1;2;110;
18;15;1;2;318;
1;13;1;2;8;
1;20;1;2;244;
16;9;1;2;283;
10;16;1;2;313;
20;11;1;2;138;
19;7;1;2;186;
8;3;1;2;138;
4;19;1;2;278;
2;9;1;2;189;
19;17;1;2;207;
3;14;1;2;257;
1;20;1;2;185;
18;9;1;2;94;
1;1;9;225
2;1;18;617
3;1;1;118
4;1;9;696
5;1;7;717
6;1;17;485
7;1;12;516
8;1;10;579
9;1;18;759
10;1;12;138
11;1;20;167
12;1;15;321
13;1;17;264
14;1;2;313
15;1;13;76
16;1;20;440
17;1;16;786
18;1;16;468
19;1;14;549
20;1;11;120
21;1;4;343
22;1;20;646
23;1;5;431
24;1;12;595
25;1;2;509
26;1;5;54
27;1;10;42
*** EOF ***