**** 17 ****
50
5;7;1;2;351;
15;1;1;2;269;
12;20;1;2;51;
10;17;1;2;185;
5;18;1;2;259;
6;19;1;2;237;
17;17;1;2;283;
5;6;1;2;255;
4;15;1;2;213;
3;10;1;2;234;
11;12;1;2;276;
7;16;1;2;334;
2;16;1;2;354;
3;10;1;2;138;
15;13;1;2;64;
10;13;1;2;324;
7;6;1;2;360;
6;12;1;2;55;
17;4;1;2;35;
14;2;1;2;80;
3;17;1;2;98;
18;16;1;2;173;
8;15;1;2;74;
10;17;1;2;143;
3;19;1;2;225;
3;14;1;2;336;
13;14;1;2;100;
12;14;1;2;255;
8;20;1;2;323;
17;2;1;2;150;
3;16;1;2;287;
13;14;1;2;129;
8;4;1;2;105;
18;15;1;2;89;
10;15;1;2;150;
17;18;1;2;48;
10;11;1;2;80;
5;13;1;2;200;
5;7;1;2;87;
16;5;1;2;142;
4;5;1;2;377;
16;10;1;2;299;
7;8;1;2;18;
7;17;1;2;17;
19;8;1;2;78;
11;1;1;2;249;
10;9;1;2;271;
13;2;1;2;178;
20;3;1;2;139;
8;10;1;2;84;
1;1;1;177
2;1;13;742
3;1;10;671
4;1;14;397
5;1;15;130
6;1;2;90
7;1;15;358
8;1;12;488
9;1;11;199
10;1;2;522
11;1;8;551
12;1;1;411
13;1;12;585
14;1;8;104
15;1;17;249
16;1;2;112
17;1;9;567
18;1;3;559
19;1;13;474
20;1;10;424
21;1;17;181
22;1;11;32
23;1;10;52
24;1;4;510
25;1;17;686
26;1;14;340
27;1;15;281
*** EOF ***