**** 6 ****
50
11;15;1;2;216;
7;6;1;2;52;
20;5;1;2;195;
16;6;1;2;299;
19;10;1;2;64;
13;20;1;2;194;
17;4;1;2;126;
12;7;1;2;347;
19;18;1;2;142;
4;8;1;2;307;
3;20;1;2;170;
19;11;1;2;310;
10;17;1;2;237;
16;2;1;2;285;
13;3;1;2;265;
18;7;1;2;94;
17;4;1;2;17;
1;6;1;2;82;
5;11;1;2;3;
14;11;1;2;35;
15;5;1;2;43;
4;7;1;2;213;
15;5;1;2;134;
4;15;1;2;58;
5;3;1;2;104;
5;9;1;2;1;
3;7;1;2;15;
2;2;1;2;64;
8;17;1;2;184;
4;15;1;2;59;
14;10;1;2;359;
15;14;1;2;43;
15;5;1;2;326;
9;12;1;2;93;
13;5;1;2;135;
5;13;1;2;172;
6;20;1;2;82;
4;6;1;2;151;
10;16;1;2;48;
6;5;1;2;218;
17;19;1;2;92;
13;4;1;2;40;
15;1;1;2;50;
10;3;1;2;229;
19;5;1;2;108;
16;1;1;2;69;
14;9;1;2;127;
15;13;1;2;189;
14;6;1;2;248;
4;3;1;2;62;
1;1;5;219
2;1;14;511
3;1;18;671
4;1;5;483
5;1;5;409
6;1;14;194
7;1;19;352
8;1;14;95
9;1;2;703
10;1;19;632
11;1;9;589
12;1;17;721
13;1;7;572
14;1;5;527
15;1;3;117
16;1;18;415
*** EOF ***