**** 4 ****
50
13;11;1;2;317;
17;15;1;2;20;
13;15;1;2;360;
14;16;1;2;259;
9;6;1;2;10;
8;8;1;2;326;
14;1;1;2;28;
13;8;1;2;157;
20;7;1;2;191;
17;16;1;2;170;
12;16;1;2;77;
12;18;1;2;328;
1;9;1;2;89;
3;19;1;2;94;
18;7;1;2;405;
2;2;1;2;65;
5;4;1;2;131;
19;10;1;2;183;
6;17;1;2;22;
7;8;1;2;185;
18;15;1;2;201;
17;11;1;2;169;
19;19;1;2;2;
5;19;1;2;341;
9;3;1;2;330;
14;7;1;2;368;
1;18;1;2;222;
20;18;1;2;82;
17;1;1;2;393;
20;13;1;2;215;
14;20;1;2;311;
17;9;1;2;296;
2;11;1;2;267;
10;13;1;2;309;
15;5;1;2;7;
13;12;1;2;336;
13;12;1;2;218;
19;12;1;2;232;
15;3;1;2;109;
11;2;1;2;273;
5;12;1;2;127;
16;16;1;2;237;
10;11;1;2;229;
14;17;1;2;274;
11;9;1;2;133;
8;2;1;2;242;
11;10;1;2;147;
19;20;1;2;304;
18;11;1;2;168;
18;10;1;2;384;
1;1;7;415
2;1;3;499
3;1;5;211
4;1;5;788
5;1;19;441
6;1;14;180
7;1;2;337
8;1;8;405
9;1;16;353
10;1;15;689
11;1;16;31
12;1;18;141
13;1;12;119
14;1;2;250
15;1;5;461
16;1;8;803
17;1;9;537
18;1;7;754
19;1;19;710
*** EOF ***