**** 4 ****
50
3;14;1;2;139;
16;3;1;2;177;
2;3;1;2;82;
1;13;1;2;196;
11;8;1;2;210;
4;8;1;2;251;
16;10;1;2;208;
11;9;1;2;265;
12;17;1;2;177;
14;5;1;2;335;
9;17;1;2;144;
4;11;1;2;281;
6;2;1;2;266;
17;12;1;2;382;
8;9;1;2;369;
3;2;1;2;265;
14;19;1;2;343;
4;8;1;2;210;
12;18;1;2;1;
17;18;1;2;222;
3;11;1;2;21;
11;9;1;2;318;
12;2;1;2;345;
12;20;1;2;107;
11;6;1;2;140;
13;8;1;2;299;
10;11;1;2;192;
10;19;1;2;362;
2;11;1;2;8;
16;18;1;2;366;
9;5;1;2;297;
13;8;1;2;347;
4;18;1;2;105;
19;11;1;2;130;
12;4;1;2;213;
12;17;1;2;323;
14;7;1;2;17;
15;15;1;2;220;
2;12;1;2;88;
6;13;1;2;111;
15;15;1;2;309;
3;1;1;2;47;
3;16;1;2;74;
17;7;1;2;130;
19;19;1;2;269;
4;5;1;2;10;
5;19;1;2;291;
10;5;1;2;352;
3;1;1;2;222;
9;17;1;2;17;
1;1;14;506
2;1;8;596
3;1;5;486
4;1;20;217
5;1;17;70
6;1;20;196
7;1;10;133
8;1;14;729
9;1;7;32
10;1;11;249
11;1;14;91
12;1;8;365
13;1;8;476
14;1;14;385
15;1;17;327
16;1;16;434
17;1;20;409
18;1;16;767
19;1;8;530
20;1;16;667
21;1;8;55
22;1;13;711
23;1;17;632
24;1;13;567
*** EOF ***