**** 3 ****
50
19;5;1;2;237;
12;7;1;2;83;
1;17;1;2;91;
2;11;1;2;106;
14;15;1;2;98;
19;20;1;2;338;
6;6;1;2;101;
4;15;1;2;3;
4;12;1;2;283;
13;20;1;2;40;
13;16;1;2;247;
13;19;1;2;168;
13;12;1;2;274;
16;16;1;2;110;
10;10;1;2;117;
14;9;1;2;251;
11;19;1;2;219;
20;2;1;2;100;
8;4;1;2;140;
15;14;1;2;32;
5;10;1;2;237;
10;7;1;2;236;
8;8;1;2;250;
3;15;1;2;369;
12;16;1;2;33;
9;5;1;2;355;
1;8;1;2;131;
14;20;1;2;341;
4;17;1;2;307;
6;10;1;2;123;
11;15;1;2;92;
14;5;1;2;81;
16;3;1;2;197;
7;20;1;2;369;
17;9;1;2;251;
16;8;1;2;354;
2;15;1;2;183;
14;4;1;2;333;
15;6;1;2;270;
7;7;1;2;188;
11;3;1;2;50;
13;20;1;2;231;
12;5;1;2;220;
13;8;1;2;345;
8;20;1;2;112;
6;1;1;2;247;
19;10;1;2;349;
20;3;1;2;248;
3;19;1;2;247;
3;1;1;2;68;
1;1;12;620
2;1;10;746
3;1;9;35
4;1;1;207
5;1;12;355
6;1;20;390
7;1;17;574
8;1;13;79
9;1;18;258
10;1;16;654
11;1;18;723
12;1;3;6
13;1;2;612
14;1;13;217
15;1;1;133
16;1;17;58
17;1;9;301
18;1;15;313
19;1;3;491
20;1;1;438
21;1;4;447
22;1;15;498
*** EOF ***