**** 5 ****
50
6;4;1;2;296;
12;14;1;2;131;
16;1;1;2;367;
15;14;1;2;186;
10;15;1;2;305;
7;7;1;2;241;
5;12;1;2;233;
11;20;1;2;165;
13;2;1;2;190;
7;18;1;2;154;
11;19;1;2;284;
1;16;1;2;185;
15;1;1;2;259;
4;17;1;2;263;
4;2;1;2;101;
12;15;1;2;286;
6;19;1;2;362;
15;12;1;2;205;
13;16;1;2;139;
17;6;1;2;331;
13;2;1;2;285;
16;14;1;2;223;
5;13;1;2;276;
11;17;1;2;230;
19;15;1;2;72;
14;19;1;2;184;
8;6;1;2;319;
6;19;1;2;124;
4;10;1;2;107;
20;14;1;2;211;
2;4;1;2;164;
18;11;1;2;116;
16;17;1;2;47;
4;2;1;2;211;
2;8;1;2;51;
11;8;1;2;156;
16;9;1;2;33;
1;1;1;2;216;
1;16;1;2;315;
15;5;1;2;123;
8;2;1;2;268;
6;20;1;2;15;
5;2;1;2;207;
17;19;1;2;311;
19;18;1;2;226;
3;9;1;2;188;
12;17;1;2;229;
3;3;1;2;203;
9;16;1;2;337;
11;8;1;2;180;
1;1;13;636
2;1;18;450
3;1;6;556
4;1;5;755
5;1;14;161
6;1;8;540
7;1;15;651
8;1;12;357
9;1;8;728
10;1;20;491
11;1;14;691
12;1;2;61
13;1;3;677
14;1;11;422
15;1;13;37
16;1;9;379
17;1;5;100
18;1;14;181
19;1;6;577
20;1;1;482
21;1;17;391
22;1;15;250
23;1;10;129
24;1;18;299
25;1;5;705
*** EOF ***