**** 13 ****
50
16;17;1;2;380;
16;5;1;2;325;
1;18;1;2;166;
10;1;1;2;352;
13;17;1;2;83;
20;18;1;2;135;
13;4;1;2;43;
20;1;1;2;361;
16;3;1;2;113;
12;4;1;2;363;
7;19;1;2;147;
5;17;1;2;139;
18;15;1;2;213;
3;16;1;2;215;
13;17;1;2;25;
1;11;1;2;279;
4;20;1;2;187;
18;13;1;2;8;
20;11;1;2;161;
11;19;1;2;314;
17;16;1;2;141;
5;4;1;2;87;
15;17;1;2;83;
8;16;1;2;244;
1;6;1;2;12;
20;18;1;2;59;
1;16;1;2;128;
18;12;1;2;250;
11;9;1;2;268;
3;9;1;2;78;
9;16;1;2;327;
16;16;1;2;136;
9;2;1;2;314;
3;18;1;2;291;
20;7;1;2;149;
3;11;1;2;387;
3;18;1;2;115;
2;18;1;2;373;
13;4;1;2;255;
3;14;1;2;200;
20;3;1;2;320;
15;2;1;2;339;
20;14;1;2;360;
14;11;1;2;299;
15;12;1;2;224;
5;15;1;2;20;
16;17;1;2;163;
7;13;1;2;37;
6;4;1;2;243;
3;4;1;2;254;
1;1;7;212
2;1;7;477
3;1;13;361
4;1;8;146
5;1;15;521
6;1;10;771
7;1;5;396
8;1;7;272
9;1;4;24
10;1;3;309
11;1;2;740
12;1;19;123
13;1;11;615
14;1;2;629
15;1;19;654
16;1;4;704
17;1;4;552
18;1;17;188
19;1;11;447
20;1;4;568
21;1;19;494
22;1;4;731
23;1;20;402
24;1;6;286
25;1;10;158
26;1;7;322
*** EOF ***