**** 19 ****
50
2;1;1;2;258;
5;3;1;2;90;
9;5;1;2;257;
5;14;1;2;337;
8;11;1;2;313;
18;7;1;2;178;
8;7;1;2;347;
9;5;1;2;121;
5;17;1;2;10;
9;10;1;2;28;
15;5;1;2;258;
4;16;1;2;164;
20;8;1;2;260;
4;19;1;2;189;
19;13;1;2;163;
5;2;1;2;309;
20;15;1;2;80;
16;20;1;2;226;
14;11;1;2;166;
3;15;1;2;188;
6;2;1;2;227;
17;8;1;2;302;
8;9;1;2;346;
13;1;1;2;211;
17;10;1;2;201;
14;11;1;2;33;
13;17;1;2;250;
8;14;1;2;57;
2;16;1;2;39;
11;9;1;2;262;
15;8;1;2;334;
19;13;1;2;179;
8;11;1;2;170;
6;19;1;2;314;
7;16;1;2;66;
17;10;1;2;27;
16;7;1;2;99;
5;1;1;2;68;
18;3;1;2;154;
12;17;1;2;135;
3;3;1;2;179;
2;18;1;2;187;
10;2;1;2;82;
9;13;1;2;144;
3;8;1;2;72;
10;8;1;2;75;
3;2;1;2;85;
11;3;1;2;47;
7;20;1;2;295;
4;13;1;2;127;
1;1;20;199
2;1;3;461
3;1;4;100
4;1;18;354
5;1;19;257
6;1;17;443
7;1;7;325
8;1;11;716
9;1;20;585
10;1;4;383
11;1;4;177
12;1;12;277
13;1;17;492
14;1;5;619
15;1;11;133
16;1;10;12
17;1;14;664
18;1;18;146
19;1;12;650
20;1;8;565
21;1;5;428
22;1;7;548
23;1;4;170
*** EOF ***