**** 1 ****
50
1;19;1;2;326;
10;20;1;2;208;
12;2;1;2;13;
13;19;1;2;17;
15;18;1;2;79;
5;6;1;2;155;
11;20;1;2;274;
1;9;1;2;194;
11;9;1;2;261;
11;19;1;2;199;
6;15;1;2;271;
6;8;1;2;245;
11;1;1;2;5;
13;19;1;2;279;
4;2;1;2;239;
13;1;1;2;186;
3;16;1;2;87;
6;2;1;2;138;
11;2;1;2;78;
4;15;1;2;76;
3;1;1;2;208;
7;12;1;2;364;
18;13;1;2;338;
6;10;1;2;292;
8;16;1;2;93;
4;11;1;2;228;
5;3;1;2;14;
5;12;1;2;346;
15;9;1;2;105;
13;15;1;2;207;
15;5;1;2;284;
4;4;1;2;18;
7;18;1;2;220;
7;20;1;2;171;
18;11;1;2;351;
19;16;1;2;369;
18;11;1;2;85;
4;20;1;2;183;
9;16;1;2;332;
9;17;1;2;333;
3;9;1;2;150;
6;3;1;2;315;
1;20;1;2;205;
5;10;1;2;315;
11;17;1;2;31;
15;1;1;2;190;
17;18;1;2;337;
11;10;1;2;27;
8;15;1;2;278;
16;1;1;2;5;
1;1;18;634
2;1;9;319
3;1;16;61
4;1;20;722
5;1;8;120
6;1;10;99
7;1;15;618
8;1;20;677
9;1;16;374
10;1;6;113
11;1;12;150
12;1;18;456
13;1;17;431
14;1;9;704
15;1;13;340
16;1;11;49
17;1;16;519
18;1;4;302
19;1;2;250
20;1;18;195
21;1;8;599
22;1;20;257
*** EOF ***