**** 12 ****
50
6;12;1;2;275;
11;15;1;2;159;
3;1;1;2;83;
6;14;1;2;191;
2;6;1;2;196;
20;18;1;2;130;
1;9;1;2;35;
19;13;1;2;349;
20;20;1;2;254;
2;8;1;2;150;
15;14;1;2;217;
16;12;1;2;94;
5;12;1;2;133;
10;1;1;2;63;
1;20;1;2;291;
16;12;1;2;284;
16;9;1;2;221;
8;16;1;2;146;
5;13;1;2;267;
9;9;1;2;192;
11;12;1;2;17;
17;15;1;2;110;
7;6;1;2;42;
6;3;1;2;131;
3;3;1;2;213;
18;17;1;2;65;
11;10;1;2;219;
14;1;1;2;173;
8;13;1;2;78;
6;12;1;2;253;
13;16;1;2;334;
13;4;1;2;322;
19;19;1;2;106;
8;7;1;2;150;
14;12;1;2;317;
3;14;1;2;211;
16;11;1;2;109;
1;16;1;2;205;
7;8;1;2;73;
3;5;1;2;117;
7;3;1;2;229;
2;13;1;2;326;
4;7;1;2;226;
16;2;1;2;82;
4;17;1;2;61;
9;18;1;2;266;
4;1;1;2;244;
6;8;1;2;86;
7;13;1;2;148;
11;4;1;2;120;
1;1;14;292
2;1;15;266
3;1;2;391
4;1;18;177
5;1;13;95
6;1;13;124
7;1;19;326
8;1;3;495
9;1;6;504
10;1;1;606
11;1;18;645
12;1;10;29
13;1;2;684
14;1;10;516
15;1;7;591
16;1;18;54
17;1;5;222
18;1;5;83
19;1;14;367
20;1;20;240
21;1;11;345
22;1;2;51
23;1;16;151
*** EOF ***