**** 9 ****
50
6;15;1;2;89;
12;9;1;2;38;
11;6;1;2;221;
5;15;1;2;302;
13;13;1;2;261;
7;18;1;2;304;
3;5;1;2;364;
19;4;1;2;332;
14;19;1;2;89;
10;4;1;2;224;
16;2;1;2;128;
9;8;1;2;174;
4;13;1;2;137;
16;14;1;2;50;
9;8;1;2;164;
9;18;1;2;264;
8;20;1;2;5;
7;17;1;2;106;
11;2;1;2;1;
6;7;1;2;81;
8;6;1;2;67;
15;1;1;2;17;
15;20;1;2;211;
3;2;1;2;35;
17;10;1;2;268;
15;6;1;2;241;
16;1;1;2;57;
11;5;1;2;149;
4;17;1;2;104;
16;13;1;2;147;
11;4;1;2;5;
1;4;1;2;187;
7;13;1;2;254;
16;16;1;2;13;
5;4;1;2;249;
6;9;1;2;34;
19;12;1;2;367;
19;20;1;2;271;
13;14;1;2;238;
10;6;1;2;207;
4;7;1;2;75;
4;1;1;2;260;
1;16;1;2;201;
4;19;1;2;287;
10;20;1;2;220;
19;4;1;2;90;
10;5;1;2;283;
15;7;1;2;304;
16;20;1;2;163;
5;1;1;2;9;
1;1;15;441
2;1;10;596
3;1;2;269
4;1;7;709
5;1;8;535
6;1;3;584
7;1;12;389
8;1;14;730
9;1;19;236
10;1;19;614
11;1;5;263
12;1;12;138
13;1;2;297
14;1;19;416
15;1;8;653
16;1;12;335
17;1;10;189
18;1;18;100
19;1;5;511
20;1;13;667
21;1;11;78
22;1;3;213
23;1;12;751
24;1;14;479
25;1;4;326
*** EOF ***