**** 4 ****
50
8;14;1;2;13;
14;6;1;2;100;
1;17;1;2;15;
2;14;1;2;238;
9;3;1;2;26;
20;19;1;2;222;
4;9;1;2;309;
15;13;1;2;101;
14;10;1;2;242;
17;16;1;2;314;
3;2;1;2;251;
6;11;1;2;35;
1;2;1;2;131;
2;6;1;2;58;
6;1;1;2;179;
5;6;1;2;198;
10;14;1;2;96;
9;19;1;2;48;
14;4;1;2;84;
9;20;1;2;29;
8;16;1;2;173;
8;11;1;2;76;
3;7;1;2;15;
10;14;1;2;336;
15;15;1;2;221;
3;11;1;2;149;
11;13;1;2;335;
8;13;1;2;279;
9;7;1;2;322;
10;8;1;2;18;
2;4;1;2;339;
17;12;1;2;208;
12;7;1;2;41;
19;15;1;2;194;
6;15;1;2;235;
2;16;1;2;256;
15;15;1;2;53;
8;2;1;2;164;
2;5;1;2;93;
17;11;1;2;99;
14;3;1;2;97;
6;16;1;2;169;
6;8;1;2;174;
1;14;1;2;21;
4;8;1;2;93;
13;3;1;2;144;
3;18;1;2;235;
14;4;1;2;118;
15;10;1;2;77;
3;7;1;2;239;
1;1;20;143
2;1;9;494
3;1;2;505
4;1;20;392
5;1;2;356
6;1;17;627
7;1;16;251
8;1;2;120
9;1;11;718
10;1;5;582
11;1;5;27
12;1;19;327
13;1;14;215
14;1;6;232
15;1;6;76
16;1;18;88
17;1;19;600
18;1;18;678
19;1;16;550
20;1;7;171
21;1;8;287
22;1;5;239
23;1;14;648
24;1;13;703
25;1;12;268
26;1;7;35
*** EOF ***