**** 12 ****
50
13;14;1;2;328;
12;13;1;2;74;
18;18;1;2;277;
7;1;1;2;20;
14;7;1;2;116;
12;6;1;2;63;
6;8;1;2;302;
18;7;1;2;6;
6;3;1;2;58;
19;17;1;2;265;
4;2;1;2;229;
2;17;1;2;254;
8;8;1;2;346;
11;20;1;2;233;
18;3;1;2;58;
10;10;1;2;161;
10;15;1;2;23;
6;16;1;2;278;
10;19;1;2;128;
5;12;1;2;269;
17;13;1;2;209;
3;15;1;2;321;
9;18;1;2;160;
18;1;1;2;211;
15;11;1;2;177;
11;3;1;2;288;
2;14;1;2;282;
6;14;1;2;348;
13;8;1;2;72;
12;6;1;2;240;
20;8;1;2;310;
1;6;1;2;324;
2;3;1;2;356;
13;16;1;2;307;
19;1;1;2;168;
4;14;1;2;76;
11;19;1;2;157;
11;18;1;2;353;
12;2;1;2;164;
6;4;1;2;16;
5;10;1;2;97;
1;18;1;2;40;
1;5;1;2;199;
9;16;1;2;151;
4;19;1;2;261;
15;18;1;2;77;
14;12;1;2;53;
9;6;1;2;34;
11;3;1;2;279;
12;9;1;2;29;
1;1;5;359
2;1;15;721
3;1;13;639
4;1;18;241
5;1;8;345
6;1;16;58
7;1;15;552
8;1;14;293
9;1;3;584
10;1;18;444
11;1;6;497
12;1;18;528
13;1;4;153
14;1;12;74
15;1;8;683
16;1;14;185
17;1;11;199
18;1;14;665
19;1;14;327
20;1;13;482
*** EOF ***