**** 18 ****
50
19;14;1;2;132;
5;4;1;2;69;
5;6;1;2;169;
15;11;1;2;159;
13;14;1;2;294;
18;1;1;2;25;
14;7;1;2;169;
4;11;1;2;140;
9;17;1;2;31;
16;8;1;2;213;
2;1;1;2;153;
15;8;1;2;218;
9;4;1;2;258;
16;18;1;2;138;
15;16;1;2;159;
15;16;1;2;322;
1;4;1;2;202;
3;18;1;2;279;
16;8;1;2;106;
2;2;1;2;186;
11;3;1;2;71;
1;19;1;2;290;
8;14;1;2;64;
14;7;1;2;266;
17;13;1;2;327;
18;15;1;2;115;
15;6;1;2;188;
16;7;1;2;62;
13;13;1;2;123;
2;3;1;2;174;
8;14;1;2;103;
7;20;1;2;193;
3;18;1;2;289;
15;11;1;2;180;
3;17;1;2;272;
12;14;1;2;310;
7;20;1;2;100;
1;19;1;2;22;
16;1;1;2;116;
16;4;1;2;6;
20;11;1;2;211;
3;8;1;2;85;
16;12;1;2;167;
4;9;1;2;159;
8;7;1;2;175;
4;3;1;2;307;
19;10;1;2;111;
14;1;1;2;129;
9;12;1;2;49;
10;13;1;2;235;
1;1;7;655
2;1;6;383
3;1;10;242
4;1;10;30
5;1;1;468
6;1;11;320
7;1;7;274
8;1;20;615
9;1;19;487
10;1;4;233
11;1;5;422
12;1;16;116
13;1;7;254
14;1;8;307
15;1;3;517
16;1;5;564
*** EOF ***