**** 9 ****
50
7;19;1;2;262;
3;3;1;2;251;
11;3;1;2;374;
16;1;1;2;237;
4;17;1;2;20;
18;1;1;2;314;
16;17;1;2;99;
14;4;1;2;313;
9;19;1;2;49;
1;9;1;2;190;
15;1;1;2;262;
12;10;1;2;302;
3;1;1;2;137;
1;18;1;2;15;
1;14;1;2;76;
2;4;1;2;206;
9;16;1;2;9;
5;7;1;2;274;
15;20;1;2;60;
16;4;1;2;361;
5;1;1;2;244;
14;1;1;2;147;
13;13;1;2;153;
19;17;1;2;117;
16;10;1;2;89;
3;14;1;2;103;
20;4;1;2;325;
16;16;1;2;372;
15;2;1;2;92;
11;7;1;2;300;
12;5;1;2;300;
20;3;1;2;156;
15;6;1;2;318;
13;10;1;2;42;
1;1;1;2;38;
5;10;1;2;341;
11;5;1;2;257;
15;2;1;2;334;
2;7;1;2;213;
18;12;1;2;57;
13;19;1;2;239;
14;13;1;2;108;
13;3;1;2;58;
6;3;1;2;177;
16;3;1;2;365;
18;4;1;2;119;
13;3;1;2;230;
1;9;1;2;141;
18;4;1;2;213;
3;6;1;2;109;
1;1;18;431
2;1;20;597
3;1;4;39
4;1;12;407
5;1;12;744
6;1;10;390
7;1;10;160
8;1;17;537
9;1;3;655
10;1;11;242
11;1;10;515
12;1;4;501
13;1;1;558
14;1;10;100
15;1;9;676
16;1;14;628
17;1;17;75
18;1;12;326
19;1;12;714
20;1;10;262
*** EOF ***