**** 19 ****
50
18;14;1;2;289;
10;10;1;2;352;
7;17;1;2;308;
9;15;1;2;380;
8;17;1;2;206;
12;5;1;2;54;
15;5;1;2;169;
5;11;1;2;172;
16;18;1;2;147;
17;15;1;2;292;
13;16;1;2;6;
14;11;1;2;215;
2;12;1;2;178;
17;10;1;2;253;
10;20;1;2;275;
18;17;1;2;224;
2;7;1;2;359;
12;8;1;2;363;
19;3;1;2;246;
3;14;1;2;314;
12;11;1;2;324;
20;19;1;2;75;
19;6;1;2;224;
13;17;1;2;105;
7;10;1;2;214;
8;8;1;2;169;
16;6;1;2;382;
2;10;1;2;56;
14;8;1;2;317;
2;6;1;2;254;
19;8;1;2;28;
14;3;1;2;78;
9;17;1;2;388;
3;8;1;2;285;
5;18;1;2;133;
12;16;1;2;313;
8;18;1;2;209;
3;19;1;2;170;
7;8;1;2;150;
4;1;1;2;292;
3;6;1;2;106;
12;15;1;2;153;
16;4;1;2;328;
18;15;1;2;351;
7;13;1;2;252;
2;2;1;2;185;
9;15;1;2;353;
1;1;1;2;362;
8;15;1;2;249;
9;2;1;2;36;
1;1;1;83
2;1;12;437
3;1;12;70
4;1;4;282
5;1;2;521
6;1;20;593
7;1;8;330
8;1;20;645
9;1;9;666
10;1;19;40
11;1;17;738
12;1;16;207
13;1;15;762
14;1;10;507
15;1;18;702
16;1;15;371
17;1;4;494
18;1;2;345
19;1;6;449
20;1;12;87
21;1;6;62
22;1;4;249
23;1;4;678
24;1;16;562
25;1;18;406
*** EOF ***