**** 11 ****
50
11;9;1;2;17;
18;6;1;2;79;
16;15;1;2;234;
18;20;1;2;217;
17;12;1;2;304;
3;10;1;2;239;
15;1;1;2;328;
1;6;1;2;175;
4;6;1;2;130;
9;13;1;2;165;
3;5;1;2;210;
2;19;1;2;51;
11;13;1;2;178;
2;8;1;2;207;
19;3;1;2;156;
7;11;1;2;69;
17;4;1;2;34;
18;13;1;2;195;
10;7;1;2;210;
18;3;1;2;327;
12;1;1;2;325;
15;14;1;2;273;
8;8;1;2;285;
14;3;1;2;280;
1;14;1;2;93;
5;18;1;2;308;
19;17;1;2;317;
18;11;1;2;266;
17;14;1;2;85;
6;15;1;2;85;
3;11;1;2;59;
14;14;1;2;201;
6;13;1;2;13;
13;14;1;2;125;
12;16;1;2;98;
3;10;1;2;106;
19;1;1;2;204;
6;9;1;2;78;
15;19;1;2;166;
5;12;1;2;84;
5;17;1;2;278;
20;2;1;2;247;
10;5;1;2;14;
16;16;1;2;255;
7;14;1;2;91;
11;2;1;2;220;
15;17;1;2;161;
10;15;1;2;350;
11;6;1;2;129;
13;15;1;2;68;
1;1;5;601
2;1;1;587
3;1;14;435
4;1;20;309
5;1;8;230
6;1;16;360
7;1;12;115
8;1;15;245
9;1;13;702
10;1;6;194
11;1;8;8
12;1;16;405
13;1;8;547
14;1;2;459
15;1;19;651
16;1;2;85
*** EOF ***