**** 3 ****
50
11;7;1;2;221;
2;2;1;2;246;
6;2;1;2;45;
1;13;1;2;191;
20;11;1;2;316;
16;13;1;2;320;
9;3;1;2;309;
2;8;1;2;318;
17;7;1;2;56;
10;7;1;2;256;
1;18;1;2;297;
2;10;1;2;315;
12;7;1;2;105;
13;7;1;2;116;
11;10;1;2;313;
20;19;1;2;264;
10;5;1;2;56;
6;18;1;2;269;
20;12;1;2;225;
13;8;1;2;74;
10;15;1;2;208;
7;5;1;2;1;
18;17;1;2;47;
20;5;1;2;254;
16;19;1;2;163;
2;7;1;2;224;
4;9;1;2;192;
20;18;1;2;278;
17;16;1;2;151;
4;13;1;2;170;
6;14;1;2;244;
13;16;1;2;13;
6;12;1;2;165;
2;9;1;2;222;
11;18;1;2;155;
16;12;1;2;240;
20;12;1;2;84;
6;3;1;2;76;
4;5;1;2;179;
5;20;1;2;314;
15;14;1;2;226;
1;20;1;2;159;
2;8;1;2;22;
3;12;1;2;313;
15;3;1;2;283;
7;18;1;2;26;
15;15;1;2;129;
7;3;1;2;115;
13;13;1;2;126;
14;18;1;2;166;
1;1;8;168
2;1;4;282
3;1;2;245
4;1;10;41
5;1;14;310
6;1;2;181
7;1;3;355
8;1;13;486
9;1;2;531
10;1;7;197
11;1;7;341
12;1;16;416
13;1;2;517
14;1;3;255
15;1;7;444
16;1;8;367
17;1;13;102
18;1;19;631
19;1;1;38
20;1;7;158
21;1;3;34
22;1;15;120
23;1;7;610
24;1;1;247
25;1;2;87
*** EOF ***