**** 0 ****
50
8;19;1;2;341;
8;8;1;2;157;
9;7;1;2;78;
5;11;1;2;201;
15;2;1;2;140;
8;13;1;2;301;
12;6;1;2;79;
17;6;1;2;238;
15;16;1;2;105;
14;4;1;2;49;
9;8;1;2;168;
20;12;1;2;141;
5;2;1;2;64;
14;12;1;2;229;
4;19;1;2;345;
20;19;1;2;105;
8;8;1;2;67;
14;9;1;2;346;
16;10;1;2;36;
6;19;1;2;123;
1;11;1;2;166;
11;17;1;2;48;
8;6;1;2;1;
15;4;1;2;231;
3;14;1;2;207;
14;8;1;2;31;
19;15;1;2;185;
17;8;1;2;291;
18;19;1;2;199;
8;4;1;2;362;
6;3;1;2;144;
12;17;1;2;63;
5;17;1;2;94;
20;9;1;2;136;
20;19;1;2;303;
14;15;1;2;180;
4;17;1;2;309;
13;20;1;2;341;
3;16;1;2;120;
9;5;1;2;201;
18;13;1;2;175;
6;8;1;2;289;
5;7;1;2;366;
11;20;1;2;42;
9;16;1;2;123;
1;16;1;2;330;
8;7;1;2;181;
18;15;1;2;335;
6;3;1;2;118;
11;1;1;2;102;
1;1;3;478
2;1;17;711
3;1;3;590
4;1;15;642
5;1;17;203
6;1;6;665
7;1;18;343
8;1;11;317
9;1;5;162
10;1;8;26
11;1;8;252
12;1;11;625
13;1;7;684
14;1;16;743
15;1;19;182
16;1;20;601
17;1;1;103
18;1;8;35
19;1;14;369
*** EOF ***