**** 17 ****
50
18;10;1;2;364;
10;9;1;2;68;
13;1;1;2;34;
5;17;1;2;9;
16;2;1;2;194;
18;17;1;2;381;
14;15;1;2;359;
10;1;1;2;62;
8;9;1;2;76;
12;7;1;2;232;
20;13;1;2;54;
13;8;1;2;203;
7;20;1;2;28;
20;3;1;2;174;
14;15;1;2;316;
17;11;1;2;339;
11;1;1;2;100;
4;2;1;2;15;
12;8;1;2;95;
6;18;1;2;63;
16;16;1;2;247;
1;20;1;2;223;
6;17;1;2;220;
1;11;1;2;106;
20;20;1;2;127;
15;2;1;2;22;
7;12;1;2;133;
10;6;1;2;191;
7;20;1;2;384;
9;19;1;2;286;
3;8;1;2;45;
18;4;1;2;150;
12;1;1;2;304;
18;2;1;2;197;
4;16;1;2;29;
11;15;1;2;360;
19;1;1;2;113;
2;15;1;2;284;
17;2;1;2;328;
10;4;1;2;376;
9;16;1;2;148;
20;3;1;2;26;
10;16;1;2;78;
9;20;1;2;180;
11;4;1;2;94;
12;13;1;2;222;
3;5;1;2;83;
12;15;1;2;124;
20;9;1;2;165;
4;5;1;2;373;
1;1;20;789
2;1;11;438
3;1;10;771
4;1;16;552
5;1;13;259
6;1;19;177
7;1;6;406
8;1;14;576
9;1;15;227
10;1;10;207
11;1;16;328
12;1;20;369
13;1;19;29
14;1;20;662
15;1;8;695
16;1;4;486
17;1;11;148
18;1;10;537
*** EOF ***