**** 19 ****
50
2;16;1;2;171;
17;3;1;2;31;
2;8;1;2;181;
11;4;1;2;361;
11;7;1;2;42;
8;9;1;2;23;
19;18;1;2;328;
18;7;1;2;73;
19;17;1;2;264;
5;20;1;2;215;
15;2;1;2;212;
18;13;1;2;215;
9;1;1;2;42;
17;1;1;2;331;
7;12;1;2;289;
18;6;1;2;180;
17;1;1;2;116;
8;19;1;2;173;
8;9;1;2;78;
12;11;1;2;40;
18;2;1;2;128;
4;10;1;2;13;
1;7;1;2;304;
6;15;1;2;238;
10;17;1;2;162;
18;10;1;2;176;
1;11;1;2;367;
7;20;1;2;31;
7;10;1;2;119;
20;4;1;2;39;
8;16;1;2;59;
11;5;1;2;46;
8;19;1;2;232;
7;16;1;2;271;
16;16;1;2;305;
2;18;1;2;230;
16;7;1;2;75;
13;1;1;2;296;
9;18;1;2;288;
16;10;1;2;325;
7;19;1;2;71;
14;20;1;2;262;
8;5;1;2;304;
16;4;1;2;315;
4;19;1;2;244;
4;11;1;2;364;
16;4;1;2;308;
1;2;1;2;92;
2;8;1;2;207;
1;14;1;2;184;
1;1;5;440
2;1;9;606
3;1;9;386
4;1;2;160
5;1;19;478
6;1;18;413
7;1;6;679
8;1;7;579
9;1;18;539
10;1;12;229
11;1;13;176
12;1;11;631
13;1;9;526
14;1;12;202
15;1;11;164
16;1;9;122
17;1;12;447
18;1;18;292
19;1;4;85
20;1;14;510
21;1;1;468
22;1;12;728
*** EOF ***