**** 11 ****
50
37;32;1;2;859;
34;46;1;2;276;
35;34;1;2;390;
38;38;1;2;642;
47;36;1;2;58;
40;33;1;2;911;
49;37;1;2;403;
33;35;1;2;5;
39;37;1;2;257;
38;41;1;2;355;
38;40;1;2;103;
49;32;1;2;455;
46;34;1;2;711;
48;34;1;2;253;
36;41;1;2;172;
49;34;1;2;618;
37;39;1;2;149;
48;40;1;2;583;
33;37;1;2;816;
32;34;1;2;37;
45;36;1;2;711;
43;38;1;2;180;
32;43;1;2;886;
39;43;1;2;889;
47;31;1;2;136;
41;42;1;2;307;
40;47;1;2;766;
35;40;1;2;543;
40;49;1;2;992;
34;35;1;2;89;
44;35;1;2;34;
43;35;1;2;1014;
44;41;1;2;380;
35;48;1;2;687;
40;32;1;2;97;
34;40;1;2;828;
47;33;1;2;268;
49;49;1;2;824;
46;46;1;2;226;
41;40;1;2;423;
43;38;1;2;51;
40;40;1;2;556;
48;41;1;2;845;
37;38;1;2;1047;
33;44;1;2;300;
50;48;1;2;725;
31;44;1;2;446;
38;35;1;2;98;
50;42;1;2;651;
31;48;1;2;979;
1;1;12;688
2;1;6;1147
3;1;1;1026
4;1;8;2043
5;1;2;486
6;1;11;1640
7;1;5;1852
8;1;17;1091
9;1;7;1203
10;1;16;515
11;1;9;714
12;1;3;814
13;1;1;1184
*** EOF ***