**** 0 ****
50
36;36;1;2;537;
32;37;1;2;163;
29;22;1;2;645;
36;27;1;2;210;
26;27;1;2;604;
36;37;1;2;589;
31;37;1;2;97;
38;31;1;2;546;
23;29;1;2;556;
39;27;1;2;65;
33;31;1;2;321;
29;37;1;2;761;
22;27;1;2;808;
29;22;1;2;144;
24;24;1;2;572;
36;40;1;2;630;
29;40;1;2;656;
28;33;1;2;484;
38;28;1;2;151;
34;23;1;2;304;
38;23;1;2;96;
38;21;1;2;667;
35;30;1;2;175;
21;32;1;2;457;
25;33;1;2;771;
35;27;1;2;797;
32;39;1;2;518;
32;27;1;2;78;
23;26;1;2;238;
36;31;1;2;825;
31;34;1;2;782;
39;22;1;2;400;
34;30;1;2;417;
26;31;1;2;641;
23;38;1;2;283;
33;29;1;2;524;
39;35;1;2;239;
31;39;1;2;765;
21;32;1;2;124;
21;24;1;2;261;
33;28;1;2;110;
38;29;1;2;764;
32;23;1;2;699;
21;35;1;2;713;
23;22;1;2;671;
28;37;1;2;310;
26;29;1;2;261;
27;26;1;2;155;
25;38;1;2;275;
24;22;1;2;445;
1;1;19;123
2;1;19;794
3;1;2;1394
4;1;13;1400
5;1;13;575
6;1;15;272
7;1;11;230
8;1;2;1628
9;1;2;914
10;1;10;441
11;1;20;1448
12;1;10;451
13;1;10;1496
*** EOF ***