**** 12 ****
50
54;56;1;2;440;
68;67;1;2;699;
60;70;1;2;983;
53;64;1;2;38;
52;68;1;2;506;
64;56;1;2;974;
57;55;1;2;626;
62;68;1;2;1169;
66;58;1;2;106;
70;68;1;2;350;
62;70;1;2;275;
67;64;1;2;696;
60;64;1;2;1182;
55;67;1;2;1033;
51;60;1;2;739;
64;65;1;2;663;
54;70;1;2;887;
55;51;1;2;662;
65;66;1;2;635;
70;55;1;2;1175;
59;60;1;2;840;
58;53;1;2;1225;
53;68;1;2;1210;
69;60;1;2;103;
70;65;1;2;75;
66;64;1;2;726;
56;55;1;2;885;
59;67;1;2;1013;
58;61;1;2;1472;
62;64;1;2;925;
54;60;1;2;918;
64;59;1;2;161;
62;70;1;2;203;
68;62;1;2;851;
59;60;1;2;436;
68;59;1;2;181;
61;69;1;2;407;
52;66;1;2;1486;
61;52;1;2;678;
59;67;1;2;1123;
51;51;1;2;405;
70;57;1;2;881;
68;62;1;2;1461;
51;61;1;2;698;
69;64;1;2;472;
54;53;1;2;639;
54;64;1;2;759;
60;60;1;2;904;
60;57;1;2;834;
55;66;1;2;1290;
1;1;8;2868
2;1;2;1049
3;1;1;2785
4;1;1;2971
5;1;18;2327
6;1;11;713
7;1;12;273
8;1;16;2433
9;1;4;2279
10;1;20;1459
11;1;17;3034
12;1;9;2193
13;1;19;2213
*** EOF ***