**** 1 ****
50
49;36;1;2;527;
34;32;1;2;77;
44;38;1;2;304;
31;44;1;2;972;
35;43;1;2;483;
32;35;1;2;49;
44;33;1;2;433;
43;37;1;2;1029;
43;48;1;2;790;
44;50;1;2;58;
34;35;1;2;808;
31;31;1;2;588;
50;32;1;2;546;
40;47;1;2;93;
31;39;1;2;108;
45;33;1;2;351;
48;37;1;2;289;
31;33;1;2;839;
32;38;1;2;902;
49;45;1;2;360;
32;47;1;2;521;
40;36;1;2;366;
31;41;1;2;358;
34;43;1;2;731;
37;49;1;2;906;
48;40;1;2;97;
34;40;1;2;309;
40;41;1;2;426;
32;31;1;2;526;
48;37;1;2;337;
45;38;1;2;691;
43;50;1;2;889;
43;50;1;2;189;
40;33;1;2;573;
40;35;1;2;343;
42;44;1;2;371;
34;45;1;2;275;
39;34;1;2;907;
46;34;1;2;659;
38;31;1;2;483;
32;35;1;2;102;
49;34;1;2;647;
34;50;1;2;835;
34;32;1;2;674;
36;48;1;2;319;
32;32;1;2;598;
33;37;1;2;932;
33;50;1;2;939;
49;34;1;2;954;
43;45;1;2;485;
1;1;10;1956
2;1;2;1175
3;1;4;1529
4;1;13;751
5;1;17;444
6;1;16;1542
7;1;11;644
8;1;3;1072
9;1;12;1805
10;1;8;958
11;1;9;1271
12;1;1;1520
13;1;19;195
*** EOF ***