**** 18 ****
50
16;4;1;2;64;
19;16;1;2;25;
10;11;1;2;112;
4;6;1;2;291;
15;13;1;2;48;
12;11;1;2;409;
4;7;1;2;56;
12;13;1;2;240;
17;14;1;2;76;
10;7;1;2;392;
10;12;1;2;397;
2;9;1;2;118;
6;20;1;2;347;
10;19;1;2;89;
4;1;1;2;100;
10;1;1;2;355;
3;18;1;2;390;
3;18;1;2;262;
1;9;1;2;27;
18;7;1;2;19;
13;10;1;2;251;
3;9;1;2;339;
1;2;1;2;11;
10;6;1;2;26;
5;1;1;2;135;
7;12;1;2;193;
20;18;1;2;53;
8;12;1;2;38;
10;18;1;2;157;
1;1;1;2;188;
16;12;1;2;289;
20;16;1;2;182;
20;18;1;2;182;
10;3;1;2;432;
17;11;1;2;303;
20;9;1;2;340;
15;10;1;2;277;
8;1;1;2;137;
12;13;1;2;203;
17;5;1;2;407;
5;8;1;2;213;
11;13;1;2;169;
14;12;1;2;96;
13;3;1;2;415;
5;14;1;2;150;
9;5;1;2;352;
3;10;1;2;337;
18;5;1;2;334;
2;7;1;2;364;
6;8;1;2;364;
1;1;22;282
2;1;29;204
3;1;36;126
4;1;32;496
5;1;29;782
6;1;24;374
7;1;34;554
8;1;22;167
9;1;31;80
10;1;37;415
11;1;24;655
12;1;33;608
13;1;26;53
*** EOF ***