**** 19 ****
50
50;46;1;2;1238;
60;49;1;2;1066;
49;60;1;2;1056;
47;41;1;2;484;
58;48;1;2;573;
56;50;1;2;669;
44;51;1;2;510;
47;55;1;2;1308;
46;42;1;2;1031;
56;45;1;2;573;
48;43;1;2;775;
52;60;1;2;1148;
46;41;1;2;257;
52;43;1;2;365;
53;57;1;2;606;
41;44;1;2;1115;
42;52;1;2;1197;
50;58;1;2;945;
54;54;1;2;1273;
48;52;1;2;928;
51;46;1;2;1115;
57;51;1;2;1064;
51;45;1;2;26;
42;51;1;2;24;
59;52;1;2;760;
58;50;1;2;553;
59;49;1;2;1047;
50;46;1;2;1187;
55;56;1;2;846;
47;42;1;2;53;
50;42;1;2;901;
57;55;1;2;382;
51;45;1;2;959;
43;43;1;2;455;
51;60;1;2;264;
43;46;1;2;1056;
42;57;1;2;1044;
50;56;1;2;1245;
42;52;1;2;405;
52;59;1;2;701;
45;47;1;2;981;
55;56;1;2;1053;
41;41;1;2;503;
52;44;1;2;1263;
49;45;1;2;721;
48;58;1;2;909;
46;60;1;2;438;
50;41;1;2;725;
51;54;1;2;179;
47;53;1;2;321;
1;1;16;515
2;1;13;306
3;1;6;1376
4;1;9;67
5;1;13;2285
6;1;18;1779
7;1;13;2022
8;1;2;167
9;1;1;2308
10;1;2;2459
11;1;19;1159
12;1;7;2565
13;1;8;92
*** EOF ***