**** 5 ****
50
11;9;1;2;122;
7;17;1;2;145;
2;2;1;2;370;
6;10;1;2;427;
5;5;1;2;40;
14;17;1;2;494;
1;4;1;2;57;
8;19;1;2;245;
12;15;1;2;561;
9;2;1;2;162;
7;2;1;2;120;
7;14;1;2;296;
12;5;1;2;270;
15;2;1;2;538;
7;5;1;2;464;
4;15;1;2;259;
4;12;1;2;184;
17;16;1;2;341;
7;14;1;2;284;
19;2;1;2;146;
2;10;1;2;585;
17;4;1;2;100;
16;11;1;2;147;
8;13;1;2;394;
11;19;1;2;383;
11;18;1;2;228;
18;4;1;2;128;
12;8;1;2;82;
7;5;1;2;611;
10;15;1;2;47;
11;17;1;2;463;
20;3;1;2;124;
18;6;1;2;171;
11;6;1;2;622;
16;20;1;2;382;
9;6;1;2;148;
2;16;1;2;169;
20;4;1;2;228;
7;12;1;2;413;
8;6;1;2;70;
20;6;1;2;19;
18;1;1;2;183;
2;2;1;2;597;
12;12;1;2;187;
20;6;1;2;365;
13;15;1;2;242;
20;10;1;2;546;
15;9;1;2;626;
12;10;1;2;119;
12;3;1;2;131;
1;1;62;304
2;1;62;696
3;1;63;597
4;1;56;1093
5;1;52;374
6;1;66;1026
7;1;57;1251
8;1;69;99
9;1;70;224
10;1;55;766
11;1;58;1178
12;1;62;474
13;1;51;844
*** EOF ***