**** 1 ****
50
16;20;1;2;47;
7;1;1;2;346;
12;10;1;2;493;
5;16;1;2;81;
12;7;1;2;39;
8;10;1;2;560;
5;19;1;2;370;
15;11;1;2;535;
2;13;1;2;677;
3;5;1;2;353;
10;7;1;2;441;
3;16;1;2;679;
2;13;1;2;328;
4;16;1;2;586;
9;9;1;2;364;
20;8;1;2;58;
10;17;1;2;637;
11;3;1;2;608;
13;11;1;2;613;
16;17;1;2;125;
3;14;1;2;382;
8;11;1;2;360;
5;8;1;2;666;
18;5;1;2;605;
7;2;1;2;98;
12;20;1;2;658;
3;7;1;2;14;
13;14;1;2;287;
20;6;1;2;231;
5;19;1;2;241;
12;20;1;2;59;
7;13;1;2;645;
6;18;1;2;475;
17;6;1;2;574;
12;11;1;2;72;
9;20;1;2;604;
7;2;1;2;607;
15;17;1;2;12;
6;16;1;2;312;
9;3;1;2;269;
4;15;1;2;221;
11;19;1;2;108;
13;2;1;2;68;
15;11;1;2;333;
15;9;1;2;39;
17;5;1;2;675;
5;10;1;2;354;
11;11;1;2;544;
1;9;1;2;507;
20;8;1;2;511;
1;1;70;326
2;1;65;856
3;1;68;1274
4;1;70;939
5;1;74;598
6;1;73;760
7;1;62;405
8;1;78;1043
9;1;62;189
10;1;74;106
11;1;80;1363
12;1;67;517
13;1;68;1133
*** EOF ***