**** 3 ****
50
61;62;1;2;1381;
52;54;1;2;1115;
67;60;1;2;911;
52;69;1;2;282;
67;52;1;2;763;
66;51;1;2;432;
51;51;1;2;1190;
64;52;1;2;800;
52;58;1;2;749;
60;56;1;2;897;
52;55;1;2;1342;
57;62;1;2;89;
56;53;1;2;231;
69;65;1;2;1197;
52;63;1;2;1458;
56;53;1;2;429;
69;68;1;2;1458;
70;58;1;2;551;
57;70;1;2;418;
69;54;1;2;1274;
51;64;1;2;1046;
59;56;1;2;1176;
70;59;1;2;56;
57;59;1;2;423;
63;65;1;2;1290;
70;60;1;2;666;
69;69;1;2;735;
66;62;1;2;781;
53;68;1;2;914;
52;54;1;2;199;
51;59;1;2;995;
67;60;1;2;1230;
63;59;1;2;98;
68;55;1;2;385;
64;67;1;2;452;
66;63;1;2;1449;
62;57;1;2;852;
64;60;1;2;931;
57;56;1;2;185;
64;57;1;2;436;
62;57;1;2;1418;
64;56;1;2;1414;
54;64;1;2;1319;
58;56;1;2;1108;
58;58;1;2;1418;
51;51;1;2;559;
54;55;1;2;492;
52;66;1;2;1489;
60;70;1;2;261;
61;51;1;2;1550;
1;1;17;1122
2;1;2;1704
3;1;14;2058
4;1;18;2024
5;1;17;2328
6;1;13;1260
7;1;9;1365
8;1;9;96
9;1;4;400
10;1;14;1809
11;1;19;535
12;1;12;728
13;1;3;3108
*** EOF ***