**** 5 ****
50
46;47;1;2;1109;
46;41;1;2;1027;
44;58;1;2;699;
42;58;1;2;359;
60;52;1;2;439;
43;53;1;2;1212;
47;44;1;2;742;
47;56;1;2;919;
59;57;1;2;730;
47;51;1;2;492;
45;45;1;2;767;
43;57;1;2;642;
50;44;1;2;78;
48;46;1;2;1061;
51;50;1;2;706;
46;45;1;2;818;
54;59;1;2;33;
56;58;1;2;1217;
49;49;1;2;35;
58;44;1;2;89;
60;60;1;2;50;
48;51;1;2;818;
51;48;1;2;856;
57;44;1;2;912;
42;52;1;2;1291;
48;46;1;2;1300;
48;60;1;2;1258;
49;45;1;2;945;
44;46;1;2;390;
59;49;1;2;827;
50;58;1;2;432;
44;56;1;2;355;
60;60;1;2;614;
43;46;1;2;791;
50;47;1;2;866;
41;60;1;2;901;
58;47;1;2;1115;
47;52;1;2;818;
47;47;1;2;1213;
54;59;1;2;381;
58;49;1;2;237;
47;45;1;2;444;
41;59;1;2;1120;
59;50;1;2;267;
44;53;1;2;1203;
42;59;1;2;499;
53;41;1;2;736;
43;41;1;2;1218;
59;50;1;2;1225;
55;43;1;2;875;
1;1;1;1477
2;1;20;2357
3;1;7;1507
4;1;13;1929
5;1;16;801
6;1;6;1748
7;1;6;469
8;1;19;524
9;1;5;1205
10;1;8;554
11;1;20;2101
12;1;17;1871
13;1;1;2613
*** EOF ***