**** 0 ****
50
40;47;1;2;1063;
45;47;1;2;919;
47;40;1;2;339;
43;46;1;2;361;
43;34;1;2;454;
42;34;1;2;951;
50;49;1;2;281;
31;35;1;2;1010;
41;37;1;2;917;
49;44;1;2;134;
48;33;1;2;545;
44;31;1;2;1097;
35;49;1;2;725;
39;49;1;2;1;
39;50;1;2;580;
46;40;1;2;1119;
40;41;1;2;609;
49;47;1;2;1112;
35;42;1;2;509;
38;34;1;2;907;
32;33;1;2;645;
44;34;1;2;523;
46;39;1;2;950;
40;44;1;2;131;
44;42;1;2;23;
40;36;1;2;911;
49;46;1;2;518;
49;33;1;2;702;
46;49;1;2;218;
31;49;1;2;291;
33;46;1;2;469;
40;42;1;2;1103;
42;35;1;2;971;
43;31;1;2;101;
47;43;1;2;945;
38;40;1;2;838;
32;49;1;2;386;
32;40;1;2;510;
35;47;1;2;626;
37;50;1;2;914;
39;48;1;2;725;
47;44;1;2;98;
44;31;1;2;263;
39;46;1;2;162;
40;43;1;2;63;
48;42;1;2;482;
49;44;1;2;1082;
45;45;1;2;964;
36;48;1;2;806;
48;33;1;2;1020;
1;1;10;1651
2;1;13;1997
3;1;10;1900
4;1;14;1311
5;1;12;893
6;1;11;205
7;1;7;719
8;1;19;495
9;1;8;2118
10;1;11;1140
11;1;16;1789
12;1;20;30
13;1;20;249
*** EOF ***