**** 12 ****
50
4;20;1;2;74;
14;3;1;2;316;
4;15;1;2;363;
8;17;1;2;104;
10;6;1;2;412;
9;6;1;2;14;
6;18;1;2;79;
8;7;1;2;473;
19;1;1;2;188;
6;20;1;2;101;
13;8;1;2;343;
17;9;1;2;258;
5;4;1;2;291;
9;4;1;2;391;
6;15;1;2;348;
11;7;1;2;455;
17;14;1;2;426;
18;14;1;2;504;
2;8;1;2;434;
6;17;1;2;414;
14;19;1;2;406;
1;12;1;2;233;
9;18;1;2;460;
15;16;1;2;518;
16;19;1;2;517;
6;18;1;2;304;
3;2;1;2;257;
6;4;1;2;74;
16;2;1;2;243;
11;14;1;2;427;
2;20;1;2;191;
7;1;1;2;251;
18;19;1;2;197;
12;11;1;2;436;
17;17;1;2;13;
1;16;1;2;443;
1;18;1;2;296;
12;1;1;2;177;
17;4;1;2;52;
17;3;1;2;153;
5;15;1;2;96;
17;11;1;2;301;
12;3;1;2;494;
19;12;1;2;173;
7;3;1;2;452;
15;8;1;2;244;
20;6;1;2;428;
4;2;1;2;21;
15;13;1;2;502;
4;15;1;2;468;
1;1;45;377
2;1;42;986
3;1;46;288
4;1;36;723
5;1;39;573
6;1;44;172
7;1;32;685
8;1;48;430
9;1;38;53
10;1;50;887
11;1;34;341
12;1;31;944
13;1;41;801
*** EOF ***