**** 11 ****
50
68;65;1;2;472;
52;64;1;2;628;
65;51;1;2;842;
55;61;1;2;717;
56;59;1;2;1143;
61;56;1;2;811;
61;62;1;2;1113;
66;64;1;2;332;
58;61;1;2;621;
55;58;1;2;657;
68;54;1;2;67;
60;66;1;2;997;
69;58;1;2;515;
64;63;1;2;517;
70;62;1;2;760;
61;63;1;2;651;
56;69;1;2;570;
57;61;1;2;1131;
67;63;1;2;1208;
60;62;1;2;1232;
64;57;1;2;851;
69;64;1;2;1160;
55;62;1;2;309;
63;61;1;2;1213;
64;54;1;2;487;
62;55;1;2;1405;
70;56;1;2;284;
58;60;1;2;837;
67;53;1;2;1179;
58;52;1;2;1427;
66;62;1;2;458;
52;63;1;2;1048;
58;52;1;2;408;
67;69;1;2;983;
60;52;1;2;674;
65;57;1;2;749;
63;54;1;2;1001;
65;63;1;2;504;
51;68;1;2;461;
59;53;1;2;972;
51;70;1;2;1444;
62;59;1;2;1520;
62;53;1;2;1373;
55;56;1;2;760;
58;57;1;2;446;
53;60;1;2;1229;
51;51;1;2;478;
66;65;1;2;795;
63;59;1;2;365;
52;59;1;2;1534;
1;1;7;2763
2;1;15;1514
3;1;10;1991
4;1;13;1615
5;1;1;902
6;1;13;1637
7;1;11;1073
8;1;3;2968
9;1;13;707
10;1;10;234
11;1;7;2638
12;1;15;1138
13;1;20;1837
*** EOF ***