**** 4 ****
50
10;3;1;2;447;
7;8;1;2;522;
2;11;1;2;526;
13;8;1;2;324;
11;6;1;2;642;
11;16;1;2;576;
15;17;1;2;586;
2;6;1;2;51;
4;11;1;2;200;
8;3;1;2;93;
7;13;1;2;426;
11;2;1;2;536;
19;16;1;2;183;
7;2;1;2;635;
9;20;1;2;363;
7;14;1;2;429;
4;17;1;2;290;
13;6;1;2;9;
2;10;1;2;297;
16;15;1;2;566;
5;16;1;2;260;
20;17;1;2;463;
20;14;1;2;535;
1;13;1;2;480;
15;4;1;2;96;
13;1;1;2;97;
19;20;1;2;615;
5;4;1;2;439;
12;13;1;2;327;
1;15;1;2;49;
7;17;1;2;540;
8;2;1;2;606;
2;18;1;2;164;
7;13;1;2;343;
10;13;1;2;300;
16;13;1;2;118;
18;10;1;2;669;
8;5;1;2;358;
7;5;1;2;256;
12;5;1;2;492;
10;14;1;2;423;
12;12;1;2;282;
13;12;1;2;188;
5;8;1;2;274;
1;12;1;2;487;
2;15;1;2;498;
7;7;1;2;495;
20;7;1;2;648;
18;4;1;2;551;
3;10;1;2;297;
1;1;80;326
2;1;64;591
3;1;71;1155
4;1;77;440
5;1;65;143
6;1;68;809
7;1;62;1226
8;1;63;698
9;1;67;1317
10;1;66;229
11;1;61;1072
12;1;65;987
13;1;70;914
*** EOF ***