**** 7 ****
50
19;13;1;2;475;
1;15;1;2;346;
12;7;1;2;465;
5;15;1;2;102;
14;12;1;2;249;
7;19;1;2;217;
14;11;1;2;399;
3;2;1;2;28;
4;15;1;2;141;
11;17;1;2;559;
12;9;1;2;363;
1;2;1;2;583;
15;2;1;2;138;
7;6;1;2;233;
10;18;1;2;353;
6;7;1;2;307;
9;16;1;2;375;
8;11;1;2;80;
8;11;1;2;37;
2;5;1;2;173;
11;12;1;2;396;
13;13;1;2;76;
7;20;1;2;372;
18;1;1;2;184;
2;2;1;2;136;
3;13;1;2;183;
18;3;1;2;567;
13;10;1;2;352;
18;16;1;2;166;
15;18;1;2;461;
19;7;1;2;515;
13;19;1;2;425;
18;2;1;2;22;
16;20;1;2;50;
1;5;1;2;272;
1;1;1;2;137;
16;14;1;2;488;
15;20;1;2;345;
19;14;1;2;571;
12;1;1;2;6;
1;1;1;2;107;
11;15;1;2;284;
17;14;1;2;449;
6;19;1;2;321;
13;8;1;2;397;
8;17;1;2;507;
1;9;1;2;49;
4;8;1;2;26;
3;19;1;2;340;
7;15;1;2;556;
1;1;53;645
2;1;57;327
3;1;41;1177
4;1;54;941
5;1;57;1111
6;1;58;1004
7;1;51;134
8;1;46;745
9;1;51;831
10;1;51;237
11;1;55;59
12;1;60;416
13;1;58;544
*** EOF ***