**** 7 ****
50
65;73;1;2;1837;
65;68;1;2;1221;
66;76;1;2;1625;
80;68;1;2;1258;
78;73;1;2;479;
75;80;1;2;1253;
62;72;1;2;1739;
79;73;1;2;610;
71;72;1;2;479;
73;78;1;2;1010;
65;64;1;2;1773;
66;61;1;2;1657;
62;65;1;2;919;
78;75;1;2;1679;
72;75;1;2;953;
62;70;1;2;1463;
62;75;1;2;973;
64;62;1;2;1319;
79;75;1;2;389;
75;71;1;2;669;
72;79;1;2;274;
71;64;1;2;734;
73;80;1;2;170;
78;66;1;2;385;
64;71;1;2;310;
77;63;1;2;1579;
63;69;1;2;1458;
73;67;1;2;494;
71;65;1;2;1038;
75;80;1;2;1641;
73;73;1;2;189;
78;68;1;2;1805;
69;74;1;2;338;
77;77;1;2;990;
78;80;1;2;875;
76;79;1;2;1797;
75;76;1;2;1347;
64;67;1;2;232;
72;72;1;2;801;
61;68;1;2;1831;
62;65;1;2;1382;
80;62;1;2;150;
73;68;1;2;1241;
74;70;1;2;1074;
72;80;1;2;1623;
78;65;1;2;503;
75;63;1;2;793;
64;80;1;2;486;
75;76;1;2;537;
71;62;1;2;685;
1;1;9;153
2;1;19;1531
3;1;10;2692
4;1;12;721
5;1;17;116
6;1;2;2019
7;1;16;2937
8;1;20;2061
9;1;10;2969
10;1;2;323
11;1;5;237
12;1;6;1060
13;1;14;1850
*** EOF ***