**** 0 ****
50
6;5;1;2;500;
18;8;1;2;255;
8;19;1;2;268;
18;18;1;2;563;
15;2;1;2;265;
6;3;1;2;412;
6;5;1;2;628;
9;14;1;2;673;
14;11;1;2;160;
20;2;1;2;577;
3;15;1;2;557;
20;13;1;2;40;
10;3;1;2;4;
15;10;1;2;559;
2;4;1;2;611;
7;10;1;2;629;
1;2;1;2;518;
13;12;1;2;621;
17;1;1;2;271;
2;2;1;2;202;
14;11;1;2;410;
16;2;1;2;340;
13;19;1;2;643;
1;14;1;2;613;
6;14;1;2;662;
8;7;1;2;10;
5;4;1;2;89;
5;16;1;2;605;
14;8;1;2;177;
8;11;1;2;677;
13;20;1;2;46;
3;13;1;2;22;
15;4;1;2;479;
5;1;1;2;105;
4;11;1;2;331;
16;15;1;2;99;
11;13;1;2;145;
1;19;1;2;150;
12;19;1;2;573;
7;12;1;2;580;
9;1;1;2;304;
5;13;1;2;31;
4;14;1;2;282;
3;18;1;2;626;
2;17;1;2;51;
18;6;1;2;69;
10;18;1;2;523;
3;7;1;2;276;
5;4;1;2;166;
20;11;1;2;174;
1;1;67;1292
2;1;72;993
3;1;65;604
4;1;72;317
5;1;61;417
6;1;62;916
7;1;62;1068
8;1;67;74
9;1;70;205
10;1;73;1132
11;1;78;694
12;1;78;788
13;1;63;497
*** EOF ***