**** 6 ****
50
64;76;1;2;1565;
79;71;1;2;1146;
75;68;1;2;463;
65;64;1;2;1457;
76;73;1;2;1160;
79;74;1;2;1003;
71;70;1;2;1660;
61;65;1;2;1081;
68;71;1;2;473;
79;79;1;2;650;
64;73;1;2;559;
64;65;1;2;1679;
67;74;1;2;1177;
78;73;1;2;1774;
64;71;1;2;332;
70;78;1;2;1625;
78;78;1;2;668;
66;80;1;2;1377;
79;79;1;2;437;
65;71;1;2;1765;
79;62;1;2;829;
74;68;1;2;1638;
64;79;1;2;1448;
80;67;1;2;1265;
61;79;1;2;587;
65;78;1;2;523;
72;79;1;2;57;
76;78;1;2;1226;
67;68;1;2;482;
73;79;1;2;769;
68;78;1;2;1532;
79;74;1;2;615;
65;78;1;2;771;
71;71;1;2;985;
63;75;1;2;1162;
75;64;1;2;1371;
65;76;1;2;1797;
68;66;1;2;396;
74;76;1;2;1806;
65;78;1;2;282;
62;66;1;2;128;
73;80;1;2;1311;
66;80;1;2;948;
62;73;1;2;1266;
72;72;1;2;1809;
71;72;1;2;488;
66;62;1;2;491;
62;64;1;2;934;
79;79;1;2;349;
76;61;1;2;402;
1;1;16;3025
2;1;10;1401
3;1;13;1888
4;1;10;758
5;1;6;2082
6;1;17;1376
7;1;8;584
8;1;17;2680
9;1;8;845
10;1;9;1258
11;1;8;35
12;1;10;719
13;1;19;963
*** EOF ***