**** 17 ****
50
15;4;1;2;10;
19;5;1;2;140;
15;13;1;2;309;
13;5;1;2;212;
7;17;1;2;262;
5;18;1;2;391;
2;6;1;2;326;
18;8;1;2;102;
3;19;1;2;290;
5;12;1;2;347;
9;2;1;2;240;
20;4;1;2;171;
14;8;1;2;50;
1;16;1;2;435;
2;13;1;2;60;
20;8;1;2;97;
7;19;1;2;108;
6;19;1;2;287;
14;2;1;2;359;
15;3;1;2;30;
12;19;1;2;66;
6;14;1;2;45;
10;6;1;2;1;
11;2;1;2;181;
12;1;1;2;444;
7;1;1;2;71;
16;17;1;2;150;
7;7;1;2;4;
9;20;1;2;202;
15;3;1;2;410;
1;6;1;2;339;
18;11;1;2;222;
18;20;1;2;395;
20;5;1;2;102;
16;10;1;2;221;
15;3;1;2;408;
3;5;1;2;190;
5;9;1;2;387;
9;9;1;2;374;
3;9;1;2;366;
14;1;1;2;424;
15;14;1;2;442;
13;19;1;2;208;
8;13;1;2;374;
12;19;1;2;369;
16;20;1;2;341;
10;11;1;2;149;
8;9;1;2;395;
12;10;1;2;350;
2;19;1;2;318;
1;1;36;834
2;1;26;412
3;1;22;442
4;1;22;687
5;1;29;274
6;1;25;474
7;1;38;325
8;1;37;569
9;1;26;661
10;1;30;891
11;1;22;630
12;1;38;764
13;1;23;522
*** EOF ***