**** 18 ****
50
10;16;1;2;219;
4;16;1;2;215;
2;8;1;2;75;
5;4;1;2;441;
16;19;1;2;415;
9;1;1;2;445;
13;18;1;2;478;
15;18;1;2;575;
14;4;1;2;525;
10;16;1;2;388;
7;16;1;2;341;
12;13;1;2;362;
13;16;1;2;42;
18;8;1;2;121;
20;20;1;2;546;
6;3;1;2;139;
4;13;1;2;251;
5;9;1;2;440;
10;7;1;2;423;
12;11;1;2;551;
13;16;1;2;6;
18;19;1;2;387;
20;16;1;2;24;
2;3;1;2;565;
17;16;1;2;101;
9;14;1;2;89;
14;15;1;2;395;
18;5;1;2;25;
3;15;1;2;316;
15;8;1;2;207;
15;20;1;2;511;
9;17;1;2;537;
19;5;1;2;139;
19;17;1;2;159;
12;14;1;2;553;
11;4;1;2;300;
20;9;1;2;405;
11;17;1;2;229;
13;17;1;2;150;
10;17;1;2;107;
9;9;1;2;354;
17;9;1;2;16;
18;15;1;2;279;
15;2;1;2;528;
7;11;1;2;160;
5;6;1;2;495;
20;17;1;2;534;
4;8;1;2;353;
1;13;1;2;204;
4;4;1;2;360;
1;1;42;339
2;1;55;609
3;1;42;838
4;1;45;1015
5;1;44;238
6;1;59;178
7;1;49;1167
8;1;58;898
9;1;41;1109
10;1;50;491
11;1;56;772
12;1;51;699
13;1;45;555
*** EOF ***