**** 7 ****
50
53;70;1;2;480;
55;51;1;2;1074;
56;62;1;2;1482;
62;60;1;2;1198;
59;51;1;2;1118;
58;59;1;2;865;
53;60;1;2;446;
55;56;1;2;1220;
60;59;1;2;647;
65;68;1;2;1021;
63;51;1;2;189;
61;69;1;2;867;
64;64;1;2;778;
62;64;1;2;540;
66;53;1;2;841;
57;52;1;2;446;
59;68;1;2;691;
55;54;1;2;1323;
65;52;1;2;377;
65;58;1;2;1454;
57;67;1;2;1025;
62;57;1;2;892;
59;58;1;2;270;
65;53;1;2;1366;
69;57;1;2;1259;
54;69;1;2;844;
58;56;1;2;926;
55;60;1;2;97;
60;51;1;2;1486;
60;57;1;2;1396;
65;70;1;2;556;
55;61;1;2;1055;
64;67;1;2;396;
53;65;1;2;1048;
65;60;1;2;1025;
54;60;1;2;1254;
53;53;1;2;82;
60;54;1;2;994;
55;61;1;2;350;
70;58;1;2;1229;
62;53;1;2;692;
58;63;1;2;1433;
60;55;1;2;705;
59;66;1;2;253;
58;63;1;2;691;
55;54;1;2;1116;
60;57;1;2;1316;
65;70;1;2;638;
64;59;1;2;373;
63;63;1;2;1491;
1;1;6;2664
2;1;14;1231
3;1;17;1408
4;1;7;544
5;1;20;1065
6;1;14;2324
7;1;15;863
8;1;7;148
9;1;20;2575
10;1;14;3135
11;1;8;1967
12;1;5;416
13;1;19;809
*** EOF ***