**** 9 ****
50
13;17;1;2;209;
20;18;1;2;340;
11;18;1;2;125;
25;25;1;2;204;
24;19;1;2;241;
21;25;1;2;19;
29;19;1;2;45;
18;29;1;2;447;
29;23;1;2;1;
21;15;1;2;548;
11;28;1;2;117;
28;30;1;2;249;
19;25;1;2;575;
30;12;1;2;114;
24;18;1;2;338;
14;18;1;2;134;
15;23;1;2;514;
21;13;1;2;194;
28;17;1;2;359;
29;29;1;2;549;
20;13;1;2;520;
28;12;1;2;311;
30;25;1;2;572;
20;20;1;2;550;
27;21;1;2;186;
19;16;1;2;607;
16;21;1;2;326;
26;24;1;2;287;
22;29;1;2;211;
29;17;1;2;511;
20;26;1;2;460;
28;13;1;2;90;
23;20;1;2;612;
25;27;1;2;323;
28;14;1;2;432;
12;23;1;2;223;
18;14;1;2;584;
30;20;1;2;99;
21;22;1;2;128;
26;12;1;2;187;
26;15;1;2;446;
13;12;1;2;537;
17;22;1;2;185;
11;16;1;2;164;
20;19;1;2;244;
24;25;1;2;287;
24;25;1;2;557;
25;23;1;2;324;
24;15;1;2;404;
21;28;1;2;317;
1;1;19;946
2;1;3;1008
3;1;5;1046
4;1;8;678
5;1;18;923
6;1;17;1110
7;1;6;89
8;1;1;264
9;1;8;629
10;1;7;733
11;1;4;512
12;1;11;455
13;1;14;834
*** EOF ***