**** 18 ****
50
16;24;1;2;62;
18;25;1;2;446;
23;26;1;2;105;
12;28;1;2;140;
12;19;1;2;107;
25;18;1;2;133;
28;30;1;2;85;
23;11;1;2;300;
21;18;1;2;228;
28;30;1;2;498;
30;20;1;2;175;
25;14;1;2;552;
11;25;1;2;253;
15;19;1;2;367;
26;17;1;2;76;
12;19;1;2;287;
14;11;1;2;501;
30;17;1;2;523;
19;26;1;2;438;
11;12;1;2;3;
30;16;1;2;328;
22;24;1;2;89;
13;20;1;2;428;
20;28;1;2;29;
26;30;1;2;88;
16;25;1;2;227;
16;13;1;2;423;
26;18;1;2;9;
30;25;1;2;188;
23;18;1;2;36;
17;16;1;2;531;
30;17;1;2;77;
23;27;1;2;109;
26;20;1;2;210;
21;23;1;2;164;
22;13;1;2;159;
15;30;1;2;99;
13;11;1;2;466;
27;23;1;2;261;
23;17;1;2;445;
25;28;1;2;162;
23;21;1;2;311;
26;15;1;2;317;
28;14;1;2;82;
18;13;1;2;557;
25;22;1;2;10;
20;14;1;2;167;
12;21;1;2;38;
15;17;1;2;128;
21;15;1;2;202;
1;1;3;358
2;1;9;312
3;1;5;405
4;1;6;1105
5;1;16;873
6;1;17;363
7;1;15;460
8;1;16;841
9;1;11;581
10;1;1;1119
11;1;13;238
12;1;14;384
13;1;2;741
*** EOF ***