**** 3 ****
50
26;20;1;2;186;
16;22;1;2;425;
26;24;1;2;41;
11;22;1;2;396;
13;16;1;2;414;
17;26;1;2;299;
13;19;1;2;555;
11;27;1;2;62;
11;16;1;2;339;
25;12;1;2;86;
20;12;1;2;35;
22;16;1;2;531;
16;20;1;2;455;
26;28;1;2;165;
25;20;1;2;271;
30;11;1;2;91;
21;30;1;2;386;
15;25;1;2;404;
17;19;1;2;312;
20;16;1;2;472;
15;16;1;2;52;
28;22;1;2;349;
21;21;1;2;286;
24;11;1;2;485;
13;30;1;2;282;
29;22;1;2;406;
30;29;1;2;314;
23;24;1;2;281;
14;28;1;2;170;
22;28;1;2;98;
14;22;1;2;11;
17;17;1;2;405;
15;27;1;2;487;
25;14;1;2;445;
15;26;1;2;366;
16;22;1;2;15;
26;26;1;2;540;
12;26;1;2;254;
12;30;1;2;25;
17;12;1;2;317;
25;20;1;2;189;
19;16;1;2;93;
20;17;1;2;385;
22;13;1;2;527;
21;12;1;2;123;
14;23;1;2;217;
24;11;1;2;280;
28;12;1;2;322;
15;14;1;2;416;
24;13;1;2;234;
1;1;6;978
2;1;14;832
3;1;8;993
4;1;11;243
5;1;13;468
6;1;17;213
7;1;6;592
8;1;7;1004
9;1;9;335
10;1;8;942
11;1;8;855
12;1;20;1013
13;1;2;956
*** EOF ***