**** 19 ****
50
6;5;1;2;466;
11;20;1;2;34;
4;5;1;2;327;
15;6;1;2;670;
17;4;1;2;355;
7;8;1;2;209;
8;12;1;2;199;
19;1;1;2;62;
15;6;1;2;70;
14;11;1;2;273;
18;20;1;2;406;
4;18;1;2;175;
10;4;1;2;135;
12;13;1;2;401;
9;6;1;2;188;
13;14;1;2;408;
19;17;1;2;25;
10;20;1;2;100;
15;5;1;2;48;
12;8;1;2;80;
18;18;1;2;549;
17;6;1;2;369;
15;4;1;2;155;
6;7;1;2;36;
9;19;1;2;47;
9;15;1;2;379;
4;5;1;2;529;
10;1;1;2;66;
8;12;1;2;195;
11;5;1;2;204;
2;7;1;2;208;
7;13;1;2;663;
11;14;1;2;354;
7;7;1;2;67;
16;12;1;2;202;
10;13;1;2;38;
1;4;1;2;193;
12;17;1;2;311;
4;18;1;2;6;
10;12;1;2;210;
17;20;1;2;342;
14;15;1;2;130;
12;8;1;2;18;
16;7;1;2;603;
16;11;1;2;341;
17;8;1;2;425;
19;20;1;2;62;
2;19;1;2;605;
8;6;1;2;562;
15;14;1;2;562;
1;1;65;812
2;1;58;694
3;1;60;375
4;1;60;554
5;1;63;1263
6;1;66;1101
7;1;58;932
8;1;56;1186
9;1;64;122
10;1;56;1013
11;1;57;294
12;1;69;204
13;1;67;485
*** EOF ***