**** 10 ****
50
7;18;1;2;593;
3;18;1;2;304;
14;11;1;2;298;
18;12;1;2;253;
6;11;1;2;216;
11;1;1;2;647;
10;13;1;2;410;
11;4;1;2;449;
8;17;1;2;557;
7;16;1;2;179;
9;5;1;2;146;
4;15;1;2;573;
16;18;1;2;251;
1;17;1;2;398;
18;9;1;2;104;
17;11;1;2;444;
5;16;1;2;31;
12;9;1;2;291;
12;15;1;2;155;
15;8;1;2;248;
8;15;1;2;73;
10;18;1;2;210;
14;6;1;2;478;
10;17;1;2;406;
9;2;1;2;480;
6;6;1;2;60;
16;8;1;2;473;
8;1;1;2;461;
6;1;1;2;547;
13;17;1;2;447;
16;10;1;2;153;
4;7;1;2;381;
17;10;1;2;210;
18;19;1;2;379;
8;7;1;2;214;
17;6;1;2;35;
8;20;1;2;456;
10;13;1;2;453;
10;2;1;2;167;
15;19;1;2;407;
11;13;1;2;499;
17;18;1;2;606;
7;5;1;2;16;
13;3;1;2;469;
11;18;1;2;19;
7;9;1;2;40;
7;19;1;2;319;
11;3;1;2;144;
9;14;1;2;375;
14;13;1;2;240;
1;1;57;1218
2;1;54;959
3;1;52;756
4;1;63;427
5;1;63;577
6;1;68;495
7;1;52;828
8;1;70;245
9;1;60;674
10;1;54;361
11;1;52;75
12;1;66;1067
13;1;68;131
*** EOF ***