**** 10 ****
50
5;11;1;2;104;
7;14;1;2;235;
4;5;1;2;255;
8;20;1;2;7;
14;2;1;2;362;
20;18;1;2;358;
5;16;1;2;298;
19;20;1;2;186;
20;20;1;2;380;
12;6;1;2;463;
18;13;1;2;1;
15;11;1;2;275;
10;2;1;2;348;
2;4;1;2;100;
10;18;1;2;328;
6;10;1;2;26;
14;12;1;2;255;
10;11;1;2;159;
20;14;1;2;472;
3;5;1;2;31;
5;12;1;2;467;
2;1;1;2;9;
3;20;1;2;426;
14;10;1;2;2;
6;15;1;2;350;
18;9;1;2;380;
11;16;1;2;323;
19;16;1;2;214;
9;7;1;2;376;
20;14;1;2;24;
3;10;1;2;302;
12;4;1;2;280;
14;8;1;2;92;
12;4;1;2;295;
11;7;1;2;336;
16;20;1;2;387;
10;15;1;2;303;
18;4;1;2;265;
16;11;1;2;233;
4;14;1;2;241;
11;4;1;2;475;
11;8;1;2;21;
15;12;1;2;21;
20;5;1;2;7;
20;7;1;2;402;
4;12;1;2;80;
4;19;1;2;447;
18;13;1;2;72;
20;19;1;2;15;
1;6;1;2;304;
1;1;35;762
2;1;39;615
3;1;33;848
4;1;23;165
5;1;22;555
6;1;37;270
7;1;38;349
8;1;28;498
9;1;30;809
10;1;24;717
11;1;22;47
12;1;29;915
13;1;36;415
*** EOF ***