**** 4 ****
50
14;10;1;2;99;
4;18;1;2;21;
4;1;1;2;307;
9;16;1;2;116;
6;6;1;2;350;
20;8;1;2;210;
14;4;1;2;344;
3;17;1;2;279;
19;8;1;2;87;
20;17;1;2;228;
2;10;1;2;258;
1;9;1;2;199;
14;4;1;2;122;
7;20;1;2;34;
8;7;1;2;274;
10;19;1;2;166;
2;20;1;2;328;
16;9;1;2;11;
5;20;1;2;197;
8;16;1;2;335;
4;15;1;2;295;
20;14;1;2;26;
4;20;1;2;221;
16;8;1;2;343;
3;2;1;2;284;
6;10;1;2;274;
3;19;1;2;2;
11;18;1;2;362;
16;11;1;2;247;
3;16;1;2;73;
9;12;1;2;188;
8;15;1;2;188;
4;8;1;2;69;
6;20;1;2;57;
18;7;1;2;172;
8;18;1;2;336;
14;14;1;2;256;
14;1;1;2;352;
2;4;1;2;12;
14;20;1;2;249;
14;2;1;2;315;
10;11;1;2;321;
9;18;1;2;209;
14;4;1;2;119;
9;6;1;2;207;
18;12;1;2;261;
12;19;1;2;341;
16;10;1;2;316;
16;8;1;2;81;
5;11;1;2;326;
1;1;14;381
2;1;15;198
3;1;12;23
4;1;29;89
5;1;24;401
6;1;21;426
7;1;21;668
8;1;12;366
9;1;30;492
10;1;23;37
11;1;11;609
12;1;17;712
13;1;12;295
*** EOF ***