**** 9 ****
50
17;11;1;2;97;
12;5;1;2;403;
14;6;1;2;25;
13;7;1;2;403;
19;11;1;2;442;
7;9;1;2;222;
19;2;1;2;338;
18;14;1;2;71;
6;7;1;2;64;
3;18;1;2;494;
11;15;1;2;57;
10;4;1;2;86;
12;7;1;2;401;
19;9;1;2;163;
8;12;1;2;456;
1;16;1;2;301;
7;6;1;2;493;
19;9;1;2;251;
20;17;1;2;535;
5;9;1;2;458;
3;13;1;2;349;
4;19;1;2;249;
5;11;1;2;338;
18;8;1;2;499;
5;5;1;2;156;
2;13;1;2;489;
15;13;1;2;201;
14;13;1;2;64;
3;3;1;2;119;
2;19;1;2;471;
3;10;1;2;391;
1;19;1;2;292;
14;4;1;2;168;
1;10;1;2;298;
6;14;1;2;2;
9;7;1;2;26;
5;9;1;2;482;
7;20;1;2;228;
17;17;1;2;108;
16;11;1;2;326;
13;1;1;2;341;
4;6;1;2;43;
16;3;1;2;499;
13;5;1;2;191;
14;6;1;2;81;
10;4;1;2;32;
19;3;1;2;287;
20;17;1;2;300;
16;2;1;2;17;
8;18;1;2;145;
1;1;46;307
2;1;39;54
3;1;47;752
4;1;45;172
5;1;44;932
6;1;46;544
7;1;48;629
8;1;46;839
9;1;43;981
10;1;48;107
11;1;40;1031
12;1;43;429
13;1;45;495
*** EOF ***