**** 11 ****
50
20;20;1;2;119;
3;16;1;2;201;
15;20;1;2;300;
20;14;1;2;474;
16;4;1;2;498;
19;18;1;2;507;
19;4;1;2;98;
12;19;1;2;462;
6;17;1;2;259;
8;9;1;2;420;
5;15;1;2;75;
1;11;1;2;524;
13;6;1;2;401;
2;8;1;2;179;
13;6;1;2;349;
18;6;1;2;335;
9;18;1;2;503;
20;14;1;2;490;
7;17;1;2;125;
8;13;1;2;359;
10;10;1;2;290;
11;2;1;2;252;
9;1;1;2;419;
9;3;1;2;138;
14;20;1;2;314;
9;2;1;2;164;
6;18;1;2;298;
2;2;1;2;91;
13;15;1;2;83;
15;19;1;2;296;
3;1;1;2;482;
8;13;1;2;411;
11;7;1;2;444;
14;10;1;2;374;
6;6;1;2;296;
10;19;1;2;297;
5;18;1;2;120;
11;12;1;2;273;
12;9;1;2;336;
6;8;1;2;5;
18;16;1;2;86;
16;17;1;2;518;
3;19;1;2;343;
18;1;1;2;239;
11;10;1;2;189;
9;7;1;2;405;
8;7;1;2;348;
2;4;1;2;509;
6;4;1;2;272;
20;10;1;2;236;
1;1;39;757
2;1;32;831
3;1;43;59
4;1;47;449
5;1;35;887
6;1;45;1000
7;1;31;959
8;1;46;565
9;1;37;680
10;1;45;503
11;1;44;370
12;1;40;203
13;1;50;614
*** EOF ***