**** 9 ****
50
59;54;1;2;1255;
69;55;1;2;880;
70;51;1;2;266;
66;53;1;2;780;
62;68;1;2;1589;
60;69;1;2;1379;
65;55;1;2;579;
51;51;1;2;1223;
53;70;1;2;1337;
61;60;1;2;1108;
59;70;1;2;1314;
58;64;1;2;132;
55;59;1;2;1405;
58;68;1;2;1509;
53;63;1;2;1335;
54;69;1;2;59;
51;56;1;2;1207;
58;52;1;2;86;
69;53;1;2;964;
56;68;1;2;733;
63;63;1;2;177;
51;55;1;2;341;
58;58;1;2;361;
60;62;1;2;53;
65;52;1;2;1016;
55;55;1;2;1229;
65;60;1;2;159;
63;60;1;2;1009;
70;61;1;2;557;
67;53;1;2;12;
58;65;1;2;1455;
58;68;1;2;163;
66;61;1;2;499;
66;56;1;2;904;
61;65;1;2;919;
69;55;1;2;718;
68;65;1;2;1024;
62;60;1;2;680;
66;66;1;2;247;
60;65;1;2;133;
64;52;1;2;1017;
60;66;1;2;1486;
64;56;1;2;1530;
57;65;1;2;741;
60;51;1;2;665;
63;51;1;2;1431;
55;64;1;2;1239;
56;54;1;2;840;
58;68;1;2;1303;
60;53;1;2;1582;
1;1;13;62
2;1;2;2506
3;1;5;2659
4;1;6;1304
5;1;3;1204
6;1;16;656
7;1;19;907
8;1;20;2434
9;1;19;383
10;1;3;1310
11;1;9;1600
12;1;15;2029
13;1;13;1797
*** EOF ***