**** 8 ****
50
39;28;1;2;132;
30;22;1;2;16;
37;32;1;2;309;
23;33;1;2;37;
28;37;1;2;408;
24;23;1;2;100;
37;38;1;2;565;
24;40;1;2;470;
39;31;1;2;495;
32;35;1;2;346;
22;33;1;2;192;
21;35;1;2;468;
29;29;1;2;181;
26;29;1;2;214;
27;28;1;2;59;
35;30;1;2;399;
34;24;1;2;802;
37;26;1;2;740;
29;21;1;2;607;
30;36;1;2;171;
28;35;1;2;77;
39;38;1;2;795;
40;32;1;2;193;
36;26;1;2;222;
39;23;1;2;331;
33;39;1;2;103;
36;30;1;2;245;
21;38;1;2;573;
23;23;1;2;533;
26;31;1;2;550;
23;33;1;2;11;
35;32;1;2;304;
29;34;1;2;615;
40;21;1;2;436;
29;24;1;2;374;
37;24;1;2;466;
39;36;1;2;504;
32;40;1;2;128;
29;26;1;2;778;
30;29;1;2;370;
33;22;1;2;65;
35;33;1;2;666;
39;36;1;2;249;
36;30;1;2;817;
28;39;1;2;226;
33;34;1;2;500;
29;24;1;2;741;
39;25;1;2;437;
22;40;1;2;795;
25;32;1;2;586;
1;1;15;1232
2;1;8;1407
3;1;18;91
4;1;2;1349
5;1;19;1429
6;1;4;965
7;1;13;808
8;1;8;144
9;1;10;612
10;1;17;1674
11;1;20;1587
12;1;3;139
13;1;10;734
*** EOF ***