**** 11 ****
50
18;9;1;2;217;
14;11;1;2;85;
8;11;1;2;255;
5;12;1;2;222;
8;1;1;2;5;
11;17;1;2;404;
4;16;1;2;471;
10;4;1;2;90;
20;2;1;2;46;
9;8;1;2;50;
1;11;1;2;382;
3;4;1;2;432;
17;5;1;2;210;
13;14;1;2;7;
10;5;1;2;374;
15;4;1;2;426;
8;15;1;2;398;
8;12;1;2;30;
4;3;1;2;312;
11;16;1;2;21;
17;1;1;2;181;
15;5;1;2;227;
7;10;1;2;169;
9;20;1;2;267;
15;20;1;2;95;
10;5;1;2;426;
2;1;1;2;396;
11;20;1;2;173;
8;15;1;2;182;
12;7;1;2;37;
14;12;1;2;128;
7;17;1;2;384;
13;9;1;2;72;
20;1;1;2;185;
18;15;1;2;20;
12;10;1;2;159;
5;16;1;2;251;
10;20;1;2;443;
12;17;1;2;138;
17;8;1;2;19;
18;8;1;2;138;
16;14;1;2;406;
18;4;1;2;218;
4;10;1;2;20;
5;19;1;2;26;
9;10;1;2;476;
18;16;1;2;458;
11;8;1;2;148;
2;20;1;2;107;
8;1;1;2;371;
1;1;31;234
2;1;38;321
3;1;29;638
4;1;38;552
5;1;38;687
6;1;30;949
7;1;37;76
8;1;24;847
9;1;26;876
10;1;34;803
11;1;38;479
12;1;35;904
13;1;21;607
*** EOF ***