**** 4 ****
50
6;19;1;2;242;
16;15;1;2;511;
13;3;1;2;436;
2;8;1;2;243;
9;5;1;2;690;
16;4;1;2;130;
18;20;1;2;74;
18;5;1;2;451;
20;2;1;2;199;
6;7;1;2;553;
11;16;1;2;64;
16;11;1;2;666;
10;20;1;2;269;
19;6;1;2;482;
1;2;1;2;481;
12;1;1;2;165;
7;19;1;2;398;
20;4;1;2;588;
8;14;1;2;1;
17;3;1;2;291;
5;8;1;2;599;
8;14;1;2;506;
2;4;1;2;674;
13;3;1;2;117;
14;1;1;2;12;
17;5;1;2;299;
11;9;1;2;315;
15;4;1;2;347;
20;14;1;2;340;
16;1;1;2;588;
3;13;1;2;540;
12;17;1;2;422;
1;19;1;2;46;
16;16;1;2;86;
8;12;1;2;62;
15;9;1;2;322;
17;19;1;2;71;
11;11;1;2;534;
18;2;1;2;643;
16;18;1;2;559;
16;16;1;2;54;
7;5;1;2;439;
20;13;1;2;586;
17;16;1;2;32;
14;9;1;2;343;
12;8;1;2;149;
1;11;1;2;538;
3;19;1;2;344;
9;19;1;2;600;
16;9;1;2;160;
1;1;55;402
2;1;58;681
3;1;60;578
4;1;68;104
5;1;58;514
6;1;59;900
7;1;65;743
8;1;52;1178
9;1;56;192
10;1;60;1235
11;1;61;1378
12;1;68;1070
13;1;64;272
*** EOF ***