**** 19 ****
50
45;34;1;2;748;
40;44;1;2;168;
48;49;1;2;825;
50;31;1;2;321;
45;31;1;2;307;
44;37;1;2;1063;
48;40;1;2;1028;
45;33;1;2;565;
39;31;1;2;133;
47;50;1;2;536;
37;37;1;2;1080;
45;47;1;2;438;
40;44;1;2;893;
37;41;1;2;915;
44;34;1;2;648;
48;39;1;2;789;
32;49;1;2;911;
43;43;1;2;722;
45;48;1;2;62;
42;49;1;2;337;
45;37;1;2;228;
36;48;1;2;692;
32;46;1;2;802;
40;48;1;2;585;
34;41;1;2;540;
33;41;1;2;209;
32;41;1;2;1010;
49;46;1;2;715;
36;42;1;2;566;
49;36;1;2;823;
50;36;1;2;153;
41;40;1;2;653;
40;32;1;2;834;
47;50;1;2;35;
44;42;1;2;656;
39;33;1;2;689;
43;41;1;2;609;
33;42;1;2;795;
48;33;1;2;174;
38;34;1;2;64;
39;39;1;2;957;
42;45;1;2;164;
32;34;1;2;1037;
49;42;1;2;185;
49;37;1;2;1091;
34;47;1;2;475;
31;47;1;2;492;
50;33;1;2;300;
31;45;1;2;302;
46;34;1;2;1115;
1;1;20;1838
2;1;5;501
3;1;16;1096
4;1;2;1905
5;1;15;249
6;1;12;111
7;1;11;1924
8;1;11;546
9;1;16;845
10;1;20;219
11;1;17;1297
12;1;12;1818
13;1;6;73
*** EOF ***