**** 4 ****
50
65;62;1;2;1549;
62;75;1;2;206;
69;68;1;2;967;
77;78;1;2;161;
73;65;1;2;1687;
70;61;1;2;1638;
70;61;1;2;1108;
67;70;1;2;519;
72;80;1;2;1058;
73;68;1;2;1768;
68;75;1;2;846;
69;69;1;2;107;
77;79;1;2;801;
77;72;1;2;995;
79;71;1;2;1699;
61;62;1;2;1533;
72;73;1;2;731;
65;63;1;2;819;
74;71;1;2;168;
70;65;1;2;1731;
71;77;1;2;707;
71;77;1;2;1742;
74;74;1;2;659;
77;62;1;2;24;
63;71;1;2;538;
68;62;1;2;1151;
68;66;1;2;106;
76;65;1;2;879;
72;74;1;2;156;
75;73;1;2;94;
76;65;1;2;155;
66;80;1;2;363;
71;71;1;2;1239;
72;62;1;2;1261;
67;62;1;2;1774;
77;70;1;2;312;
64;73;1;2;411;
75;78;1;2;1659;
62;75;1;2;313;
80;72;1;2;1732;
71;74;1;2;1744;
79;70;1;2;1282;
74;63;1;2;675;
66;65;1;2;205;
64;64;1;2;591;
78;61;1;2;880;
68;71;1;2;1552;
80;72;1;2;637;
77;77;1;2;1699;
70;62;1;2;1347;
1;1;17;874
2;1;11;724
3;1;12;2701
4;1;16;3003
5;1;14;744
6;1;15;2665
7;1;16;373
8;1;13;2590
9;1;11;2378
10;1;7;1393
11;1;13;2924
12;1;2;1841
13;1;10;3306
*** EOF ***