**** 19 ****
50
24;25;1;2;454;
24;29;1;2;783;
39;39;1;2;682;
40;29;1;2;582;
29;33;1;2;7;
24;25;1;2;397;
33;38;1;2;627;
24;25;1;2;825;
25;26;1;2;415;
30;30;1;2;33;
25;38;1;2;537;
35;30;1;2;151;
28;33;1;2;201;
33;32;1;2;207;
32;27;1;2;668;
40;29;1;2;168;
29;28;1;2;22;
28;38;1;2;609;
26;25;1;2;708;
30;26;1;2;559;
31;21;1;2;715;
25;21;1;2;610;
35;34;1;2;120;
30;30;1;2;391;
31;38;1;2;652;
37;29;1;2;179;
39;30;1;2;155;
27;30;1;2;528;
38;23;1;2;82;
27;23;1;2;435;
32;33;1;2;488;
35;22;1;2;241;
33;35;1;2;549;
37;40;1;2;181;
29;38;1;2;793;
23;33;1;2;707;
34;35;1;2;715;
31;40;1;2;200;
22;31;1;2;415;
29;37;1;2;564;
27;24;1;2;107;
40;22;1;2;117;
37;29;1;2;200;
40;24;1;2;621;
35;39;1;2;498;
32;37;1;2;128;
29;27;1;2;413;
40;39;1;2;574;
23;30;1;2;776;
26;21;1;2;378;
1;1;7;769
2;1;10;665
3;1;16;1144
4;1;10;357
5;1;19;239
6;1;14;626
7;1;5;823
8;1;14;1542
9;1;7;1567
10;1;2;1482
11;1;10;1080
12;1;3;434
13;1;19;1494
*** EOF ***