**** 1 ****
50
43;54;1;2;571;
59;43;1;2;131;
41;51;1;2;79;
44;49;1;2;500;
47;47;1;2;386;
52;53;1;2;1199;
45;49;1;2;1261;
54;41;1;2;1325;
41;55;1;2;182;
43;48;1;2;306;
44;52;1;2;211;
56;57;1;2;2;
58;44;1;2;52;
48;52;1;2;1303;
41;41;1;2;685;
52;53;1;2;629;
51;54;1;2;393;
58;50;1;2;366;
51;59;1;2;1163;
49;59;1;2;107;
54;47;1;2;33;
59;51;1;2;690;
50;47;1;2;144;
59;46;1;2;789;
48;54;1;2;185;
45;43;1;2;174;
49;43;1;2;525;
60;48;1;2;1077;
51;49;1;2;573;
48;42;1;2;263;
50;43;1;2;1223;
57;54;1;2;928;
47;58;1;2;1043;
54;51;1;2;1173;
50;43;1;2;484;
53;60;1;2;47;
60;51;1;2;479;
43;49;1;2;662;
56;60;1;2;421;
53;45;1;2;1306;
59;46;1;2;940;
60;44;1;2;877;
54;52;1;2;870;
58;53;1;2;1103;
60;44;1;2;411;
48;54;1;2;45;
41;60;1;2;406;
53;58;1;2;1001;
48;41;1;2;641;
45;60;1;2;859;
1;1;4;2015
2;1;14;1544
3;1;19;987
4;1;6;369
5;1;18;627
6;1;7;1085
7;1;20;2191
8;1;19;2581
9;1;1;2462
10;1;4;792
11;1;11;567
12;1;1;1868
13;1;9;1198
*** EOF ***