**** 16 ****
50
14;7;1;2;319;
1;2;1;2;3;
4;4;1;2;350;
5;8;1;2;262;
10;11;1;2;449;
9;13;1;2;278;
8;2;1;2;71;
2;13;1;2;266;
1;11;1;2;359;
13;13;1;2;107;
9;13;1;2;282;
3;18;1;2;454;
13;2;1;2;132;
10;19;1;2;28;
6;10;1;2;179;
19;9;1;2;392;
4;6;1;2;33;
3;19;1;2;410;
9;7;1;2;186;
15;14;1;2;257;
7;5;1;2;381;
4;13;1;2;12;
13;2;1;2;230;
17;3;1;2;297;
9;9;1;2;116;
10;18;1;2;232;
13;14;1;2;207;
14;7;1;2;467;
9;14;1;2;368;
5;13;1;2;361;
14;14;1;2;310;
16;10;1;2;241;
19;17;1;2;1;
12;4;1;2;235;
4;10;1;2;296;
9;1;1;2;299;
18;14;1;2;207;
10;12;1;2;77;
9;6;1;2;342;
1;1;1;2;113;
6;13;1;2;306;
2;20;1;2;67;
14;11;1;2;168;
2;7;1;2;456;
15;11;1;2;410;
10;11;1;2;415;
11;11;1;2;238;
8;1;1;2;169;
4;2;1;2;404;
9;19;1;2;360;
1;1;38;576
2;1;41;776
3;1;48;96
4;1;41;255
5;1;31;411
6;1;36;345
7;1;32;447
8;1;41;727
9;1;44;47
10;1;45;936
11;1;32;682
12;1;31;824
13;1;39;296
*** EOF ***