**** 2 ****
50
5;19;1;2;315;
20;7;1;2;20;
5;3;1;2;508;
8;13;1;2;634;
10;19;1;2;421;
13;19;1;2;236;
5;4;1;2;10;
3;7;1;2;300;
18;15;1;2;703;
18;1;1;2;610;
8;4;1;2;9;
3;18;1;2;200;
13;8;1;2;101;
2;9;1;2;246;
16;2;1;2;615;
6;5;1;2;435;
14;8;1;2;671;
5;19;1;2;4;
13;15;1;2;150;
19;8;1;2;415;
8;9;1;2;223;
16;8;1;2;569;
18;20;1;2;248;
6;11;1;2;486;
10;11;1;2;631;
6;7;1;2;455;
14;17;1;2;643;
2;15;1;2;532;
12;3;1;2;358;
15;17;1;2;70;
14;13;1;2;51;
19;17;1;2;394;
20;7;1;2;288;
19;17;1;2;301;
12;11;1;2;332;
2;5;1;2;475;
18;15;1;2;624;
7;8;1;2;44;
13;10;1;2;708;
5;10;1;2;311;
4;10;1;2;397;
7;7;1;2;675;
12;14;1;2;115;
20;3;1;2;372;
3;19;1;2;81;
4;8;1;2;99;
9;17;1;2;585;
11;9;1;2;305;
10;7;1;2;427;
3;7;1;2;446;
1;1;77;253
2;1;68;1216
3;1;63;1008
4;1;62;1079
5;1;62;929
6;1;72;111
7;1;61;356
8;1;65;541
9;1;80;1325
10;1;75;444
11;1;67;642
12;1;79;843
13;1;62;183
*** EOF ***