**** 16 ****
50
47;38;1;2;429;
40;34;1;2;380;
38;45;1;2;916;
31;45;1;2;621;
33;33;1;2;474;
46;45;1;2;262;
49;43;1;2;857;
33;42;1;2;588;
42;48;1;2;1015;
42;42;1;2;336;
50;33;1;2;549;
36;34;1;2;890;
38;40;1;2;524;
37;49;1;2;612;
49;44;1;2;415;
44;43;1;2;328;
32;36;1;2;903;
42;34;1;2;96;
44;46;1;2;1069;
33;39;1;2;646;
48;41;1;2;540;
49;45;1;2;622;
34;48;1;2;70;
39;44;1;2;839;
38;50;1;2;478;
41;44;1;2;448;
43;32;1;2;1096;
33;49;1;2;51;
43;31;1;2;795;
40;46;1;2;234;
45;31;1;2;610;
49;41;1;2;265;
48;31;1;2;183;
37;39;1;2;445;
37;39;1;2;823;
39;41;1;2;1052;
49;31;1;2;340;
43;49;1;2;100;
43;34;1;2;189;
42;34;1;2;82;
37;48;1;2;1079;
31;31;1;2;111;
43;34;1;2;98;
46;47;1;2;420;
39;42;1;2;118;
41;50;1;2;886;
34;32;1;2;281;
49;49;1;2;593;
49;36;1;2;557;
40;44;1;2;922;
1;1;6;156
2;1;5;991
3;1;19;1060
4;1;2;1217
5;1;16;1624
6;1;12;1378
7;1;11;971
8;1;18;2197
9;1;9;2041
10;1;18;1229
11;1;6;175
12;1;14;1775
13;1;17;195
*** EOF ***