**** 5 ****
50
38;31;1;2;535;
31;44;1;2;715;
33;49;1;2;322;
47;48;1;2;251;
49;48;1;2;591;
50;45;1;2;355;
48;47;1;2;562;
46;47;1;2;277;
42;48;1;2;21;
34;50;1;2;95;
44;40;1;2;220;
48;43;1;2;608;
31;31;1;2;375;
38;33;1;2;846;
31;49;1;2;847;
34;38;1;2;979;
42;46;1;2;445;
34;47;1;2;1092;
42;40;1;2;855;
47;50;1;2;321;
48;46;1;2;646;
33;46;1;2;796;
46;35;1;2;64;
38;39;1;2;1029;
39;36;1;2;819;
34;35;1;2;563;
41;43;1;2;885;
50;47;1;2;96;
50;49;1;2;32;
47;37;1;2;394;
32;50;1;2;401;
38;46;1;2;875;
49;50;1;2;896;
49;33;1;2;631;
36;45;1;2;220;
45;33;1;2;861;
32;49;1;2;402;
44;48;1;2;677;
39;37;1;2;224;
34;37;1;2;795;
49;42;1;2;680;
44;36;1;2;568;
46;39;1;2;991;
38;36;1;2;883;
34;47;1;2;24;
46;44;1;2;1003;
42;36;1;2;1022;
49;48;1;2;36;
41;45;1;2;1079;
47;37;1;2;917;
1;1;12;1333
2;1;13;843
3;1;13;669
4;1;5;561
5;1;20;141
6;1;8;102
7;1;14;164
8;1;2;1025
9;1;7;885
10;1;13;1261
11;1;4;1299
12;1;1;1498
13;1;3;1505
*** EOF ***