**** 5 ****
50
14;15;1;2;420;
6;15;1;2;158;
3;20;1;2;349;
14;7;1;2;393;
4;6;1;2;536;
7;3;1;2;432;
10;20;1;2;26;
15;4;1;2;190;
11;9;1;2;81;
18;6;1;2;322;
10;10;1;2;258;
17;9;1;2;363;
16;20;1;2;420;
14;10;1;2;165;
2;8;1;2;135;
3;1;1;2;366;
2;9;1;2;416;
4;6;1;2;457;
15;17;1;2;465;
20;13;1;2;241;
10;2;1;2;92;
17;2;1;2;372;
1;9;1;2;532;
17;17;1;2;437;
14;12;1;2;303;
8;16;1;2;408;
12;20;1;2;42;
1;11;1;2;13;
17;10;1;2;314;
15;9;1;2;459;
16;6;1;2;151;
18;3;1;2;134;
7;16;1;2;507;
7;15;1;2;378;
8;20;1;2;284;
13;11;1;2;259;
20;2;1;2;419;
15;9;1;2;448;
16;4;1;2;263;
10;20;1;2;481;
19;19;1;2;224;
4;4;1;2;45;
11;15;1;2;260;
6;11;1;2;173;
13;1;1;2;528;
19;1;1;2;64;
18;5;1;2;316;
15;1;1;2;5;
20;5;1;2;142;
8;4;1;2;97;
1;1;33;348
2;1;47;437
3;1;31;58
4;1;43;952
5;1;42;595
6;1;38;520
7;1;36;92
8;1;39;1049
9;1;34;264
10;1;35;299
11;1;35;711
12;1;48;156
13;1;34;779
*** EOF ***