**** 7 ****
50
32;40;1;2;906;
43;36;1;2;140;
32;33;1;2;1022;
45;45;1;2;416;
47;31;1;2;679;
50;45;1;2;745;
47;32;1;2;549;
46;34;1;2;795;
32;47;1;2;706;
50;41;1;2;578;
45;50;1;2;974;
45;46;1;2;1052;
45;47;1;2;51;
43;39;1;2;990;
34;38;1;2;205;
31;46;1;2;495;
33;50;1;2;451;
46;45;1;2;116;
32;40;1;2;356;
41;39;1;2;22;
45;34;1;2;645;
32;40;1;2;580;
33;44;1;2;688;
34;39;1;2;840;
32;38;1;2;1071;
41;40;1;2;971;
50;33;1;2;466;
35;48;1;2;580;
41;37;1;2;44;
31;41;1;2;472;
49;39;1;2;1060;
44;38;1;2;1005;
38;40;1;2;805;
41;41;1;2;251;
31;33;1;2;844;
43;44;1;2;1004;
31;37;1;2;175;
45;48;1;2;380;
42;41;1;2;204;
33;31;1;2;817;
48;35;1;2;690;
45;40;1;2;599;
49;38;1;2;721;
46;49;1;2;181;
41;33;1;2;991;
34;48;1;2;248;
46;35;1;2;753;
44;42;1;2;203;
39;31;1;2;606;
40;36;1;2;791;
1;1;7;1978
2;1;18;2047
3;1;14;694
4;1;7;1158
5;1;11;1525
6;1;10;1299
7;1;3;1208
8;1;7;64
9;1;6;926
10;1;19;1437
11;1;4;1088
12;1;7;2067
13;1;12;45
*** EOF ***