**** 17 ****
50
26;17;1;2;518;
30;19;1;2;102;
11;26;1;2;121;
20;27;1;2;326;
21;28;1;2;413;
20;14;1;2;245;
18;12;1;2;257;
11;20;1;2;450;
22;19;1;2;79;
22;18;1;2;517;
14;15;1;2;17;
19;22;1;2;190;
17;27;1;2;368;
15;20;1;2;332;
14;21;1;2;96;
19;26;1;2;115;
18;24;1;2;329;
13;14;1;2;17;
21;18;1;2;211;
21;23;1;2;36;
13;30;1;2;23;
27;16;1;2;125;
26;30;1;2;427;
14;16;1;2;438;
19;20;1;2;271;
30;22;1;2;267;
16;17;1;2;331;
30;17;1;2;391;
27;14;1;2;325;
11;20;1;2;68;
30;13;1;2;232;
27;23;1;2;266;
12;25;1;2;472;
27;23;1;2;228;
17;30;1;2;296;
17;16;1;2;180;
14;28;1;2;488;
25;15;1;2;153;
17;18;1;2;225;
13;21;1;2;443;
18;13;1;2;129;
13;11;1;2;219;
17;15;1;2;415;
27;17;1;2;488;
13;20;1;2;106;
11;18;1;2;117;
17;16;1;2;144;
18;14;1;2;76;
16;30;1;2;118;
11;24;1;2;23;
1;1;6;358
2;1;20;606
3;1;1;386
4;1;2;61
5;1;6;653
6;1;3;19
7;1;9;751
8;1;17;168
9;1;7;882
10;1;4;313
11;1;13;779
12;1;14;628
13;1;13;500
*** EOF ***