**** 0 ****
50
59;59;1;2;24;
53;52;1;2;375;
53;66;1;2;894;
56;68;1;2;1397;
59;66;1;2;806;
58;58;1;2;843;
62;62;1;2;318;
69;65;1;2;697;
57;57;1;2;1146;
62;63;1;2;1185;
69;68;1;2;784;
55;54;1;2;1571;
59;56;1;2;37;
56;67;1;2;1131;
62;62;1;2;153;
67;61;1;2;1368;
53;51;1;2;763;
52;66;1;2;394;
63;61;1;2;1114;
58;66;1;2;1102;
55;69;1;2;303;
59;63;1;2;737;
66;70;1;2;1152;
51;59;1;2;304;
60;63;1;2;1568;
62;52;1;2;105;
69;62;1;2;1216;
52;63;1;2;1145;
65;70;1;2;225;
70;53;1;2;572;
66;61;1;2;153;
56;51;1;2;961;
64;62;1;2;579;
65;54;1;2;436;
60;52;1;2;1484;
63;63;1;2;906;
66;68;1;2;109;
60;62;1;2;250;
56;51;1;2;950;
55;58;1;2;53;
65;54;1;2;1108;
56;54;1;2;1476;
53;54;1;2;729;
60;67;1;2;1513;
57;53;1;2;691;
64;70;1;2;1310;
69;69;1;2;808;
70;51;1;2;691;
53;62;1;2;865;
55;52;1;2;552;
1;1;5;3092
2;1;4;1379
3;1;5;2157
4;1;15;2971
5;1;15;384
6;1;15;490
7;1;16;1262
8;1;9;240
9;1;19;123
10;1;6;579
11;1;7;2228
12;1;7;2920
13;1;18;1167
*** EOF ***