**** 19 ****
50
67;76;1;2;869;
72;77;1;2;1279;
75;69;1;2;1786;
75;69;1;2;644;
71;73;1;2;1799;
64;66;1;2;1118;
61;77;1;2;699;
80;66;1;2;1751;
63;78;1;2;965;
63;72;1;2;1329;
77;67;1;2;1175;
80;69;1;2;438;
68;63;1;2;1245;
72;63;1;2;1188;
74;64;1;2;1152;
70;76;1;2;333;
68;63;1;2;149;
75;68;1;2;755;
70;62;1;2;284;
79;76;1;2;625;
71;69;1;2;1008;
71;65;1;2;1352;
76;63;1;2;769;
74;63;1;2;260;
66;69;1;2;281;
74;61;1;2;545;
70;67;1;2;972;
80;61;1;2;613;
78;70;1;2;851;
72;70;1;2;463;
67;67;1;2;661;
63;78;1;2;909;
65;79;1;2;712;
72;62;1;2;1653;
73;67;1;2;86;
77;64;1;2;254;
63;64;1;2;1224;
67;77;1;2;1007;
71;74;1;2;983;
61;79;1;2;1323;
80;70;1;2;514;
65;77;1;2;1569;
63;70;1;2;703;
79;62;1;2;1622;
79;63;1;2;1255;
72;80;1;2;681;
63;76;1;2;1153;
70;63;1;2;941;
71;62;1;2;668;
66;75;1;2;906;
1;1;19;923
2;1;2;501
3;1;14;525
4;1;10;277
5;1;7;1616
6;1;8;41
7;1;2;1168
8;1;13;2257
9;1;14;3195
10;1;11;3166
11;1;20;1848
12;1;13;2598
13;1;5;669
*** EOF ***