**** 0 ****
50
13;28;1;2;529;
12;20;1;2;379;
19;21;1;2;299;
20;23;1;2;206;
15;16;1;2;52;
29;22;1;2;343;
12;27;1;2;540;
27;18;1;2;45;
19;21;1;2;244;
15;29;1;2;22;
26;20;1;2;51;
17;28;1;2;238;
27;30;1;2;411;
25;21;1;2;133;
22;13;1;2;476;
22;13;1;2;305;
20;17;1;2;446;
30;22;1;2;270;
19;28;1;2;501;
24;12;1;2;194;
14;14;1;2;267;
24;12;1;2;9;
11;23;1;2;110;
30;25;1;2;350;
18;30;1;2;106;
17;22;1;2;40;
13;12;1;2;477;
27;13;1;2;527;
22;25;1;2;377;
14;23;1;2;493;
12;13;1;2;313;
21;15;1;2;270;
25;27;1;2;22;
21;27;1;2;286;
26;25;1;2;386;
12;21;1;2;442;
18;23;1;2;537;
28;14;1;2;397;
21;20;1;2;427;
12;23;1;2;32;
17;28;1;2;467;
13;15;1;2;417;
18;19;1;2;140;
17;26;1;2;264;
29;22;1;2;513;
17;17;1;2;511;
16;17;1;2;374;
15;21;1;2;24;
21;23;1;2;219;
30;29;1;2;228;
1;1;4;654
2;1;12;912
3;1;9;412
4;1;8;1007
5;1;9;875
6;1;15;32
7;1;12;626
8;1;17;350
9;1;16;184
10;1;1;774
11;1;6;59
12;1;19;523
13;1;9;752
*** EOF ***