**** 4 ****
50
25;12;1;2;598;
24;17;1;2;438;
30;21;1;2;274;
18;18;1;2;152;
15;16;1;2;502;
15;30;1;2;297;
15;14;1;2;240;
25;23;1;2;493;
27;20;1;2;3;
18;14;1;2;356;
12;23;1;2;481;
28;18;1;2;332;
14;15;1;2;168;
12;23;1;2;55;
25;27;1;2;26;
19;23;1;2;52;
28;16;1;2;206;
28;12;1;2;68;
15;23;1;2;488;
18;21;1;2;2;
23;12;1;2;32;
26;16;1;2;194;
30;19;1;2;102;
17;25;1;2;430;
28;20;1;2;13;
30;18;1;2;510;
24;28;1;2;277;
22;22;1;2;60;
16;19;1;2;597;
30;22;1;2;343;
18;26;1;2;604;
14;15;1;2;112;
28;30;1;2;212;
17;22;1;2;102;
12;18;1;2;291;
29;22;1;2;208;
14;12;1;2;480;
30;30;1;2;498;
30;11;1;2;277;
20;28;1;2;478;
28;25;1;2;480;
29;23;1;2;236;
24;21;1;2;216;
24;24;1;2;64;
26;26;1;2;449;
13;14;1;2;496;
13;21;1;2;227;
12;23;1;2;180;
14;28;1;2;150;
13;11;1;2;167;
1;1;14;991
2;1;12;149
3;1;7;505
4;1;5;322
5;1;13;119
6;1;14;1206
7;1;9;607
8;1;18;462
9;1;16;89
10;1;14;1023
11;1;13;53
12;1;5;546
13;1;3;663
*** EOF ***