**** 1 ****
50
4;14;1;2;459;
6;7;1;2;286;
19;18;1;2;238;
15;9;1;2;353;
10;3;1;2;195;
1;19;1;2;315;
20;6;1;2;216;
16;7;1;2;548;
6;15;1;2;348;
10;9;1;2;397;
13;1;1;2;356;
17;7;1;2;413;
6;12;1;2;286;
19;8;1;2;477;
3;16;1;2;137;
9;4;1;2;422;
6;1;1;2;259;
14;20;1;2;162;
11;11;1;2;373;
4;18;1;2;386;
11;6;1;2;594;
10;17;1;2;187;
5;19;1;2;94;
9;2;1;2;292;
19;14;1;2;171;
15;3;1;2;595;
16;3;1;2;314;
1;12;1;2;233;
4;1;1;2;546;
7;13;1;2;120;
16;10;1;2;241;
19;1;1;2;196;
16;11;1;2;62;
18;13;1;2;347;
10;8;1;2;382;
9;17;1;2;399;
16;20;1;2;295;
6;4;1;2;81;
3;7;1;2;17;
13;1;1;2;102;
13;17;1;2;529;
19;20;1;2;15;
2;4;1;2;149;
10;1;1;2;224;
15;13;1;2;5;
1;14;1;2;327;
16;11;1;2;394;
15;20;1;2;366;
14;11;1;2;165;
7;9;1;2;355;
1;1;44;835
2;1;56;948
3;1;43;254
4;1;54;1086
5;1;48;1147
6;1;49;1029
7;1;55;302
8;1;60;769
9;1;55;118
10;1;57;361
11;1;43;451
12;1;42;179
13;1;48;620
*** EOF ***