**** 0 ****
50
3;11;1;2;169;
2;20;1;2;553;
15;5;1;2;201;
17;15;1;2;192;
12;5;1;2;461;
20;6;1;2;518;
8;13;1;2;83;
4;11;1;2;310;
19;15;1;2;325;
2;4;1;2;59;
16;5;1;2;316;
5;13;1;2;261;
17;20;1;2;271;
3;12;1;2;403;
19;4;1;2;168;
13;19;1;2;323;
19;12;1;2;142;
19;8;1;2;458;
10;3;1;2;207;
3;19;1;2;400;
4;5;1;2;467;
9;11;1;2;492;
1;13;1;2;548;
16;10;1;2;3;
16;5;1;2;369;
3;4;1;2;98;
10;2;1;2;46;
12;15;1;2;426;
17;5;1;2;444;
3;19;1;2;159;
3;7;1;2;578;
15;13;1;2;231;
5;16;1;2;209;
5;14;1;2;91;
3;19;1;2;471;
1;4;1;2;302;
8;2;1;2;39;
19;14;1;2;545;
2;20;1;2;434;
9;8;1;2;57;
15;9;1;2;476;
7;12;1;2;285;
15;2;1;2;188;
1;11;1;2;310;
14;20;1;2;161;
2;6;1;2;530;
4;14;1;2;212;
3;17;1;2;368;
1;9;1;2;507;
11;16;1;2;164;
1;1;52;136
2;1;65;435
3;1;65;70
4;1;54;740
5;1;61;1003
6;1;64;502
7;1;69;621
8;1;58;290
9;1;64;1094
10;1;69;841
11;1;64;226
12;1;54;1171
13;1;54;1232
*** EOF ***