**** 2 ****
50
15;3;1;2;489;
5;2;1;2;357;
1;6;1;2;78;
2;1;1;2;252;
11;1;1;2;227;
18;5;1;2;443;
12;16;1;2;187;
12;1;1;2;236;
20;19;1;2;241;
16;7;1;2;324;
8;10;1;2;393;
11;17;1;2;172;
8;13;1;2;216;
19;2;1;2;264;
20;10;1;2;328;
16;13;1;2;116;
9;12;1;2;40;
20;17;1;2;111;
17;15;1;2;504;
12;7;1;2;313;
9;16;1;2;529;
1;15;1;2;112;
12;2;1;2;390;
6;19;1;2;174;
17;15;1;2;131;
20;18;1;2;524;
13;18;1;2;368;
15;18;1;2;103;
1;19;1;2;478;
7;8;1;2;8;
7;13;1;2;259;
9;14;1;2;311;
8;12;1;2;353;
7;20;1;2;291;
18;5;1;2;271;
15;6;1;2;46;
16;18;1;2;61;
1;12;1;2;57;
5;18;1;2;436;
19;3;1;2;92;
3;18;1;2;529;
6;12;1;2;318;
7;1;1;2;211;
15;6;1;2;59;
3;2;1;2;530;
7;10;1;2;329;
3;12;1;2;256;
17;18;1;2;2;
12;6;1;2;440;
14;20;1;2;166;
1;1;35;516
2;1;37;233
3;1;46;844
4;1;50;745
5;1;34;1024
6;1;47;1062
7;1;32;110
8;1;33;639
9;1;42;300
10;1;38;184
11;1;44;378
12;1;33;710
13;1;47;910
*** EOF ***