**** 16 ****
50
13;7;1;2;224;
10;6;1;2;462;
3;13;1;2;276;
5;17;1;2;502;
7;3;1;2;567;
7;6;1;2;478;
19;1;1;2;73;
15;11;1;2;479;
11;8;1;2;412;
9;20;1;2;319;
9;4;1;2;401;
7;19;1;2;548;
7;2;1;2;293;
9;2;1;2;125;
18;3;1;2;518;
16;12;1;2;277;
1;11;1;2;410;
19;1;1;2;207;
17;18;1;2;375;
13;14;1;2;135;
17;7;1;2;3;
1;20;1;2;122;
11;14;1;2;20;
13;18;1;2;67;
7;12;1;2;247;
14;14;1;2;235;
11;13;1;2;102;
15;20;1;2;418;
3;12;1;2;553;
17;1;1;2;354;
7;13;1;2;91;
12;8;1;2;253;
5;13;1;2;69;
16;7;1;2;463;
13;16;1;2;20;
2;1;1;2;52;
8;9;1;2;304;
10;17;1;2;250;
19;4;1;2;372;
20;14;1;2;585;
7;15;1;2;46;
8;18;1;2;321;
7;7;1;2;2;
14;17;1;2;89;
11;16;1;2;420;
17;11;1;2;35;
3;19;1;2;197;
19;13;1;2;113;
3;6;1;2;531;
8;7;1;2;90;
1;1;45;865
2;1;41;758
3;1;48;1042
4;1;53;520
5;1;45;122
6;1;56;1142
7;1;57;616
8;1;59;236
9;1;46;50
10;1;51;946
11;1;53;181
12;1;43;342
13;1;41;401
*** EOF ***