**** 6 ****
50
17;11;1;2;418;
18;12;1;2;190;
16;7;1;2;449;
16;6;1;2;306;
6;4;1;2;84;
5;5;1;2;521;
4;3;1;2;401;
17;15;1;2;262;
20;6;1;2;359;
9;9;1;2;290;
16;8;1;2;350;
11;1;1;2;245;
9;13;1;2;518;
1;9;1;2;415;
14;3;1;2;301;
8;8;1;2;329;
9;8;1;2;221;
10;8;1;2;226;
12;6;1;2;326;
15;14;1;2;106;
7;12;1;2;351;
11;4;1;2;314;
16;4;1;2;76;
5;1;1;2;32;
19;3;1;2;286;
1;15;1;2;383;
17;10;1;2;50;
8;14;1;2;423;
10;2;1;2;46;
18;6;1;2;240;
11;7;1;2;355;
7;16;1;2;315;
18;15;1;2;190;
4;7;1;2;76;
7;9;1;2;366;
8;6;1;2;105;
7;10;1;2;153;
6;9;1;2;414;
16;3;1;2;22;
7;4;1;2;81;
12;13;1;2;515;
9;5;1;2;274;
1;13;1;2;445;
9;15;1;2;405;
3;16;1;2;163;
18;9;1;2;468;
8;7;1;2;177;
14;14;1;2;504;
5;3;1;2;508;
19;12;1;2;444;
1;1;44;574
2;1;41;658
3;1;47;995
4;1;35;216
5;1;34;134
6;1;31;836
7;1;44;346
8;1;39;68
9;1;46;887
10;1;31;618
11;1;43;789
12;1;44;721
13;1;34;959
*** EOF ***