**** 13 ****
50
46;44;1;2;817;
46;48;1;2;839;
47;58;1;2;729;
59;41;1;2;628;
44;54;1;2;438;
57;56;1;2;418;
53;41;1;2;324;
44;52;1;2;271;
53;59;1;2;1242;
60;52;1;2;182;
42;41;1;2;7;
44;58;1;2;590;
59;50;1;2;190;
52;57;1;2;554;
45;51;1;2;60;
58;48;1;2;100;
51;41;1;2;1016;
48;57;1;2;85;
55;54;1;2;609;
47;59;1;2;228;
43;56;1;2;67;
42;46;1;2;1152;
58;58;1;2;287;
56;57;1;2;466;
57;60;1;2;934;
52;59;1;2;790;
52;57;1;2;810;
50;51;1;2;314;
54;52;1;2;300;
53;50;1;2;18;
47;51;1;2;830;
42;50;1;2;818;
51;51;1;2;773;
41;51;1;2;1069;
59;53;1;2;1243;
55;46;1;2;750;
49;60;1;2;110;
60;42;1;2;1245;
57;49;1;2;956;
42;53;1;2;546;
45;55;1;2;1262;
47;41;1;2;193;
50;46;1;2;994;
45;46;1;2;671;
46;53;1;2;323;
49;52;1;2;279;
46;43;1;2;215;
59;46;1;2;541;
54;57;1;2;1262;
60;59;1;2;510;
1;1;7;2238
2;1;1;2148
3;1;16;189
4;1;2;1112
5;1;3;1090
6;1;5;1604
7;1;15;125
8;1;1;1927
9;1;4;911
10;1;2;1133
11;1;15;257
12;1;9;1883
13;1;19;1357
*** EOF ***