**** 7 ****
50
10;16;1;2;152;
8;3;1;2;433;
13;8;1;2;256;
4;15;1;2;127;
6;4;1;2;89;
11;16;1;2;278;
20;1;1;2;306;
12;1;1;2;81;
1;17;1;2;6;
16;5;1;2;157;
13;7;1;2;119;
11;13;1;2;149;
3;9;1;2;82;
13;18;1;2;467;
18;1;1;2;377;
7;14;1;2;251;
1;19;1;2;108;
10;6;1;2;168;
20;15;1;2;266;
16;13;1;2;364;
7;8;1;2;294;
19;7;1;2;131;
9;19;1;2;195;
15;6;1;2;22;
9;11;1;2;298;
11;4;1;2;20;
14;2;1;2;403;
15;20;1;2;222;
11;6;1;2;419;
17;19;1;2;403;
17;13;1;2;392;
10;5;1;2;147;
14;8;1;2;202;
10;14;1;2;109;
4;15;1;2;64;
17;18;1;2;171;
2;20;1;2;31;
1;5;1;2;454;
20;1;1;2;417;
20;19;1;2;359;
7;9;1;2;4;
13;2;1;2;24;
11;7;1;2;453;
5;11;1;2;372;
6;6;1;2;272;
9;12;1;2;49;
11;2;1;2;53;
19;12;1;2;377;
1;9;1;2;81;
13;15;1;2;287;
1;1;26;971
2;1;35;612
3;1;36;269
4;1;25;798
5;1;40;68
6;1;36;196
7;1;31;683
8;1;37;153
9;1;37;473
10;1;32;234
11;1;34;742
12;1;24;38
13;1;31;556
*** EOF ***