**** 0 ****
50
19;7;1;2;412;
7;16;1;2;474;
10;4;1;2;23;
20;3;1;2;223;
11;13;1;2;94;
11;10;1;2;353;
7;16;1;2;433;
10;3;1;2;158;
1;13;1;2;466;
4;13;1;2;351;
8;7;1;2;192;
11;12;1;2;145;
9;6;1;2;4;
18;18;1;2;151;
11;1;1;2;382;
15;11;1;2;192;
17;16;1;2;99;
11;1;1;2;61;
16;16;1;2;146;
15;4;1;2;224;
2;1;1;2;105;
5;15;1;2;192;
10;5;1;2;301;
13;18;1;2;133;
5;16;1;2;169;
12;16;1;2;398;
8;2;1;2;6;
4;1;1;2;281;
2;15;1;2;508;
20;12;1;2;245;
10;3;1;2;140;
9;10;1;2;64;
2;13;1;2;427;
18;3;1;2;383;
16;9;1;2;37;
12;17;1;2;357;
12;16;1;2;321;
11;7;1;2;225;
17;10;1;2;219;
9;3;1;2;245;
20;3;1;2;247;
15;13;1;2;162;
6;16;1;2;141;
8;12;1;2;245;
1;1;1;2;94;
20;20;1;2;322;
6;2;1;2;353;
16;1;1;2;353;
4;1;1;2;493;
19;5;1;2;495;
1;1;35;182
2;1;31;551
3;1;31;927
4;1;33;337
5;1;39;502
6;1;38;758
7;1;36;261
8;1;40;599
9;1;46;829
10;1;41;443
11;1;40;64
12;1;32;700
13;1;32;962
*** EOF ***