**** 8 ****
50
3;4;1;2;210;
6;18;1;2;619;
11;17;1;2;523;
16;11;1;2;513;
17;5;1;2;429;
9;12;1;2;17;
8;18;1;2;259;
13;9;1;2;589;
15;5;1;2;593;
20;11;1;2;655;
13;15;1;2;421;
13;20;1;2;574;
16;19;1;2;168;
17;2;1;2;684;
17;5;1;2;335;
10;6;1;2;389;
15;13;1;2;256;
11;7;1;2;525;
15;8;1;2;476;
10;15;1;2;723;
1;16;1;2;365;
11;18;1;2;221;
10;2;1;2;474;
2;11;1;2;147;
12;20;1;2;673;
9;8;1;2;657;
8;19;1;2;25;
15;16;1;2;373;
15;14;1;2;159;
12;8;1;2;269;
20;2;1;2;691;
19;14;1;2;626;
8;14;1;2;655;
12;7;1;2;137;
6;19;1;2;657;
9;5;1;2;108;
5;18;1;2;543;
8;11;1;2;158;
8;10;1;2;565;
11;7;1;2;144;
8;8;1;2;703;
16;3;1;2;529;
1;20;1;2;656;
12;4;1;2;643;
17;15;1;2;517;
17;11;1;2;655;
8;4;1;2;587;
11;14;1;2;481;
12;19;1;2;532;
20;7;1;2;431;
1;1;78;251
2;1;71;821
3;1;71;367
4;1;76;966
5;1;78;671
6;1;62;174
7;1;63;550
8;1;61;750
9;1;77;1190
10;1;68;74
11;1;77;1319
12;1;77;1080
13;1;63;1465
*** EOF ***