**** 15 ****
50
8;8;1;2;265;
3;19;1;2;121;
3;1;1;2;244;
17;13;1;2;356;
13;11;1;2;205;
2;7;1;2;204;
8;18;1;2;248;
1;16;1;2;298;
8;2;1;2;115;
7;17;1;2;78;
16;8;1;2;209;
4;11;1;2;111;
14;4;1;2;297;
4;13;1;2;55;
20;5;1;2;1;
20;11;1;2;6;
10;20;1;2;156;
3;12;1;2;97;
16;13;1;2;12;
13;13;1;2;182;
15;7;1;2;312;
6;1;1;2;287;
11;18;1;2;184;
5;18;1;2;210;
13;8;1;2;11;
18;20;1;2;100;
6;9;1;2;177;
17;17;1;2;280;
16;18;1;2;257;
10;18;1;2;154;
14;14;1;2;124;
9;9;1;2;208;
3;17;1;2;347;
12;14;1;2;256;
1;10;1;2;76;
3;19;1;2;231;
3;1;1;2;256;
1;3;1;2;213;
6;2;1;2;187;
7;9;1;2;229;
7;1;1;2;133;
13;11;1;2;63;
6;14;1;2;155;
5;14;1;2;30;
3;12;1;2;135;
10;16;1;2;310;
11;1;1;2;257;
15;2;1;2;121;
3;8;1;2;143;
10;8;1;2;34;
1;1;15;422
2;1;30;383
3;1;14;65
4;1;14;520
5;1;16;535
6;1;26;594
7;1;28;662
8;1;20;569
9;1;15;152
10;1;22;321
11;1;28;709
12;1;25;81
13;1;12;204
*** EOF ***