**** 11 ****
50
69;77;1;2;1450;
63;78;1;2;1030;
75;63;1;2;1715;
73;70;1;2;124;
74;72;1;2;1327;
79;79;1;2;1796;
80;73;1;2;1210;
64;62;1;2;930;
79;69;1;2;614;
77;79;1;2;1525;
68;63;1;2;1316;
62;65;1;2;365;
78;74;1;2;580;
80;76;1;2;1744;
68;65;1;2;1073;
79;77;1;2;1006;
71;76;1;2;1172;
69;80;1;2;689;
71;61;1;2;346;
80;68;1;2;1392;
74;75;1;2;1195;
72;71;1;2;1560;
62;69;1;2;1656;
72;64;1;2;189;
63;73;1;2;1046;
68;75;1;2;113;
80;76;1;2;338;
61;63;1;2;766;
62;63;1;2;1720;
80;64;1;2;544;
72;77;1;2;1758;
69;70;1;2;1087;
78;66;1;2;627;
65;62;1;2;1339;
68;69;1;2;1251;
68;73;1;2;668;
73;64;1;2;1581;
70;78;1;2;561;
79;72;1;2;1612;
64;77;1;2;571;
77;75;1;2;703;
69;80;1;2;855;
61;72;1;2;1657;
70;67;1;2;227;
67;65;1;2;795;
69;62;1;2;1709;
77;78;1;2;1313;
79;68;1;2;591;
66;66;1;2;1806;
69;68;1;2;871;
1;1;4;1938
2;1;12;821
3;1;10;717
4;1;1;2497
5;1;19;675
6;1;5;396
7;1;11;864
8;1;7;3150
9;1;8;1624
10;1;20;1447
11;1;9;1903
12;1;6;2559
13;1;18;2377
*** EOF ***