**** 14 ****
50
68;62;1;2;1830;
61;76;1;2;1257;
61;70;1;2;1667;
79;65;1;2;770;
61;78;1;2;599;
70;62;1;2;1005;
62;66;1;2;903;
64;65;1;2;1678;
77;64;1;2;1180;
71;67;1;2;428;
79;63;1;2;248;
64;80;1;2;1737;
79;63;1;2;217;
71;70;1;2;115;
79;68;1;2;868;
65;77;1;2;1408;
77;77;1;2;1225;
62;62;1;2;103;
80;64;1;2;139;
62;74;1;2;1227;
71;61;1;2;207;
67;73;1;2;708;
69;64;1;2;527;
77;77;1;2;202;
65;71;1;2;758;
79;76;1;2;388;
71;63;1;2;1281;
77;70;1;2;771;
75;75;1;2;477;
70;69;1;2;883;
75;62;1;2;1189;
72;80;1;2;240;
76;76;1;2;1845;
66;63;1;2;186;
76;64;1;2;1615;
75;62;1;2;953;
70;80;1;2;1398;
65;61;1;2;1643;
71;62;1;2;1484;
73;73;1;2;1178;
75;79;1;2;41;
62;71;1;2;1194;
71;76;1;2;547;
77;75;1;2;1061;
66;61;1;2;355;
62;72;1;2;1175;
80;67;1;2;1830;
71;71;1;2;960;
79;65;1;2;96;
78;61;1;2;646;
1;1;12;3655
2;1;14;3487
3;1;14;2279
4;1;8;1125
5;1;8;1984
6;1;9;2347
7;1;18;327
8;1;15;2710
9;1;14;474
10;1;18;1937
11;1;9;3279
12;1;15;3598
13;1;14;124
*** EOF ***