**** 10 ****
50
22;21;1;2;174;
21;19;1;2;478;
21;23;1;2;164;
30;22;1;2;242;
19;13;1;2;217;
16;29;1;2;483;
29;28;1;2;70;
14;13;1;2;286;
29;15;1;2;195;
23;14;1;2;534;
19;24;1;2;563;
11;14;1;2;214;
14;11;1;2;517;
28;28;1;2;63;
22;11;1;2;55;
23;25;1;2;273;
26;14;1;2;502;
23;29;1;2;107;
29;21;1;2;264;
25;16;1;2;620;
22;18;1;2;562;
19;24;1;2;356;
29;23;1;2;563;
19;28;1;2;539;
24;23;1;2;445;
24;13;1;2;623;
11;13;1;2;432;
24;20;1;2;158;
29;17;1;2;622;
28;17;1;2;293;
17;17;1;2;609;
24;17;1;2;407;
30;11;1;2;415;
30;24;1;2;400;
27;24;1;2;367;
17;19;1;2;441;
13;30;1;2;142;
12;18;1;2;269;
13;23;1;2;217;
19;18;1;2;370;
29;12;1;2;5;
16;29;1;2;214;
30;29;1;2;355;
26;25;1;2;238;
26;23;1;2;556;
28;27;1;2;152;
29;17;1;2;142;
29;14;1;2;621;
28;20;1;2;283;
20;21;1;2;510;
1;1;6;746
2;1;18;977
3;1;18;1103
4;1;18;763
5;1;7;451
6;1;16;1035
7;1;14;870
8;1;5;1125
9;1;5;571
10;1;11;187
11;1;18;1059
12;1;4;304
13;1;5;464
*** EOF ***