**** 8 ****
50
2;16;1;2;194;
12;14;1;2;64;
2;16;1;2;120;
5;11;1;2;163;
2;20;1;2;221;
8;18;1;2;15;
6;17;1;2;326;
19;8;1;2;55;
8;3;1;2;143;
3;5;1;2;145;
5;14;1;2;319;
8;18;1;2;350;
19;16;1;2;135;
9;9;1;2;329;
16;12;1;2;342;
6;4;1;2;328;
17;20;1;2;338;
18;15;1;2;47;
8;8;1;2;206;
15;9;1;2;23;
11;3;1;2;156;
2;5;1;2;254;
15;3;1;2;14;
14;19;1;2;251;
1;18;1;2;278;
15;2;1;2;60;
16;16;1;2;321;
8;19;1;2;33;
4;17;1;2;76;
2;20;1;2;43;
15;13;1;2;14;
1;9;1;2;242;
4;10;1;2;257;
16;16;1;2;335;
5;17;1;2;174;
7;10;1;2;316;
19;4;1;2;299;
3;6;1;2;315;
6;20;1;2;363;
10;20;1;2;328;
16;2;1;2;246;
13;3;1;2;23;
18;19;1;2;371;
13;18;1;2;122;
5;15;1;2;81;
11;8;1;2;20;
2;10;1;2;278;
13;3;1;2;298;
20;13;1;2;276;
5;4;1;2;269;
1;1;26;239
2;1;16;362
3;1;22;270
4;1;22;594
5;1;18;484
6;1;17;672
7;1;27;30
8;1;13;405
9;1;27;510
10;1;12;323
11;1;17;700
12;1;25;729
13;1;29;629
*** EOF ***