**** 16 ****
50
2;2;1;2;231;
20;6;1;2;306;
10;14;1;2;375;
16;14;1;2;387;
3;4;1;2;80;
14;18;1;2;296;
1;8;1;2;56;
3;12;1;2;20;
18;19;1;2;73;
7;7;1;2;270;
12;17;1;2;264;
1;9;1;2;65;
20;7;1;2;100;
13;15;1;2;236;
1;14;1;2;208;
8;20;1;2;359;
20;15;1;2;33;
6;17;1;2;211;
17;20;1;2;125;
10;16;1;2;308;
6;16;1;2;102;
8;12;1;2;25;
18;16;1;2;381;
7;8;1;2;29;
3;5;1;2;288;
2;16;1;2;290;
8;1;1;2;332;
1;4;1;2;155;
18;20;1;2;351;
7;16;1;2;250;
9;14;1;2;347;
6;17;1;2;93;
19;15;1;2;271;
10;19;1;2;140;
16;16;1;2;285;
16;9;1;2;163;
11;13;1;2;354;
16;4;1;2;130;
8;10;1;2;201;
20;10;1;2;39;
6;8;1;2;146;
2;18;1;2;344;
13;13;1;2;13;
18;17;1;2;195;
9;12;1;2;185;
20;2;1;2;280;
2;3;1;2;264;
3;14;1;2;226;
17;3;1;2;287;
1;17;1;2;223;
1;1;30;725
2;1;25;545
3;1;14;391
4;1;28;325
5;1;26;503
6;1;19;220
7;1;29;248
8;1;17;198
9;1;27;354
10;1;22;127
11;1;22;24
12;1;12;582
13;1;11;89
*** EOF ***