**** 5 ****
50
33;25;1;2;431;
23;40;1;2;737;
38;27;1;2;503;
26;25;1;2;142;
28;21;1;2;658;
39;38;1;2;386;
36;23;1;2;551;
33;29;1;2;721;
24;38;1;2;250;
24;23;1;2;243;
29;36;1;2;376;
24;36;1;2;53;
22;22;1;2;722;
28;22;1;2;255;
37;24;1;2;653;
32;21;1;2;542;
25;24;1;2;375;
37;33;1;2;86;
21;32;1;2;56;
33;25;1;2;293;
26;26;1;2;372;
36;25;1;2;705;
25;22;1;2;604;
23;24;1;2;774;
24;39;1;2;714;
32;35;1;2;793;
36;35;1;2;553;
25;25;1;2;147;
30;28;1;2;259;
27;25;1;2;689;
23;29;1;2;169;
32;27;1;2;61;
31;33;1;2;769;
31;31;1;2;443;
30;25;1;2;297;
40;26;1;2;201;
26;25;1;2;290;
36;33;1;2;655;
25;33;1;2;772;
28;30;1;2;336;
27;40;1;2;584;
40;26;1;2;712;
26;25;1;2;566;
25;37;1;2;489;
21;34;1;2;259;
22;36;1;2;671;
39;21;1;2;691;
40;31;1;2;800;
35;25;1;2;302;
22;24;1;2;658;
1;1;9;1231
2;1;6;716
3;1;15;679
4;1;8;1562
5;1;19;1305
6;1;1;1610
7;1;8;1513
8;1;8;273
9;1;19;96
10;1;7;1118
11;1;14;508
12;1;9;924
13;1;14;1411
*** EOF ***