**** 3 ****
50
43;44;1;2;1307;
42;57;1;2;836;
60;53;1;2;846;
60;59;1;2;1227;
49;55;1;2;1130;
47;47;1;2;51;
58;60;1;2;647;
45;46;1;2;1206;
42;43;1;2;596;
41;42;1;2;884;
47;58;1;2;18;
52;42;1;2;812;
43;53;1;2;23;
51;41;1;2;910;
51;43;1;2;1233;
48;53;1;2;1029;
42;51;1;2;558;
49;46;1;2;1247;
45;44;1;2;61;
44;41;1;2;133;
42;45;1;2;533;
44;54;1;2;203;
47;60;1;2;116;
47;49;1;2;186;
55;58;1;2;906;
41;54;1;2;713;
56;44;1;2;1249;
54;50;1;2;959;
43;57;1;2;837;
50;58;1;2;271;
51;51;1;2;1017;
52;45;1;2;702;
55;53;1;2;1210;
50;55;1;2;548;
59;52;1;2;1134;
59;59;1;2;865;
44;49;1;2;564;
51;59;1;2;164;
43;45;1;2;543;
49;47;1;2;234;
53;47;1;2;934;
60;58;1;2;705;
50;41;1;2;1306;
57;57;1;2;615;
56;53;1;2;763;
47;54;1;2;1017;
44;60;1;2;863;
60;60;1;2;18;
51;45;1;2;1165;
59;41;1;2;319;
1;1;20;1296
2;1;13;98
3;1;3;2584
4;1;9;381
5;1;9;2078
6;1;2;2326
7;1;20;990
8;1;15;820
9;1;7;160
10;1;17;2157
11;1;7;125
12;1;12;2458
13;1;6;511
*** EOF ***