**** 16 ****
50
68;73;1;2;486;
62;69;1;2;740;
64;63;1;2;814;
77;75;1;2;809;
63;68;1;2;357;
65;65;1;2;1109;
77;70;1;2;317;
77;76;1;2;1523;
77;62;1;2;241;
67;75;1;2;1619;
66;72;1;2;839;
68;78;1;2;584;
76;68;1;2;1210;
78;74;1;2;568;
62;76;1;2;103;
67;65;1;2;974;
63;62;1;2;1496;
77;66;1;2;1745;
67;63;1;2;1291;
66;70;1;2;862;
73;78;1;2;1666;
62;70;1;2;377;
65;61;1;2;637;
73;70;1;2;917;
70;72;1;2;699;
65;67;1;2;410;
61;72;1;2;489;
73;63;1;2;74;
77;66;1;2;933;
70;68;1;2;698;
64;73;1;2;80;
72;66;1;2;1547;
68;66;1;2;100;
79;64;1;2;31;
69;63;1;2;1314;
75;70;1;2;104;
78;69;1;2;669;
69;78;1;2;929;
63;72;1;2;1112;
67;72;1;2;89;
71;64;1;2;1458;
74;77;1;2;13;
80;71;1;2;502;
71;79;1;2;201;
62;74;1;2;1086;
70;66;1;2;569;
69;73;1;2;296;
64;71;1;2;1755;
76;77;1;2;951;
63;66;1;2;1350;
1;1;20;2390
2;1;10;2039
3;1;15;1769
4;1;10;3259
5;1;2;2166
6;1;8;3223
7;1;1;2293
8;1;3;3404
9;1;8;2225
10;1;10;1265
11;1;9;378
12;1;4;1671
13;1;14;2557
*** EOF ***