**** 18 ****
50
38;50;1;2;217;
37;47;1;2;758;
47;41;1;2;1026;
45;31;1;2;989;
46;47;1;2;310;
45;39;1;2;957;
39;37;1;2;851;
37;49;1;2;297;
37;39;1;2;352;
43;31;1;2;812;
48;42;1;2;724;
34;43;1;2;358;
38;37;1;2;1005;
41;33;1;2;1041;
45;50;1;2;42;
41;44;1;2;347;
49;49;1;2;746;
32;41;1;2;52;
39;50;1;2;785;
45;49;1;2;832;
38;40;1;2;676;
42;50;1;2;385;
33;37;1;2;78;
42;50;1;2;455;
35;42;1;2;45;
37;43;1;2;941;
48;46;1;2;565;
44;33;1;2;669;
31;46;1;2;115;
37;50;1;2;46;
49;34;1;2;883;
36;43;1;2;601;
50;35;1;2;674;
46;46;1;2;642;
35;43;1;2;752;
34;50;1;2;172;
44;31;1;2;532;
31;32;1;2;387;
35;31;1;2;410;
39;43;1;2;91;
47;41;1;2;517;
46;47;1;2;828;
40;45;1;2;704;
39;34;1;2;731;
38;38;1;2;53;
42;49;1;2;35;
43;40;1;2;837;
40;39;1;2;992;
47;46;1;2;819;
33;40;1;2;411;
1;1;17;1587
2;1;2;1659
3;1;7;2036
4;1;4;885
5;1;8;90
6;1;4;1733
7;1;3;842
8;1;8;1091
9;1;18;2066
10;1;9;1477
11;1;1;691
12;1;9;1438
13;1;18;508
*** EOF ***