**** 17 ****
50
12;11;1;2;126;
16;11;1;2;59;
18;9;1;2;223;
12;7;1;2;499;
10;1;1;2;470;
9;11;1;2;308;
2;4;1;2;65;
17;19;1;2;274;
15;2;1;2;271;
5;17;1;2;119;
19;1;1;2;424;
12;5;1;2;197;
2;4;1;2;353;
14;17;1;2;221;
19;1;1;2;380;
10;18;1;2;243;
15;18;1;2;489;
7;11;1;2;3;
11;11;1;2;322;
1;15;1;2;23;
15;7;1;2;532;
8;18;1;2;462;
9;17;1;2;526;
4;2;1;2;50;
20;1;1;2;362;
9;8;1;2;93;
5;9;1;2;370;
12;10;1;2;463;
8;8;1;2;458;
12;18;1;2;110;
18;2;1;2;407;
10;13;1;2;429;
20;20;1;2;164;
20;9;1;2;540;
16;18;1;2;315;
13;10;1;2;514;
8;9;1;2;412;
18;18;1;2;417;
12;10;1;2;281;
18;9;1;2;36;
4;15;1;2;524;
10;4;1;2;541;
5;2;1;2;283;
7;20;1;2;278;
8;15;1;2;412;
3;18;1;2;142;
16;4;1;2;265;
8;11;1;2;268;
14;1;1;2;215;
3;17;1;2;84;
1;1;41;141
2;1;41;781
3;1;31;928
4;1;50;651
5;1;34;728
6;1;47;866
7;1;37;564
8;1;50;967
9;1;46;509
10;1;43;228
11;1;48;390
12;1;45;604
13;1;40;340
*** EOF ***