**** 2 ****
50
2;19;1;2;126;
8;6;1;2;192;
13;17;1;2;90;
17;6;1;2;89;
13;10;1;2;226;
4;2;1;2;361;
11;19;1;2;253;
8;19;1;2;123;
20;18;1;2;358;
1;19;1;2;351;
15;5;1;2;226;
9;18;1;2;311;
12;8;1;2;219;
10;5;1;2;250;
1;2;1;2;317;
6;13;1;2;319;
18;9;1;2;5;
4;17;1;2;168;
5;4;1;2;239;
2;2;1;2;58;
1;3;1;2;137;
4;13;1;2;210;
12;3;1;2;9;
17;6;1;2;148;
13;15;1;2;197;
2;15;1;2;68;
12;5;1;2;381;
4;1;1;2;175;
16;19;1;2;356;
10;16;1;2;289;
12;2;1;2;52;
17;18;1;2;230;
8;15;1;2;45;
10;15;1;2;259;
9;11;1;2;168;
15;6;1;2;238;
13;18;1;2;222;
4;1;1;2;373;
4;6;1;2;40;
15;17;1;2;224;
12;3;1;2;206;
6;5;1;2;46;
15;13;1;2;224;
8;5;1;2;114;
11;19;1;2;130;
20;13;1;2;37;
4;14;1;2;86;
12;7;1;2;327;
18;20;1;2;198;
18;18;1;2;56;
1;1;12;490
2;1;29;256
3;1;12;530
4;1;19;421
5;1;22;227
6;1;17;678
7;1;29;566
8;1;21;108
9;1;30;67
10;1;14;725
11;1;11;440
12;1;26;360
13;1;30;633
*** EOF ***