**** 11 ****
50
27;21;1;2;23;
38;37;1;2;454;
35;24;1;2;109;
34;38;1;2;378;
38;28;1;2;600;
22;36;1;2;54;
36;27;1;2;169;
21;37;1;2;205;
38;35;1;2;178;
37;40;1;2;578;
24;23;1;2;691;
28;22;1;2;649;
38;38;1;2;417;
33;37;1;2;718;
35;27;1;2;240;
30;22;1;2;150;
21;28;1;2;80;
38;25;1;2;293;
25;38;1;2;752;
36;29;1;2;621;
24;21;1;2;73;
31;28;1;2;436;
24;22;1;2;181;
38;32;1;2;526;
33;32;1;2;477;
22;36;1;2;288;
21;27;1;2;133;
21;24;1;2;179;
24;37;1;2;515;
38;27;1;2;14;
35;32;1;2;442;
36;22;1;2;595;
29;34;1;2;475;
40;38;1;2;251;
30;34;1;2;103;
36;24;1;2;222;
28;30;1;2;811;
25;39;1;2;443;
32;23;1;2;731;
26;26;1;2;731;
28;30;1;2;659;
26;22;1;2;380;
34;30;1;2;40;
34;31;1;2;653;
28;25;1;2;215;
39;25;1;2;48;
29;26;1;2;237;
36;30;1;2;16;
22;37;1;2;738;
38;39;1;2;343;
1;1;12;1068
2;1;1;219
3;1;2;104
4;1;9;145
5;1;12;1245
6;1;12;1646
7;1;14;920
8;1;20;235
9;1;16;1700
10;1;12;1036
11;1;12;1536
12;1;18;371
13;1;20;970
*** EOF ***