**** 15 ****
50
74;65;1;2;226;
61;70;1;2;99;
76;61;1;2;1333;
72;75;1;2;259;
65;73;1;2;45;
74;74;1;2;609;
64;73;1;2;1744;
66;78;1;2;1590;
65;67;1;2;586;
71;79;1;2;95;
64;80;1;2;179;
73;72;1;2;444;
75;67;1;2;58;
75;63;1;2;396;
68;68;1;2;1572;
74;63;1;2;1511;
74;79;1;2;850;
79;74;1;2;958;
77;67;1;2;465;
72;76;1;2;708;
77;71;1;2;492;
67;79;1;2;136;
69;64;1;2;1568;
70;78;1;2;1460;
73;63;1;2;1020;
65;73;1;2;1133;
69;66;1;2;1049;
75;74;1;2;965;
79;79;1;2;1629;
75;77;1;2;453;
67;68;1;2;1649;
78;79;1;2;1763;
75;65;1;2;609;
69;66;1;2;947;
61;72;1;2;358;
75;79;1;2;941;
68;80;1;2;370;
68;79;1;2;744;
68;68;1;2;1559;
72;74;1;2;408;
77;62;1;2;305;
64;62;1;2;939;
65;62;1;2;846;
79;74;1;2;1435;
64;71;1;2;1328;
78;70;1;2;133;
67;70;1;2;818;
70;75;1;2;1672;
67;72;1;2;349;
79;68;1;2;1595;
1;1;20;2415
2;1;2;2372
3;1;5;3526
4;1;13;1459
5;1;14;3295
6;1;5;1028
7;1;12;311
8;1;7;1391
9;1;15;158
10;1;6;2705
11;1;14;1936
12;1;10;1524
13;1;5;3017
*** EOF ***