**** 6 ****
50
12;19;1;2;21;
11;1;1;2;269;
7;8;1;2;323;
18;4;1;2;372;
12;1;1;2;312;
4;14;1;2;296;
14;11;1;2;3;
7;10;1;2;308;
2;10;1;2;68;
12;14;1;2;4;
18;15;1;2;137;
20;8;1;2;50;
16;20;1;2;346;
8;3;1;2;207;
11;3;1;2;1;
19;8;1;2;463;
18;2;1;2;346;
9;17;1;2;304;
6;3;1;2;431;
20;11;1;2;245;
16;12;1;2;297;
5;10;1;2;60;
9;7;1;2;40;
3;8;1;2;211;
7;9;1;2;127;
8;13;1;2;99;
13;18;1;2;116;
6;5;1;2;310;
18;5;1;2;94;
9;11;1;2;243;
9;16;1;2;187;
12;12;1;2;468;
17;17;1;2;64;
5;1;1;2;260;
14;9;1;2;459;
11;12;1;2;352;
14;19;1;2;113;
5;2;1;2;26;
18;15;1;2;451;
11;20;1;2;309;
9;17;1;2;63;
6;20;1;2;418;
6;12;1;2;216;
16;6;1;2;265;
19;16;1;2;355;
14;18;1;2;60;
16;17;1;2;27;
5;12;1;2;216;
18;19;1;2;67;
20;17;1;2;464;
1;1;27;654
2;1;22;920
3;1;27;411
4;1;23;757
5;1;28;860
6;1;27;129
7;1;21;687
8;1;38;459
9;1;27;188
10;1;39;217
11;1;26;553
12;1;39;326
13;1;36;55
*** EOF ***