**** 1 ****
50
30;36;1;2;629;
33;38;1;2;710;
25;34;1;2;477;
35;30;1;2;66;
38;28;1;2;105;
23;37;1;2;561;
25;28;1;2;820;
30;34;1;2;31;
25;29;1;2;547;
31;22;1;2;738;
21;36;1;2;796;
29;34;1;2;618;
36;27;1;2;242;
38;40;1;2;114;
40;30;1;2;327;
31;23;1;2;498;
35;22;1;2;482;
40;34;1;2;655;
34;35;1;2;778;
40;27;1;2;70;
22;34;1;2;42;
34;30;1;2;42;
25;38;1;2;683;
31;30;1;2;349;
24;39;1;2;347;
27;25;1;2;100;
37;40;1;2;95;
35;38;1;2;626;
36;25;1;2;288;
36;27;1;2;353;
33;24;1;2;559;
31;34;1;2;480;
27;24;1;2;30;
23;28;1;2;224;
24;35;1;2;173;
25;27;1;2;90;
38;27;1;2;736;
28;29;1;2;40;
37;24;1;2;227;
38;35;1;2;133;
33;38;1;2;489;
40;26;1;2;589;
26;27;1;2;734;
39;35;1;2;613;
34;26;1;2;357;
38;32;1;2;251;
34;27;1;2;57;
34;34;1;2;270;
29;21;1;2;811;
38;36;1;2;534;
1;1;20;1702
2;1;14;1029
3;1;18;431
4;1;1;1648
5;1;3;636
6;1;8;793
7;1;3;953
8;1;6;961
9;1;20;1655
10;1;11;597
11;1;18;207
12;1;5;1195
13;1;4;666
*** EOF ***