**** 10 ****
50
13;4;1;2;221;
1;8;1;2;289;
18;8;1;2;199;
2;10;1;2;332;
2;12;1;2;363;
8;13;1;2;35;
5;3;1;2;163;
11;2;1;2;118;
20;16;1;2;38;
7;2;1;2;376;
18;15;1;2;307;
1;2;1;2;36;
11;17;1;2;333;
1;18;1;2;133;
7;3;1;2;373;
20;18;1;2;255;
18;2;1;2;69;
16;1;1;2;2;
17;13;1;2;53;
6;4;1;2;115;
10;11;1;2;220;
15;14;1;2;208;
1;8;1;2;167;
19;14;1;2;291;
18;8;1;2;59;
14;3;1;2;174;
19;10;1;2;180;
15;3;1;2;46;
1;5;1;2;143;
12;20;1;2;44;
15;20;1;2;155;
6;3;1;2;332;
11;1;1;2;112;
4;8;1;2;32;
18;17;1;2;361;
9;15;1;2;344;
18;4;1;2;369;
16;12;1;2;380;
12;12;1;2;379;
12;10;1;2;140;
7;9;1;2;328;
6;2;1;2;147;
6;12;1;2;214;
11;8;1;2;387;
8;2;1;2;244;
12;11;1;2;270;
19;8;1;2;313;
10;5;1;2;197;
14;13;1;2;337;
15;15;1;2;162;
1;1;23;333
2;1;21;259
3;1;16;548
4;1;19;356
5;1;19;151
6;1;11;653
7;1;21;432
8;1;14;232
9;1;23;615
10;1;14;382
11;1;20;594
12;1;13;407
13;1;21;44
*** EOF ***