**** 11 ****
50
16;23;1;2;442;
25;25;1;2;341;
19;24;1;2;187;
12;11;1;2;234;
29;15;1;2;475;
22;17;1;2;346;
14;20;1;2;89;
13;19;1;2;50;
16;23;1;2;551;
26;19;1;2;274;
24;19;1;2;286;
17;11;1;2;9;
29;17;1;2;91;
18;18;1;2;112;
23;30;1;2;450;
23;30;1;2;583;
23;19;1;2;166;
11;15;1;2;255;
13;25;1;2;373;
12;17;1;2;369;
13;30;1;2;404;
30;19;1;2;266;
17;11;1;2;418;
30;26;1;2;333;
29;15;1;2;43;
17;23;1;2;227;
18;26;1;2;385;
24;16;1;2;160;
12;14;1;2;69;
22;24;1;2;510;
24;13;1;2;122;
16;25;1;2;490;
14;27;1;2;202;
27;11;1;2;269;
28;15;1;2;410;
12;25;1;2;245;
20;21;1;2;215;
30;12;1;2;260;
15;24;1;2;366;
14;12;1;2;227;
20;26;1;2;404;
20;26;1;2;70;
25;29;1;2;287;
27;30;1;2;217;
22;23;1;2;467;
27;22;1;2;425;
23;15;1;2;379;
21;16;1;2;500;
21;22;1;2;412;
15;26;1;2;455;
1;1;13;1119
2;1;3;94
3;1;17;1036
4;1;6;300
5;1;19;1055
6;1;6;716
7;1;18;583
8;1;9;931
9;1;6;530
10;1;13;1132
11;1;16;252
12;1;17;1168
13;1;10;801
*** EOF ***