**** 9 ****
50
50;51;1;2;645;
59;47;1;2;872;
55;45;1;2;91;
50;53;1;2;341;
60;45;1;2;1000;
51;51;1;2;826;
51;41;1;2;1274;
42;57;1;2;23;
48;60;1;2;1216;
52;42;1;2;1257;
60;49;1;2;1172;
43;57;1;2;338;
43;59;1;2;761;
41;47;1;2;466;
41;44;1;2;118;
43;42;1;2;268;
45;45;1;2;24;
59;56;1;2;146;
45;52;1;2;487;
59;50;1;2;568;
48;44;1;2;1033;
54;46;1;2;850;
59;51;1;2;877;
44;49;1;2;1145;
53;51;1;2;1123;
55;47;1;2;357;
59;53;1;2;474;
48;48;1;2;500;
43;44;1;2;200;
44;43;1;2;572;
46;43;1;2;1282;
45;43;1;2;45;
52;45;1;2;1288;
54;48;1;2;241;
43;45;1;2;25;
46;48;1;2;414;
48;44;1;2;412;
58;53;1;2;496;
53;59;1;2;570;
60;58;1;2;1171;
41;56;1;2;322;
50;47;1;2;311;
59;51;1;2;559;
45;56;1;2;1226;
59;46;1;2;748;
50;55;1;2;284;
49;55;1;2;758;
52;56;1;2;1069;
43;50;1;2;471;
42;43;1;2;1188;
1;1;5;160
2;1;10;1605
3;1;7;2040
4;1;10;2348
5;1;12;414
6;1;20;461
7;1;1;20
8;1;13;2300
9;1;15;892
10;1;14;1678
11;1;15;2237
12;1;2;687
13;1;8;696
*** EOF ***