**** 10 ****
50
4;20;1;2;463;
13;5;1;2;233;
9;6;1;2;284;
18;12;1;2;398;
7;17;1;2;431;
19;16;1;2;263;
6;9;1;2;443;
1;20;1;2;364;
2;20;1;2;179;
20;4;1;2;366;
5;17;1;2;485;
3;16;1;2;289;
2;15;1;2;491;
2;12;1;2;164;
5;5;1;2;269;
6;16;1;2;432;
18;20;1;2;35;
5;4;1;2;292;
10;6;1;2;393;
10;15;1;2;376;
17;14;1;2;92;
9;6;1;2;82;
18;15;1;2;168;
12;1;1;2;235;
4;15;1;2;286;
16;17;1;2;287;
11;3;1;2;62;
5;2;1;2;294;
6;6;1;2;178;
10;1;1;2;262;
18;2;1;2;325;
13;17;1;2;173;
15;10;1;2;2;
3;5;1;2;16;
1;9;1;2;259;
12;19;1;2;147;
18;6;1;2;384;
1;1;1;2;182;
14;9;1;2;329;
6;5;1;2;131;
6;5;1;2;201;
9;4;1;2;500;
11;17;1;2;422;
3;8;1;2;428;
13;10;1;2;430;
11;7;1;2;221;
15;9;1;2;359;
6;9;1;2;182;
15;19;1;2;230;
14;2;1;2;82;
1;1;50;372
2;1;48;197
3;1;48;146
4;1;49;612
5;1;45;968
6;1;50;507
7;1;37;469
8;1;47;1018
9;1;42;902
10;1;49;1072
11;1;47;829
12;1;45;422
13;1;42;42
*** EOF ***