**** 5 ****
50
3;8;1;2;494;
12;10;1;2;304;
12;17;1;2;323;
12;15;1;2;413;
3;16;1;2;271;
10;7;1;2;171;
14;15;1;2;129;
13;9;1;2;552;
2;7;1;2;145;
6;14;1;2;304;
2;16;1;2;494;
7;3;1;2;101;
15;5;1;2;245;
12;7;1;2;273;
7;8;1;2;275;
12;7;1;2;303;
10;3;1;2;4;
17;11;1;2;61;
2;19;1;2;466;
20;9;1;2;339;
2;10;1;2;154;
1;20;1;2;503;
3;2;1;2;462;
9;12;1;2;517;
13;17;1;2;80;
2;19;1;2;356;
20;19;1;2;439;
1;1;1;2;5;
7;9;1;2;393;
20;16;1;2;561;
3;6;1;2;502;
6;5;1;2;415;
16;14;1;2;197;
10;5;1;2;141;
9;20;1;2;113;
7;2;1;2;220;
6;5;1;2;315;
17;3;1;2;160;
13;12;1;2;492;
17;13;1;2;550;
4;8;1;2;157;
14;20;1;2;235;
18;16;1;2;486;
5;14;1;2;176;
10;7;1;2;467;
9;5;1;2;222;
12;20;1;2;230;
7;15;1;2;150;
9;2;1;2;45;
2;20;1;2;482;
1;1;52;157
2;1;41;1127
3;1;49;488
4;1;57;1052
5;1;59;834
6;1;41;215
7;1;47;930
8;1;50;57
9;1;49;764
10;1;60;986
11;1;59;262
12;1;57;393
13;1;57;642
*** EOF ***