**** 4 ****
50
11;1;1;2;187;
4;14;1;2;401;
18;17;1;2;271;
17;9;1;2;324;
11;7;1;2;486;
15;19;1;2;76;
9;19;1;2;336;
6;9;1;2;70;
20;6;1;2;276;
14;3;1;2;215;
6;13;1;2;76;
14;15;1;2;17;
9;20;1;2;538;
1;17;1;2;395;
17;4;1;2;569;
1;10;1;2;8;
16;12;1;2;559;
16;6;1;2;448;
2;8;1;2;380;
18;9;1;2;211;
1;19;1;2;412;
8;17;1;2;181;
12;16;1;2;227;
12;5;1;2;531;
11;4;1;2;440;
5;6;1;2;553;
1;14;1;2;45;
15;9;1;2;504;
19;8;1;2;498;
15;2;1;2;345;
16;9;1;2;428;
14;20;1;2;241;
20;20;1;2;131;
1;15;1;2;264;
13;12;1;2;202;
19;5;1;2;580;
8;2;1;2;487;
20;16;1;2;572;
10;6;1;2;530;
5;5;1;2;392;
2;9;1;2;398;
14;13;1;2;231;
15;8;1;2;162;
4;9;1;2;77;
17;10;1;2;275;
13;2;1;2;532;
2;9;1;2;548;
14;6;1;2;277;
4;13;1;2;118;
3;17;1;2;494;
1;1;53;347
2;1;59;478
3;1;41;577
4;1;55;182
5;1;46;243
6;1;49;806
7;1;50;1057
8;1;55;669
9;1;48;419
10;1;49;756
11;1;49;50
12;1;57;1197
13;1;49;132
*** EOF ***