**** 17 ****
50
12;16;1;2;554;
14;11;1;2;596;
5;3;1;2;586;
7;3;1;2;544;
14;13;1;2;230;
20;16;1;2;290;
10;11;1;2;588;
4;8;1;2;593;
16;3;1;2;344;
10;15;1;2;174;
8;9;1;2;184;
11;3;1;2;579;
9;16;1;2;204;
5;7;1;2;154;
12;15;1;2;259;
3;12;1;2;58;
6;9;1;2;443;
5;15;1;2;485;
4;2;1;2;152;
3;3;1;2;481;
10;16;1;2;313;
2;2;1;2;548;
17;15;1;2;554;
8;12;1;2;629;
12;10;1;2;234;
11;7;1;2;307;
11;10;1;2;387;
15;4;1;2;236;
14;14;1;2;381;
20;1;1;2;35;
20;9;1;2;301;
16;20;1;2;607;
3;6;1;2;373;
9;3;1;2;187;
6;1;1;2;301;
16;1;1;2;203;
6;13;1;2;435;
3;16;1;2;471;
1;10;1;2;582;
15;9;1;2;284;
5;2;1;2;314;
4;18;1;2;598;
12;8;1;2;353;
1;5;1;2;197;
16;11;1;2;67;
9;2;1;2;523;
10;10;1;2;637;
7;8;1;2;270;
5;8;1;2;529;
13;7;1;2;695;
1;1;75;397
2;1;75;991
3;1;63;504
4;1;69;99
5;1;74;1201
6;1;78;1088
7;1;64;213
8;1;72;1321
9;1;67;869
10;1;64;676
11;1;75;295
12;1;71;788
13;1;68;577
*** EOF ***