**** 18 ****
50
8;7;1;2;76;
8;17;1;2;423;
20;12;1;2;92;
5;11;1;2;486;
3;18;1;2;76;
2;17;1;2;178;
20;9;1;2;332;
16;6;1;2;365;
10;14;1;2;479;
4;13;1;2;180;
5;12;1;2;63;
18;13;1;2;172;
12;20;1;2;291;
3;10;1;2;50;
12;19;1;2;292;
18;6;1;2;363;
9;6;1;2;76;
2;19;1;2;130;
12;15;1;2;308;
18;15;1;2;18;
2;8;1;2;273;
20;2;1;2;323;
20;16;1;2;326;
1;5;1;2;356;
11;14;1;2;291;
13;4;1;2;212;
1;14;1;2;145;
12;8;1;2;499;
11;7;1;2;261;
7;3;1;2;2;
5;4;1;2;71;
12;1;1;2;102;
8;9;1;2;35;
4;5;1;2;347;
19;20;1;2;423;
8;13;1;2;476;
13;11;1;2;385;
7;20;1;2;36;
15;10;1;2;79;
2;4;1;2;360;
18;20;1;2;457;
7;6;1;2;435;
18;9;1;2;243;
16;16;1;2;424;
3;11;1;2;518;
5;3;1;2;160;
17;7;1;2;103;
19;7;1;2;351;
18;15;1;2;485;
16;4;1;2;185;
1;1;34;993
2;1;39;382
3;1;33;729
4;1;41;339
5;1;37;807
6;1;33;118
7;1;39;1029
8;1;44;471
9;1;43;667
10;1;46;66
11;1;35;868
12;1;31;921
13;1;49;584
*** EOF ***