**** 6 ****
50
6;10;1;2;400;
16;3;1;2;251;
4;14;1;2;347;
14;8;1;2;337;
1;13;1;2;551;
3;11;1;2;571;
13;17;1;2;428;
13;1;1;2;218;
8;11;1;2;41;
8;20;1;2;96;
8;6;1;2;83;
4;20;1;2;585;
14;13;1;2;381;
19;6;1;2;408;
14;14;1;2;371;
20;14;1;2;226;
9;14;1;2;302;
20;5;1;2;69;
15;12;1;2;299;
11;17;1;2;567;
8;19;1;2;419;
15;20;1;2;62;
17;11;1;2;486;
10;1;1;2;93;
8;15;1;2;311;
20;4;1;2;269;
12;14;1;2;67;
4;4;1;2;343;
2;18;1;2;585;
16;5;1;2;136;
9;8;1;2;302;
6;18;1;2;22;
17;19;1;2;435;
8;3;1;2;580;
7;4;1;2;259;
5;14;1;2;83;
3;17;1;2;294;
7;15;1;2;58;
1;6;1;2;45;
7;12;1;2;472;
5;16;1;2;322;
8;12;1;2;414;
11;4;1;2;405;
13;4;1;2;502;
2;2;1;2;479;
18;7;1;2;107;
11;15;1;2;38;
18;17;1;2;330;
12;6;1;2;262;
20;12;1;2;188;
1;1;41;432
2;1;49;322
3;1;42;966
4;1;55;241
5;1;52;1033
6;1;50;912
7;1;56;589
8;1;46;1162
9;1;46;647
10;1;52;57
11;1;54;731
12;1;47;476
13;1;60;816
*** EOF ***