**** 9 ****
50
16;20;1;2;150;
3;17;1;2;280;
9;19;1;2;401;
11;8;1;2;131;
11;3;1;2;366;
19;20;1;2;174;
9;2;1;2;38;
12;12;1;2;5;
11;13;1;2;288;
1;13;1;2;287;
2;7;1;2;439;
15;13;1;2;155;
6;14;1;2;280;
11;17;1;2;145;
6;15;1;2;234;
5;13;1;2;71;
10;3;1;2;367;
11;3;1;2;374;
19;4;1;2;214;
13;12;1;2;41;
11;7;1;2;7;
20;4;1;2;49;
3;10;1;2;26;
7;9;1;2;56;
10;15;1;2;162;
17;9;1;2;412;
3;16;1;2;347;
5;18;1;2;136;
11;8;1;2;47;
15;9;1;2;305;
16;15;1;2;377;
5;8;1;2;163;
18;15;1;2;224;
19;9;1;2;453;
4;3;1;2;379;
18;16;1;2;43;
10;7;1;2;310;
11;11;1;2;127;
8;11;1;2;256;
17;18;1;2;397;
10;14;1;2;168;
11;2;1;2;331;
7;6;1;2;443;
4;8;1;2;364;
4;13;1;2;316;
15;3;1;2;321;
18;13;1;2;94;
6;10;1;2;316;
15;19;1;2;389;
14;15;1;2;1;
1;1;23;61
2;1;38;550
3;1;30;647
4;1;21;596
5;1;23;223
6;1;27;341
7;1;34;98
8;1;30;251
9;1;31;779
10;1;40;904
11;1;26;702
12;1;40;463
13;1;26;291
*** EOF ***