**** 2 ****
50
74;71;1;2;1192;
74;67;1;2;1178;
74;70;1;2;1764;
76;63;1;2;817;
64;78;1;2;751;
62;77;1;2;620;
61;74;1;2;336;
63;71;1;2;1680;
79;70;1;2;63;
71;76;1;2;1448;
64;68;1;2;843;
64;72;1;2;1361;
76;79;1;2;411;
73;72;1;2;625;
79;65;1;2;1688;
72;73;1;2;953;
62;66;1;2;166;
72;80;1;2;1526;
61;71;1;2;660;
80;65;1;2;549;
68;66;1;2;29;
78;63;1;2;294;
75;78;1;2;1000;
66;69;1;2;1821;
79;79;1;2;458;
67;79;1;2;894;
63;61;1;2;115;
62;66;1;2;131;
65;70;1;2;963;
75;71;1;2;124;
75;76;1;2;1671;
77;67;1;2;384;
79;66;1;2;1714;
68;65;1;2;1801;
61;75;1;2;974;
80;63;1;2;1649;
78;76;1;2;958;
66;68;1;2;724;
79;71;1;2;1014;
77;69;1;2;356;
69;61;1;2;540;
79;77;1;2;562;
72;67;1;2;1048;
80;63;1;2;932;
65;63;1;2;285;
70;68;1;2;221;
78;74;1;2;969;
77;61;1;2;667;
67;69;1;2;447;
80;61;1;2;560;
1;1;8;2052
2;1;12;1788
3;1;14;1702
4;1;12;3671
5;1;12;686
6;1;4;1447
7;1;7;2313
8;1;7;3276
9;1;6;939
10;1;10;2417
11;1;16;1881
12;1;11;2624
13;1;15;2321
*** EOF ***