**** 13 ****
50
17;5;1;2;675;
10;11;1;2;236;
15;14;1;2;458;
3;8;1;2;479;
6;15;1;2;591;
2;1;1;2;656;
12;9;1;2;666;
5;16;1;2;336;
17;9;1;2;475;
11;2;1;2;530;
16;20;1;2;668;
20;10;1;2;417;
5;4;1;2;271;
14;10;1;2;552;
5;20;1;2;677;
9;7;1;2;475;
19;15;1;2;459;
10;11;1;2;372;
3;1;1;2;276;
2;10;1;2;436;
2;7;1;2;703;
17;19;1;2;172;
2;10;1;2;446;
19;4;1;2;592;
19;11;1;2;673;
12;4;1;2;54;
12;1;1;2;146;
18;11;1;2;2;
14;10;1;2;585;
14;19;1;2;707;
11;15;1;2;237;
14;15;1;2;479;
2;13;1;2;222;
18;14;1;2;284;
20;17;1;2;136;
6;2;1;2;11;
7;9;1;2;263;
2;16;1;2;151;
15;8;1;2;633;
19;10;1;2;641;
15;19;1;2;205;
7;9;1;2;301;
10;10;1;2;322;
14;18;1;2;586;
6;2;1;2;439;
11;3;1;2;442;
4;10;1;2;711;
18;16;1;2;152;
3;13;1;2;321;
9;10;1;2;695;
1;1;68;420
2;1;79;164
3;1;61;76
4;1;65;1258
5;1;72;758
6;1;63;1397
7;1;66;1114
8;1;67;679
9;1;66;348
10;1;77;887
11;1;68;558
12;1;61;989
13;1;74;265
*** EOF ***