**** 4 ****
50
4;2;1;2;26;
6;8;1;2;376;
11;12;1;2;424;
10;12;1;2;54;
10;17;1;2;155;
15;10;1;2;231;
9;13;1;2;108;
19;17;1;2;412;
15;6;1;2;110;
18;15;1;2;458;
2;6;1;2;112;
11;8;1;2;423;
11;20;1;2;236;
11;13;1;2;65;
12;16;1;2;467;
12;14;1;2;149;
13;6;1;2;332;
7;6;1;2;332;
6;15;1;2;303;
9;3;1;2;331;
14;17;1;2;198;
17;15;1;2;198;
2;13;1;2;12;
4;3;1;2;49;
18;17;1;2;69;
7;3;1;2;196;
17;5;1;2;352;
6;3;1;2;67;
17;12;1;2;427;
16;14;1;2;372;
20;1;1;2;295;
20;12;1;2;461;
15;3;1;2;135;
13;14;1;2;92;
19;16;1;2;172;
9;3;1;2;291;
9;15;1;2;148;
18;2;1;2;362;
12;5;1;2;121;
16;5;1;2;325;
4;20;1;2;468;
20;13;1;2;111;
9;10;1;2;223;
1;9;1;2;180;
15;1;1;2;279;
11;1;1;2;386;
8;7;1;2;131;
6;7;1;2;170;
6;14;1;2;11;
2;15;1;2;366;
1;1;30;134
2;1;30;763
3;1;31;827
4;1;28;920
5;1;34;63
6;1;33;381
7;1;30;689
8;1;29;224
9;1;30;572
10;1;24;289
11;1;36;334
12;1;36;625
13;1;29;455
*** EOF ***