**** 6 ****
50
44;57;1;2;369;
52;42;1;2;271;
51;58;1;2;304;
47;59;1;2;727;
55;41;1;2;434;
51;57;1;2;285;
60;49;1;2;277;
48;47;1;2;1238;
43;58;1;2;1220;
59;45;1;2;906;
53;54;1;2;585;
43;43;1;2;928;
43;51;1;2;106;
45;42;1;2;1116;
50;57;1;2;225;
51;57;1;2;971;
54;45;1;2;695;
49;52;1;2;185;
51;52;1;2;378;
46;48;1;2;169;
48;44;1;2;942;
44;50;1;2;491;
58;48;1;2;256;
57;50;1;2;348;
54;59;1;2;1069;
44;46;1;2;833;
52;58;1;2;874;
60;59;1;2;27;
60;59;1;2;1143;
49;53;1;2;579;
51;51;1;2;66;
51;50;1;2;358;
58;58;1;2;671;
54;49;1;2;968;
45;43;1;2;1070;
49;51;1;2;757;
57;44;1;2;634;
52;59;1;2;328;
44;53;1;2;497;
46;59;1;2;1271;
60;45;1;2;36;
44;47;1;2;1140;
43;41;1;2;1280;
48;48;1;2;1073;
45;46;1;2;334;
55;54;1;2;55;
46;48;1;2;780;
42;52;1;2;493;
42;46;1;2;253;
42;46;1;2;723;
1;1;2;1078
2;1;13;1504
3;1;20;2366
4;1;7;441
5;1;19;1208
6;1;10;1694
7;1;4;2476
8;1;7;1419
9;1;10;1620
10;1;3;790
11;1;6;716
12;1;14;18
13;1;6;1708
*** EOF ***