**** 9 ****
50
8;16;1;2;119;
11;8;1;2;135;
14;7;1;2;276;
8;1;1;2;186;
12;8;1;2;138;
20;17;1;2;175;
16;19;1;2;64;
9;13;1;2;315;
1;6;1;2;256;
1;9;1;2;44;
13;20;1;2;212;
20;7;1;2;287;
20;16;1;2;154;
18;14;1;2;163;
4;12;1;2;350;
11;19;1;2;265;
4;2;1;2;309;
12;16;1;2;336;
20;20;1;2;248;
3;19;1;2;279;
1;2;1;2;249;
5;13;1;2;53;
5;3;1;2;219;
16;13;1;2;221;
1;10;1;2;183;
4;6;1;2;168;
8;18;1;2;220;
10;7;1;2;120;
11;14;1;2;294;
1;18;1;2;24;
8;1;1;2;200;
3;7;1;2;151;
3;19;1;2;145;
1;15;1;2;25;
15;4;1;2;21;
13;2;1;2;96;
5;3;1;2;75;
1;14;1;2;158;
17;6;1;2;58;
18;3;1;2;252;
19;8;1;2;305;
2;15;1;2;310;
12;15;1;2;287;
1;17;1;2;130;
15;18;1;2;165;
3;20;1;2;316;
5;11;1;2;169;
6;10;1;2;355;
20;16;1;2;121;
7;12;1;2;327;
1;1;11;659
2;1;27;54
3;1;25;239
4;1;21;303
5;1;20;437
6;1;14;177
7;1;17;686
8;1;18;403
9;1;20;330
10;1;17;587
11;1;25;717
12;1;30;373
13;1;25;512
*** EOF ***