**** 8 ****
50
66;79;1;2;1459;
73;80;1;2;1358;
66;72;1;2;822;
72;67;1;2;1167;
61;76;1;2;407;
65;71;1;2;1179;
79;63;1;2;111;
66;78;1;2;1139;
64;80;1;2;641;
79;62;1;2;1011;
62;79;1;2;390;
67;80;1;2;98;
80;65;1;2;186;
72;78;1;2;1062;
67;79;1;2;1518;
80;62;1;2;141;
64;80;1;2;1670;
72;68;1;2;484;
73;77;1;2;771;
80;69;1;2;907;
66;63;1;2;528;
64;72;1;2;1690;
75;62;1;2;321;
63;79;1;2;146;
73;75;1;2;46;
76;75;1;2;1143;
75;66;1;2;12;
79;65;1;2;1157;
75;65;1;2;1235;
65;72;1;2;650;
63;80;1;2;1799;
78;78;1;2;1190;
74;80;1;2;644;
71;74;1;2;1227;
75;76;1;2;1840;
72;67;1;2;294;
78;80;1;2;1650;
76;80;1;2;82;
77;76;1;2;607;
72;71;1;2;1425;
67;64;1;2;1682;
74;73;1;2;23;
69;69;1;2;787;
72;80;1;2;224;
65;67;1;2;132;
79;71;1;2;410;
61;66;1;2;1163;
64;61;1;2;1221;
63;70;1;2;1678;
76;75;1;2;865;
1;1;2;2608
2;1;2;1406
3;1;20;270
4;1;20;2187
5;1;16;1823
6;1;9;3433
7;1;15;2798
8;1;8;1681
9;1;1;665
10;1;14;2683
11;1;14;1852
12;1;13;1428
13;1;9;3237
*** EOF ***