**** 19 ****
50
4;12;1;2;524;
6;14;1;2;288;
5;12;1;2;335;
11;16;1;2;393;
13;15;1;2;98;
11;20;1;2;37;
10;7;1;2;105;
18;18;1;2;582;
20;8;1;2;51;
18;1;1;2;521;
18;13;1;2;334;
15;19;1;2;113;
6;5;1;2;238;
7;11;1;2;351;
19;12;1;2;91;
8;2;1;2;294;
6;7;1;2;219;
17;15;1;2;100;
14;7;1;2;363;
4;2;1;2;181;
20;2;1;2;480;
6;19;1;2;422;
7;17;1;2;276;
4;8;1;2;231;
19;8;1;2;54;
19;19;1;2;203;
14;9;1;2;10;
16;7;1;2;412;
6;6;1;2;322;
9;20;1;2;21;
14;17;1;2;515;
10;7;1;2;239;
11;1;1;2;425;
1;12;1;2;117;
12;8;1;2;266;
14;17;1;2;577;
19;11;1;2;349;
14;12;1;2;581;
9;6;1;2;127;
8;12;1;2;50;
17;6;1;2;41;
15;5;1;2;185;
11;4;1;2;336;
16;11;1;2;406;
3;16;1;2;5;
5;5;1;2;342;
7;5;1;2;383;
13;17;1;2;388;
14;15;1;2;257;
4;6;1;2;522;
1;1;53;664
2;1;55;117
3;1;50;963
4;1;56;258
5;1;41;610
6;1;46;1019
7;1;44;46
8;1;57;1132
9;1;50;818
10;1;59;871
11;1;60;749
12;1;58;362
13;1;49;1066
*** EOF ***