**** 9 ****
50
9;18;1;2;9;
17;5;1;2;76;
15;19;1;2;177;
14;6;1;2;86;
8;17;1;2;346;
15;4;1;2;341;
13;17;1;2;585;
12;18;1;2;542;
3;11;1;2;101;
1;13;1;2;622;
1;17;1;2;336;
1;14;1;2;150;
17;12;1;2;504;
9;7;1;2;620;
1;17;1;2;392;
13;2;1;2;78;
10;8;1;2;100;
16;17;1;2;399;
6;11;1;2;290;
10;17;1;2;191;
15;6;1;2;138;
4;11;1;2;499;
11;19;1;2;290;
19;17;1;2;465;
20;11;1;2;585;
8;3;1;2;492;
19;16;1;2;172;
13;14;1;2;447;
20;20;1;2;41;
1;19;1;2;128;
4;4;1;2;539;
15;6;1;2;246;
8;8;1;2;168;
16;11;1;2;138;
6;15;1;2;51;
10;14;1;2;211;
12;20;1;2;534;
11;2;1;2;257;
8;20;1;2;365;
11;3;1;2;228;
4;7;1;2;268;
8;9;1;2;120;
8;12;1;2;615;
5;10;1;2;392;
4;18;1;2;557;
3;14;1;2;413;
1;1;1;2;326;
19;12;1;2;369;
8;2;1;2;367;
5;3;1;2;245;
1;1;61;1040
2;1;51;461
3;1;70;592
4;1;63;964
5;1;66;1113
6;1;58;758
7;1;52;358
8;1;55;176
9;1;66;1190
10;1;51;679
11;1;64;282
12;1;56;96
13;1;61;526
*** EOF ***