**** 13 ****
50
14;26;1;2;467;
26;12;1;2;490;
23;18;1;2;218;
18;21;1;2;517;
20;19;1;2;92;
15;25;1;2;170;
23;29;1;2;441;
26;28;1;2;54;
16;25;1;2;77;
13;22;1;2;511;
12;14;1;2;247;
28;18;1;2;391;
17;12;1;2;279;
21;18;1;2;424;
19;25;1;2;445;
12;24;1;2;219;
29;21;1;2;375;
29;15;1;2;265;
21;12;1;2;19;
26;19;1;2;305;
25;23;1;2;436;
19;12;1;2;349;
15;19;1;2;236;
11;26;1;2;150;
29;16;1;2;406;
11;18;1;2;17;
12;22;1;2;7;
13;28;1;2;344;
30;22;1;2;381;
21;19;1;2;507;
13;11;1;2;108;
11;25;1;2;121;
14;16;1;2;306;
22;29;1;2;152;
15;20;1;2;537;
25;18;1;2;210;
13;29;1;2;214;
23;25;1;2;267;
23;28;1;2;338;
30;20;1;2;270;
28;19;1;2;424;
14;22;1;2;198;
22;13;1;2;378;
13;26;1;2;289;
12;11;1;2;293;
15;23;1;2;49;
18;11;1;2;472;
30;11;1;2;61;
18;13;1;2;247;
27;27;1;2;35;
1;1;12;360
2;1;1;606
3;1;18;433
4;1;13;894
5;1;6;1047
6;1;3;141
7;1;18;217
8;1;5;767
9;1;15;485
10;1;2;118
11;1;5;346
12;1;14;1017
13;1;10;552
*** EOF ***