**** 13 ****
50
66;65;1;2;1016;
61;65;1;2;1320;
61;69;1;2;162;
70;61;1;2;1263;
55;55;1;2;1560;
64;66;1;2;545;
66;61;1;2;1379;
69;58;1;2;1052;
60;67;1;2;649;
52;53;1;2;776;
57;52;1;2;68;
65;68;1;2;1583;
69;70;1;2;371;
58;60;1;2;1497;
68;59;1;2;677;
63;68;1;2;940;
54;68;1;2;629;
55;59;1;2;1288;
68;64;1;2;608;
53;65;1;2;1312;
66;58;1;2;341;
69;52;1;2;154;
55;58;1;2;429;
63;64;1;2;433;
60;55;1;2;459;
56;54;1;2;656;
51;56;1;2;1491;
60;56;1;2;370;
55;64;1;2;870;
51;65;1;2;259;
69;56;1;2;1532;
70;51;1;2;1244;
65;70;1;2;1417;
58;70;1;2;1052;
53;51;1;2;801;
62;63;1;2;1411;
59;56;1;2;205;
60;56;1;2;848;
68;65;1;2;1199;
62;63;1;2;899;
60;66;1;2;652;
66;68;1;2;1544;
51;65;1;2;203;
64;62;1;2;51;
65;64;1;2;460;
51;59;1;2;692;
61;52;1;2;1247;
62;65;1;2;1521;
60;52;1;2;1503;
53;59;1;2;1533;
1;1;19;3045
2;1;4;3130
3;1;20;202
4;1;2;568
5;1;15;2977
6;1;17;2596
7;1;19;2800
8;1;5;432
9;1;8;1782
10;1;13;2681
11;1;5;720
12;1;15;3188
13;1;13;1704
*** EOF ***