**** 17 ****
50
66;65;1;2;1291;
70;65;1;2;683;
68;56;1;2;1448;
66;65;1;2;423;
60;70;1;2;1146;
57;59;1;2;640;
66;56;1;2;319;
67;64;1;2;1166;
52;70;1;2;449;
53;64;1;2;819;
69;61;1;2;51;
56;60;1;2;1258;
69;56;1;2;396;
69;64;1;2;822;
68;61;1;2;950;
55;63;1;2;1049;
53;65;1;2;119;
70;52;1;2;359;
59;55;1;2;1441;
70;55;1;2;1220;
64;67;1;2;1448;
52;69;1;2;576;
61;59;1;2;824;
68;58;1;2;912;
66;61;1;2;1233;
56;55;1;2;519;
64;56;1;2;418;
61;51;1;2;758;
56;60;1;2;207;
68;65;1;2;928;
59;61;1;2;271;
58;53;1;2;588;
52;70;1;2;1152;
66;53;1;2;738;
59;56;1;2;1298;
56;53;1;2;1018;
60;60;1;2;1058;
68;70;1;2;394;
60;59;1;2;391;
63;60;1;2;99;
59;65;1;2;520;
58;59;1;2;1441;
51;55;1;2;1260;
60;59;1;2;1311;
67;66;1;2;608;
65;70;1;2;1405;
60;54;1;2;509;
56;64;1;2;1169;
58;51;1;2;802;
52;63;1;2;808;
1;1;5;793
2;1;18;2336
3;1;4;1995
4;1;1;2949
5;1;5;1899
6;1;6;456
7;1;11;3119
8;1;7;1733
9;1;17;2716
10;1;1;2802
11;1;14;1025
12;1;4;378
13;1;17;833
*** EOF ***