**** 15 ****
50
20;19;1;2;116;
16;11;1;2;306;
2;2;1;2;549;
14;2;1;2;75;
13;16;1;2;30;
11;9;1;2;193;
16;20;1;2;121;
10;17;1;2;602;
15;11;1;2;178;
5;6;1;2;367;
4;14;1;2;225;
9;18;1;2;281;
7;7;1;2;211;
3;15;1;2;450;
16;7;1;2;255;
20;18;1;2;530;
4;3;1;2;357;
18;2;1;2;495;
9;12;1;2;45;
8;7;1;2;612;
3;17;1;2;509;
17;19;1;2;49;
15;5;1;2;584;
14;14;1;2;313;
6;19;1;2;632;
4;11;1;2;75;
18;1;1;2;243;
5;15;1;2;162;
15;2;1;2;4;
17;12;1;2;73;
7;15;1;2;198;
7;18;1;2;469;
15;18;1;2;538;
7;17;1;2;498;
5;6;1;2;172;
14;6;1;2;402;
11;15;1;2;395;
5;13;1;2;122;
3;20;1;2;449;
16;1;1;2;182;
17;13;1;2;37;
10;4;1;2;575;
17;9;1;2;257;
7;2;1;2;127;
14;3;1;2;499;
10;14;1;2;440;
11;20;1;2;353;
5;14;1;2;356;
1;15;1;2;364;
2;16;1;2;318;
1;1;65;885
2;1;69;623
3;1;59;295
4;1;55;715
5;1;62;808
6;1;58;1281
7;1;61;106
8;1;70;540
9;1;62;995
10;1;61;377
11;1;53;446
12;1;70;192
13;1;60;1149
*** EOF ***