**** 19 ****
50
20;13;1;2;100;
18;15;1;2;192;
12;18;1;2;422;
17;4;1;2;359;
13;7;1;2;31;
9;9;1;2;131;
5;13;1;2;351;
13;3;1;2;312;
20;1;1;2;343;
6;14;1;2;212;
1;4;1;2;181;
1;5;1;2;381;
14;18;1;2;305;
3;16;1;2;201;
18;4;1;2;256;
16;19;1;2;52;
20;17;1;2;321;
20;18;1;2;271;
20;9;1;2;351;
5;9;1;2;106;
4;18;1;2;233;
15;16;1;2;34;
7;11;1;2;11;
12;2;1;2;95;
3;18;1;2;341;
7;20;1;2;157;
1;13;1;2;287;
12;3;1;2;16;
5;15;1;2;376;
15;2;1;2;258;
4;7;1;2;101;
6;12;1;2;31;
11;18;1;2;354;
9;1;1;2;35;
4;5;1;2;413;
14;2;1;2;60;
1;15;1;2;90;
11;15;1;2;130;
14;2;1;2;48;
16;13;1;2;258;
6;12;1;2;280;
19;9;1;2;245;
9;9;1;2;42;
19;8;1;2;409;
1;5;1;2;327;
5;15;1;2;202;
14;12;1;2;261;
11;16;1;2;136;
13;4;1;2;200;
12;3;1;2;105;
1;1;21;68
2;1;25;430
3;1;38;361
4;1;24;848
5;1;34;190
6;1;28;786
7;1;21;455
8;1;23;817
9;1;23;39
10;1;39;583
11;1;31;679
12;1;27;115
13;1;27;633
*** EOF ***