**** 14 ****
50
9;11;1;2;19;
11;19;1;2;387;
3;15;1;2;81;
11;2;1;2;416;
5;9;1;2;244;
8;13;1;2;462;
7;19;1;2;352;
20;19;1;2;347;
14;4;1;2;196;
13;11;1;2;313;
8;18;1;2;271;
14;16;1;2;244;
17;15;1;2;98;
10;19;1;2;200;
11;3;1;2;311;
11;7;1;2;337;
19;8;1;2;315;
4;8;1;2;395;
5;20;1;2;267;
14;9;1;2;237;
2;15;1;2;34;
6;12;1;2;100;
11;2;1;2;101;
17;8;1;2;233;
6;8;1;2;63;
11;8;1;2;335;
6;18;1;2;7;
5;14;1;2;182;
17;10;1;2;279;
3;15;1;2;433;
4;11;1;2;274;
4;19;1;2;422;
4;16;1;2;419;
4;14;1;2;473;
14;14;1;2;39;
3;2;1;2;463;
11;14;1;2;177;
16;14;1;2;421;
5;10;1;2;418;
17;13;1;2;271;
19;14;1;2;55;
6;7;1;2;398;
4;8;1;2;478;
3;9;1;2;336;
3;19;1;2;83;
6;1;1;2;268;
3;11;1;2;70;
7;13;1;2;324;
8;6;1;2;164;
14;1;1;2;284;
1;1;43;263
2;1;34;36
3;1;49;586
4;1;41;741
5;1;37;689
6;1;35;823
7;1;36;219
8;1;45;875
9;1;45;355
10;1;35;923
11;1;44;143
12;1;37;426
13;1;43;533
*** EOF ***