**** 17 ****
50
8;16;1;2;167;
8;17;1;2;16;
6;17;1;2;369;
7;11;1;2;332;
1;1;1;2;406;
7;11;1;2;247;
15;5;1;2;495;
8;17;1;2;375;
3;3;1;2;290;
6;7;1;2;146;
6;10;1;2;391;
17;20;1;2;15;
9;11;1;2;369;
5;17;1;2;351;
11;17;1;2;489;
12;19;1;2;319;
15;14;1;2;78;
16;17;1;2;304;
16;1;1;2;561;
13;10;1;2;391;
1;14;1;2;61;
15;7;1;2;135;
11;1;1;2;389;
7;12;1;2;561;
14;1;1;2;167;
15;4;1;2;314;
7;6;1;2;579;
3;15;1;2;491;
2;9;1;2;465;
5;12;1;2;127;
15;16;1;2;514;
17;13;1;2;206;
17;16;1;2;44;
17;6;1;2;65;
11;7;1;2;452;
5;5;1;2;552;
5;16;1;2;75;
5;13;1;2;153;
9;12;1;2;578;
3;7;1;2;543;
18;19;1;2;500;
1;14;1;2;384;
2;2;1;2;29;
17;19;1;2;43;
20;5;1;2;358;
14;10;1;2;34;
8;20;1;2;69;
13;20;1;2;618;
9;16;1;2;163;
15;7;1;2;253;
1;1;56;676
2;1;52;382
3;1;55;615
4;1;64;1230
5;1;65;1086
6;1;58;1163
7;1;58;970
8;1;55;178
9;1;59;92
10;1;59;755
11;1;60;815
12;1;70;246
13;1;66;471
*** EOF ***