**** 2 ****
50
19;15;1;2;158;
20;9;1;2;224;
19;15;1;2;65;
7;19;1;2;205;
3;12;1;2;33;
20;5;1;2;283;
15;6;1;2;24;
10;19;1;2;254;
4;8;1;2;375;
12;4;1;2;415;
8;1;1;2;34;
16;1;1;2;283;
3;20;1;2;402;
12;5;1;2;438;
18;6;1;2;109;
12;10;1;2;243;
17;19;1;2;452;
12;17;1;2;77;
2;12;1;2;40;
15;17;1;2;161;
6;4;1;2;49;
12;3;1;2;364;
2;11;1;2;347;
6;1;1;2;433;
8;15;1;2;163;
17;4;1;2;334;
1;20;1;2;39;
6;6;1;2;61;
5;15;1;2;120;
6;1;1;2;458;
1;20;1;2;108;
18;15;1;2;83;
9;13;1;2;170;
1;19;1;2;333;
11;7;1;2;193;
9;3;1;2;301;
10;20;1;2;198;
6;9;1;2;73;
19;12;1;2;109;
20;13;1;2;156;
10;6;1;2;219;
6;16;1;2;206;
10;14;1;2;29;
3;18;1;2;389;
5;2;1;2;234;
17;18;1;2;44;
2;13;1;2;29;
12;16;1;2;53;
20;6;1;2;36;
18;11;1;2;433;
1;1;21;421
2;1;35;162
3;1;28;660
4;1;28;100
5;1;30;918
6;1;35;761
7;1;32;610
8;1;35;844
9;1;22;736
10;1;33;39
11;1;34;448
12;1;35;303
13;1;37;493
*** EOF ***