**** 6 ****
50
15;17;1;2;96;
7;16;1;2;596;
10;12;1;2;55;
16;20;1;2;430;
4;17;1;2;166;
6;19;1;2;102;
10;19;1;2;135;
4;2;1;2;455;
17;17;1;2;211;
18;8;1;2;162;
20;10;1;2;733;
9;11;1;2;97;
8;1;1;2;691;
8;12;1;2;497;
17;1;1;2;84;
9;3;1;2;401;
4;6;1;2;726;
3;7;1;2;532;
8;3;1;2;445;
2;3;1;2;167;
17;14;1;2;670;
16;19;1;2;408;
12;1;1;2;133;
17;17;1;2;647;
6;11;1;2;316;
18;8;1;2;278;
14;16;1;2;577;
4;20;1;2;509;
20;15;1;2;516;
9;2;1;2;97;
14;4;1;2;261;
4;17;1;2;184;
17;6;1;2;322;
12;8;1;2;205;
17;20;1;2;436;
8;9;1;2;159;
17;18;1;2;463;
5;15;1;2;160;
5;19;1;2;176;
6;11;1;2;313;
8;20;1;2;15;
3;2;1;2;278;
20;15;1;2;27;
16;15;1;2;590;
18;9;1;2;395;
1;5;1;2;360;
13;2;1;2;733;
8;8;1;2;387;
15;20;1;2;296;
14;20;1;2;30;
1;1;64;295
2;1;75;1035
3;1;80;364
4;1;65;555
5;1;78;867
6;1;70;790
7;1;79;1284
8;1;73;479
9;1;62;229
10;1;76;1145
11;1;73;1460
12;1;77;140
13;1;70;657
*** EOF ***