**** 9 ****
50
32;44;1;2;810;
38;41;1;2;558;
36;48;1;2;642;
38;38;1;2;907;
38;45;1;2;142;
46;31;1;2;168;
37;39;1;2;438;
40;46;1;2;250;
40;47;1;2;999;
46;50;1;2;501;
33;45;1;2;255;
31;50;1;2;943;
35;31;1;2;864;
43;43;1;2;505;
34;33;1;2;727;
35;40;1;2;346;
32;48;1;2;128;
41;44;1;2;703;
42;42;1;2;441;
44;35;1;2;420;
48;33;1;2;369;
49;45;1;2;932;
35;37;1;2;619;
44;41;1;2;1052;
49;40;1;2;703;
49;48;1;2;718;
48;43;1;2;923;
39;46;1;2;34;
49;46;1;2;646;
41;43;1;2;424;
47;32;1;2;214;
47;36;1;2;858;
44;42;1;2;488;
37;40;1;2;1050;
38;47;1;2;76;
34;43;1;2;648;
50;43;1;2;189;
47;44;1;2;707;
37;35;1;2;417;
46;50;1;2;1001;
42;36;1;2;159;
46;48;1;2;511;
35;47;1;2;780;
49;32;1;2;101;
32;38;1;2;1018;
38;43;1;2;793;
35;38;1;2;265;
46;40;1;2;590;
36;46;1;2;658;
48;31;1;2;293;
1;1;8;278
2;1;7;1257
3;1;12;700
4;1;10;1240
5;1;14;713
6;1;8;1195
7;1;10;957
8;1;2;237
9;1;5;539
10;1;10;519
11;1;15;1956
12;1;6;1337
13;1;20;2110
*** EOF ***