**** 6 ****
50
64;62;1;2;815;
53;51;1;2;1042;
57;67;1;2;67;
58;63;1;2;1132;
70;58;1;2;1468;
54;68;1;2;1415;
60;56;1;2;219;
58;57;1;2;1071;
70;59;1;2;545;
57;68;1;2;106;
70;69;1;2;494;
62;64;1;2;1373;
55;65;1;2;391;
59;68;1;2;749;
68;60;1;2;371;
52;56;1;2;113;
60;51;1;2;351;
52;58;1;2;288;
59;54;1;2;1441;
66;63;1;2;142;
59;64;1;2;1431;
69;64;1;2;790;
54;61;1;2;1161;
58;60;1;2;744;
60;67;1;2;39;
68;68;1;2;680;
60;67;1;2;1459;
59;57;1;2;722;
56;51;1;2;1284;
65;62;1;2;931;
69;51;1;2;290;
69;52;1;2;690;
59;60;1;2;1432;
57;60;1;2;1087;
58;57;1;2;549;
55;65;1;2;35;
60;60;1;2;61;
63;70;1;2;284;
68;69;1;2;1351;
60;60;1;2;297;
53;63;1;2;1421;
58;60;1;2;546;
70;63;1;2;1444;
60;66;1;2;718;
56;59;1;2;1041;
66;55;1;2;1374;
69;67;1;2;1269;
55;69;1;2;570;
63;53;1;2;101;
69;57;1;2;996;
1;1;18;1132
2;1;4;763
3;1;11;1561
4;1;14;2668
5;1;3;2377
6;1;3;1067
7;1;19;2865
8;1;16;2148
9;1;10;1542
10;1;10;1120
11;1;2;2575
12;1;15;684
13;1;15;826
*** EOF ***