**** 1 ****
50
80;76;1;2;475;
70;67;1;2;1371;
66;80;1;2;580;
79;71;1;2;1644;
61;63;1;2;1712;
74;66;1;2;1025;
77;80;1;2;1380;
68;70;1;2;1235;
61;80;1;2;1584;
80;67;1;2;1555;
67;71;1;2;1131;
70;71;1;2;198;
76;72;1;2;1768;
71;78;1;2;1033;
80;65;1;2;1756;
70;76;1;2;1792;
68;79;1;2;282;
78;80;1;2;138;
68;72;1;2;1798;
79;62;1;2;1282;
63;75;1;2;1808;
74;62;1;2;1205;
66;68;1;2;652;
69;64;1;2;818;
70;68;1;2;1642;
79;74;1;2;1586;
76;70;1;2;352;
74;63;1;2;560;
66;72;1;2;1339;
68;74;1;2;1854;
77;61;1;2;194;
78;64;1;2;1797;
74;75;1;2;538;
72;70;1;2;1677;
79;68;1;2;740;
64;77;1;2;1490;
69;80;1;2;507;
80;63;1;2;1337;
69;63;1;2;97;
78;68;1;2;1244;
71;80;1;2;886;
78;65;1;2;429;
69;80;1;2;1157;
78;69;1;2;1613;
79;73;1;2;406;
65;71;1;2;33;
71;79;1;2;401;
76;77;1;2;1859;
71;75;1;2;798;
62;78;1;2;791;
1;1;15;2375
2;1;9;1740
3;1;13;950
4;1;6;1900
5;1;7;535
6;1;10;3480
7;1;14;2881
8;1;1;558
9;1;8;2928
10;1;17;3077
11;1;2;1707
12;1;8;3716
13;1;19;468
*** EOF ***