**** 13 ****
50
9;19;1;2;257;
15;17;1;2;139;
8;6;1;2;372;
14;2;1;2;93;
3;5;1;2;251;
18;10;1;2;421;
11;8;1;2;231;
12;17;1;2;224;
12;5;1;2;322;
1;18;1;2;149;
7;6;1;2;275;
12;10;1;2;114;
11;15;1;2;147;
6;18;1;2;184;
5;4;1;2;172;
7;8;1;2;92;
1;11;1;2;329;
15;18;1;2;346;
2;1;1;2;390;
18;20;1;2;172;
10;5;1;2;257;
11;2;1;2;67;
3;7;1;2;105;
19;11;1;2;301;
11;7;1;2;25;
3;10;1;2;292;
9;9;1;2;68;
18;19;1;2;186;
10;17;1;2;387;
12;5;1;2;339;
4;7;1;2;417;
11;19;1;2;121;
2;12;1;2;387;
14;19;1;2;81;
12;12;1;2;227;
10;10;1;2;346;
14;17;1;2;217;
7;10;1;2;275;
18;3;1;2;266;
19;6;1;2;169;
19;7;1;2;72;
7;9;1;2;239;
15;10;1;2;166;
2;19;1;2;199;
12;12;1;2;405;
8;15;1;2;6;
8;18;1;2;379;
16;6;1;2;345;
3;20;1;2;123;
5;3;1;2;337;
1;1;24;263
2;1;22;720
3;1;32;196
4;1;22;511
5;1;28;805
6;1;21;302
7;1;37;637
8;1;32;122
9;1;21;694
10;1;29;843
11;1;34;402
12;1;29;31
13;1;22;229
*** EOF ***