**** 0 ****
50
51;41;1;2;182;
57;58;1;2;892;
51;45;1;2;829;
59;43;1;2;703;
57;44;1;2;849;
50;55;1;2;321;
47;53;1;2;597;
47;55;1;2;116;
57;60;1;2;315;
56;53;1;2;550;
47;46;1;2;686;
57;54;1;2;971;
42;54;1;2;803;
45;42;1;2;1035;
47;41;1;2;528;
49;49;1;2;870;
58;49;1;2;132;
47;57;1;2;1332;
42;49;1;2;1313;
47;51;1;2;1308;
42;42;1;2;1229;
54;60;1;2;1087;
54;58;1;2;628;
48;55;1;2;1192;
53;49;1;2;1059;
50;41;1;2;1288;
60;57;1;2;1196;
55;57;1;2;1101;
43;49;1;2;1258;
47;49;1;2;708;
54;41;1;2;252;
43;60;1;2;243;
54;41;1;2;1033;
57;50;1;2;183;
49;45;1;2;67;
57;49;1;2;759;
44;55;1;2;992;
49;49;1;2;1289;
52;44;1;2;1117;
44;54;1;2;543;
60;54;1;2;460;
51;49;1;2;45;
51;59;1;2;790;
49;57;1;2;565;
51;57;1;2;686;
56;48;1;2;546;
52;50;1;2;199;
47;56;1;2;738;
42;52;1;2;923;
54;51;1;2;1045;
1;1;1;1865
2;1;15;138
3;1;10;2108
4;1;5;569
5;1;17;876
6;1;7;1020
7;1;8;154
8;1;13;809
9;1;8;1132
10;1;6;563
11;1;20;760
12;1;17;2039
13;1;5;1777
*** EOF ***