**** 18 ****
50
20;2;1;2;153;
14;1;1;2;101;
9;6;1;2;396;
16;6;1;2;106;
5;4;1;2;336;
9;16;1;2;137;
12;3;1;2;35;
1;20;1;2;339;
9;17;1;2;16;
2;4;1;2;321;
14;6;1;2;75;
8;18;1;2;117;
8;20;1;2;71;
12;20;1;2;348;
20;1;1;2;174;
15;12;1;2;336;
2;9;1;2;106;
13;4;1;2;289;
2;2;1;2;211;
12;13;1;2;248;
4;3;1;2;126;
13;1;1;2;333;
11;7;1;2;377;
14;4;1;2;75;
12;6;1;2;162;
3;6;1;2;321;
17;10;1;2;119;
17;15;1;2;176;
1;17;1;2;171;
13;16;1;2;263;
18;8;1;2;371;
20;12;1;2;346;
13;17;1;2;95;
8;19;1;2;48;
16;15;1;2;278;
17;3;1;2;99;
19;19;1;2;407;
6;6;1;2;76;
6;10;1;2;300;
13;5;1;2;310;
19;10;1;2;128;
3;2;1;2;15;
6;13;1;2;272;
14;20;1;2;31;
4;10;1;2;156;
5;1;1;2;290;
18;1;1;2;192;
9;15;1;2;1;
5;17;1;2;188;
4;8;1;2;92;
1;1;18;557
2;1;26;633
3;1;13;455
4;1;23;147
5;1;27;171
6;1;24;264
7;1;17;309
8;1;28;600
9;1;16;435
10;1;13;472
11;1;20;213
12;1;30;517
13;1;30;81
*** EOF ***