**** 18 ****
50
61;71;1;2;724;
75;66;1;2;500;
71;65;1;2;590;
79;78;1;2;1444;
72;61;1;2;491;
76;64;1;2;251;
63;74;1;2;1762;
66;62;1;2;962;
61;77;1;2;881;
68;79;1;2;21;
67;78;1;2;1517;
64;76;1;2;962;
64;67;1;2;1719;
63;74;1;2;765;
67;73;1;2;441;
72;68;1;2;1495;
77;67;1;2;1184;
63;73;1;2;139;
69;66;1;2;1454;
73;69;1;2;559;
62;67;1;2;119;
62;75;1;2;1382;
70;76;1;2;883;
73;79;1;2;772;
75;74;1;2;903;
75;73;1;2;20;
68;70;1;2;972;
61;62;1;2;295;
64;73;1;2;1488;
73;80;1;2;274;
64;72;1;2;1382;
70;73;1;2;764;
71;66;1;2;987;
69;65;1;2;1596;
74;77;1;2;693;
72;77;1;2;1167;
67;71;1;2;1406;
61;66;1;2;1572;
61;72;1;2;1084;
75;63;1;2;717;
70;66;1;2;666;
78;66;1;2;833;
67;68;1;2;398;
70;80;1;2;1261;
68;73;1;2;107;
77;78;1;2;677;
74;63;1;2;848;
73;67;1;2;1372;
70;67;1;2;1779;
63;80;1;2;251;
1;1;20;137
2;1;9;1764
3;1;15;3075
4;1;5;1665
5;1;19;3452
6;1;9;1037
7;1;2;1360
8;1;20;2747
9;1;8;1953
10;1;8;1450
11;1;10;3164
12;1;17;764
13;1;4;3330
*** EOF ***