**** 3 ****
50
30;24;1;2;581;
33;26;1;2;823;
33;28;1;2;708;
31;37;1;2;721;
37;36;1;2;503;
28;38;1;2;488;
29;28;1;2;672;
22;31;1;2;449;
25;38;1;2;351;
22;23;1;2;543;
34;34;1;2;81;
38;36;1;2;801;
26;27;1;2;720;
36;38;1;2;611;
38;27;1;2;2;
30;29;1;2;623;
25;33;1;2;249;
39;36;1;2;211;
36;22;1;2;568;
34;34;1;2;689;
37;24;1;2;447;
34;38;1;2;491;
39;34;1;2;725;
37;36;1;2;574;
34;39;1;2;366;
35;39;1;2;133;
24;21;1;2;818;
26;29;1;2;686;
33;39;1;2;56;
25;38;1;2;818;
23;33;1;2;272;
26;35;1;2;618;
29;40;1;2;738;
39;39;1;2;818;
30;24;1;2;529;
40;40;1;2;1;
21;23;1;2;442;
28;31;1;2;696;
23;23;1;2;147;
35;27;1;2;140;
21;34;1;2;837;
37;21;1;2;520;
38;38;1;2;424;
21;36;1;2;700;
30;21;1;2;299;
40;34;1;2;311;
38;31;1;2;537;
28;29;1;2;126;
27;30;1;2;635;
34;23;1;2;712;
1;1;10;1069
2;1;1;812
3;1;16;459
4;1;2;366
5;1;14;848
6;1;1;115
7;1;12;1257
8;1;17;275
9;1;16;210
10;1;2;942
11;1;15;1534
12;1;13;490
13;1;18;1380
*** EOF ***