**** 12 ****
50
2;7;1;2;335;
18;19;1;2;341;
5;19;1;2;93;
5;15;1;2;111;
15;4;1;2;23;
6;20;1;2;10;
14;9;1;2;253;
9;13;1;2;299;
17;11;1;2;275;
11;9;1;2;120;
11;6;1;2;348;
3;10;1;2;222;
7;15;1;2;353;
14;4;1;2;87;
2;3;1;2;363;
10;12;1;2;361;
18;11;1;2;162;
8;15;1;2;119;
8;11;1;2;272;
6;10;1;2;62;
15;5;1;2;144;
14;15;1;2;79;
9;9;1;2;105;
3;18;1;2;212;
7;6;1;2;233;
19;19;1;2;155;
5;19;1;2;230;
7;13;1;2;261;
18;6;1;2;351;
15;17;1;2;131;
20;20;1;2;215;
10;8;1;2;27;
20;5;1;2;171;
11;13;1;2;326;
8;14;1;2;138;
20;8;1;2;52;
15;7;1;2;75;
11;5;1;2;49;
4;5;1;2;372;
15;16;1;2;213;
4;5;1;2;209;
12;12;1;2;149;
15;4;1;2;56;
17;19;1;2;75;
18;15;1;2;142;
5;14;1;2;212;
10;11;1;2;342;
3;10;1;2;109;
15;5;1;2;97;
15;12;1;2;63;
1;1;12;30
2;1;19;348
3;1;27;739
4;1;16;290
5;1;21;594
6;1;14;219
7;1;18;68
8;1;14;501
9;1;22;551
10;1;24;696
11;1;15;254
12;1;17;439
13;1;22;149
*** EOF ***