**** 3 ****
50
11;20;1;2;283;
8;1;1;2;528;
10;6;1;2;480;
16;14;1;2;354;
18;12;1;2;231;
2;19;1;2;359;
19;18;1;2;384;
1;14;1;2;487;
19;1;1;2;212;
18;4;1;2;237;
5;1;1;2;473;
4;3;1;2;213;
9;7;1;2;300;
20;11;1;2;535;
6;1;1;2;412;
6;16;1;2;5;
4;10;1;2;287;
20;5;1;2;496;
12;20;1;2;389;
17;20;1;2;293;
19;3;1;2;428;
6;14;1;2;535;
4;3;1;2;258;
10;4;1;2;366;
6;16;1;2;207;
16;15;1;2;29;
18;18;1;2;130;
20;12;1;2;409;
2;2;1;2;244;
3;2;1;2;200;
15;17;1;2;487;
18;20;1;2;12;
8;10;1;2;221;
17;10;1;2;260;
13;18;1;2;260;
15;11;1;2;275;
7;5;1;2;196;
13;6;1;2;443;
16;2;1;2;483;
7;6;1;2;295;
18;12;1;2;277;
3;8;1;2;374;
20;4;1;2;26;
6;17;1;2;162;
4;18;1;2;186;
11;10;1;2;172;
16;18;1;2;454;
6;20;1;2;130;
6;17;1;2;422;
18;20;1;2;390;
1;1;34;541
2;1;42;728
3;1;49;464
4;1;44;185
5;1;42;419
6;1;38;1071
7;1;35;308
8;1;31;934
9;1;39;361
10;1;46;832
11;1;43;237
12;1;42;888
13;1;48;647
*** EOF ***