**** 11 ****
50
2;12;1;2;600;
18;10;1;2;166;
5;11;1;2;115;
10;13;1;2;362;
17;6;1;2;216;
15;6;1;2;6;
1;19;1;2;486;
10;13;1;2;321;
4;5;1;2;389;
20;5;1;2;553;
15;17;1;2;6;
16;5;1;2;216;
15;7;1;2;60;
7;7;1;2;535;
1;13;1;2;317;
15;15;1;2;384;
10;14;1;2;3;
4;4;1;2;557;
13;6;1;2;251;
20;19;1;2;147;
3;1;1;2;1;
9;17;1;2;419;
15;12;1;2;354;
13;10;1;2;7;
16;11;1;2;33;
2;13;1;2;115;
5;10;1;2;8;
12;19;1;2;382;
1;15;1;2;402;
19;10;1;2;502;
13;16;1;2;417;
17;9;1;2;378;
1;10;1;2;545;
8;18;1;2;327;
16;12;1;2;219;
8;14;1;2;437;
4;18;1;2;2;
4;6;1;2;366;
10;4;1;2;493;
15;5;1;2;565;
2;17;1;2;342;
12;1;1;2;263;
6;5;1;2;25;
9;5;1;2;521;
4;13;1;2;525;
15;16;1;2;254;
13;6;1;2;39;
5;10;1;2;570;
4;2;1;2;21;
5;11;1;2;125;
1;1;54;57
2;1;51;1178
3;1;57;188
4;1;51;253
5;1;53;550
6;1;67;917
7;1;52;1247
8;1;67;1107
9;1;68;329
10;1;70;622
11;1;57;476
12;1;53;724
13;1;69;1035
*** EOF ***