**** 5 ****
50
18;22;1;2;462;
17;29;1;2;250;
17;30;1;2;324;
12;30;1;2;68;
28;25;1;2;6;
14;27;1;2;268;
22;24;1;2;500;
13;27;1;2;341;
16;21;1;2;169;
21;16;1;2;82;
29;14;1;2;62;
23;24;1;2;16;
19;25;1;2;120;
13;26;1;2;348;
29;28;1;2;266;
29;14;1;2;261;
30;20;1;2;566;
22;13;1;2;173;
23;13;1;2;439;
25;22;1;2;230;
14;20;1;2;344;
26;25;1;2;345;
27;30;1;2;464;
11;13;1;2;527;
19;17;1;2;384;
24;13;1;2;360;
17;11;1;2;188;
25;30;1;2;301;
29;25;1;2;50;
28;30;1;2;175;
21;18;1;2;515;
21;24;1;2;393;
23;19;1;2;243;
15;25;1;2;121;
26;27;1;2;476;
13;30;1;2;537;
17;26;1;2;221;
21;24;1;2;125;
25;14;1;2;382;
14;23;1;2;169;
30;23;1;2;477;
30;30;1;2;361;
29;14;1;2;378;
25;15;1;2;427;
25;21;1;2;431;
27;11;1;2;549;
30;29;1;2;363;
20;22;1;2;40;
19;26;1;2;516;
28;26;1;2;85;
1;1;13;423
2;1;8;224
3;1;15;652
4;1;20;371
5;1;5;963
6;1;12;323
7;1;13;577
8;1;13;801
9;1;14;937
10;1;9;765
11;1;12;1019
12;1;8;737
13;1;10;1100
*** EOF ***