**** 10 ****
50
32;45;1;2;135;
44;31;1;2;690;
44;33;1;2;186;
44;47;1;2;809;
38;32;1;2;58;
35;43;1;2;780;
46;49;1;2;942;
34;39;1;2;881;
36;49;1;2;602;
47;50;1;2;692;
45;37;1;2;984;
44;45;1;2;204;
47;39;1;2;589;
38;36;1;2;618;
37;43;1;2;553;
44;32;1;2;1033;
35;34;1;2;185;
37;50;1;2;378;
33;50;1;2;983;
32;41;1;2;383;
48;43;1;2;205;
42;37;1;2;949;
38;45;1;2;116;
49;38;1;2;293;
48;50;1;2;755;
50;39;1;2;117;
44;35;1;2;620;
32;31;1;2;580;
43;37;1;2;867;
34;50;1;2;899;
43;47;1;2;127;
38;45;1;2;149;
36;39;1;2;550;
31;43;1;2;941;
50;39;1;2;1011;
31;37;1;2;360;
32;45;1;2;953;
33;33;1;2;755;
47;44;1;2;467;
37;33;1;2;988;
44;32;1;2;824;
37;48;1;2;80;
36;47;1;2;469;
42;36;1;2;352;
48;43;1;2;941;
41;47;1;2;70;
34;32;1;2;311;
32;48;1;2;700;
32;38;1;2;350;
32;48;1;2;918;
1;1;1;1741
2;1;18;740
3;1;17;1876
4;1;2;423
5;1;12;948
6;1;8;1996
7;1;8;1141
8;1;19;1519
9;1;2;1008
10;1;16;1715
11;1;8;1193
12;1;2;417
13;1;16;165
*** EOF ***