**** 19 ****
50
17;5;1;2;50;
7;16;1;2;208;
11;4;1;2;336;
12;19;1;2;18;
15;2;1;2;191;
19;11;1;2;151;
7;4;1;2;60;
13;9;1;2;42;
10;6;1;2;93;
12;10;1;2;189;
1;14;1;2;325;
19;11;1;2;288;
16;8;1;2;55;
5;19;1;2;264;
6;18;1;2;190;
1;14;1;2;336;
1;17;1;2;192;
11;8;1;2;124;
7;15;1;2;131;
5;5;1;2;318;
10;10;1;2;245;
14;13;1;2;73;
2;6;1;2;40;
16;15;1;2;16;
10;11;1;2;65;
18;9;1;2;206;
13;17;1;2;143;
6;11;1;2;295;
6;18;1;2;63;
20;14;1;2;227;
5;11;1;2;269;
15;18;1;2;220;
18;11;1;2;109;
2;13;1;2;267;
17;4;1;2;214;
4;14;1;2;277;
3;12;1;2;148;
8;19;1;2;106;
7;19;1;2;263;
4;12;1;2;120;
6;7;1;2;32;
9;8;1;2;223;
2;5;1;2;99;
9;2;1;2;158;
1;19;1;2;179;
10;14;1;2;227;
19;17;1;2;170;
5;15;1;2;69;
14;14;1;2;294;
11;17;1;2;172;
1;1;16;717
2;1;30;616
3;1;12;104
4;1;19;212
5;1;24;135
6;1;15;235
7;1;23;654
8;1;19;435
9;1;13;456
10;1;23;175
11;1;17;313
12;1;17;537
13;1;12;602
*** EOF ***