**** 10 ****
50
29;39;1;2;383;
36;29;1;2;699;
29;31;1;2;96;
38;30;1;2;68;
35;33;1;2;585;
22;33;1;2;113;
34;36;1;2;796;
26;24;1;2;764;
24;39;1;2;75;
30;29;1;2;208;
34;39;1;2;376;
36;33;1;2;725;
27;22;1;2;77;
25;28;1;2;442;
30;33;1;2;619;
21;38;1;2;564;
26;21;1;2;262;
33;29;1;2;620;
24;23;1;2;63;
28;28;1;2;173;
33;21;1;2;385;
39;24;1;2;682;
37;25;1;2;450;
21;21;1;2;94;
30;30;1;2;27;
27;24;1;2;226;
30;24;1;2;525;
23;36;1;2;472;
24;36;1;2;223;
29;22;1;2;478;
22;39;1;2;83;
39;36;1;2;4;
29;27;1;2;81;
24;29;1;2;180;
25;33;1;2;469;
35;22;1;2;167;
35;23;1;2;194;
33;36;1;2;41;
28;37;1;2;545;
30;25;1;2;675;
30;27;1;2;376;
38;37;1;2;622;
24;27;1;2;541;
32;30;1;2;500;
39;33;1;2;447;
38;34;1;2;709;
32;25;1;2;795;
22;25;1;2;317;
33;36;1;2;246;
21;24;1;2;759;
1;1;7;1166
2;1;4;776
3;1;19;716
4;1;3;219
5;1;5;678
6;1;20;1023
7;1;1;1548
8;1;11;392
9;1;5;555
10;1;18;1143
11;1;8;78
12;1;2;268
13;1;12;136
*** EOF ***