**** 13 ****
50
40;36;1;2;633;
24;22;1;2;27;
36;36;1;2;544;
23;27;1;2;325;
23;28;1;2;63;
37;39;1;2;158;
26;22;1;2;334;
21;36;1;2;710;
30;24;1;2;219;
36;31;1;2;700;
35;36;1;2;684;
39;34;1;2;319;
32;31;1;2;4;
27;33;1;2;40;
23;36;1;2;247;
33;26;1;2;515;
29;23;1;2;814;
39;27;1;2;261;
37;38;1;2;665;
36;27;1;2;204;
30;31;1;2;248;
33;38;1;2;604;
26;28;1;2;357;
37;34;1;2;833;
22;29;1;2;196;
34;21;1;2;605;
27;32;1;2;551;
39;23;1;2;425;
22;22;1;2;613;
38;32;1;2;514;
36;26;1;2;561;
24;30;1;2;12;
36;22;1;2;431;
25;31;1;2;852;
36;39;1;2;778;
33;29;1;2;677;
37;24;1;2;239;
30;34;1;2;117;
35;23;1;2;645;
40;28;1;2;367;
38;24;1;2;430;
31;39;1;2;647;
22;34;1;2;483;
27;34;1;2;614;
28;40;1;2;416;
32;36;1;2;587;
32;28;1;2;536;
38;27;1;2;381;
40;34;1;2;304;
38;35;1;2;118;
1;1;20;1525
2;1;6;620
3;1;2;117
4;1;9;866
5;1;15;122
6;1;3;460
7;1;14;1350
8;1;8;1095
9;1;7;952
10;1;13;52
11;1;11;1155
12;1;1;1285
13;1;12;297
*** EOF ***