**** 6 ****
50
31;32;1;2;774;
43;39;1;2;804;
36;40;1;2;171;
47;38;1;2;1;
31;45;1;2;633;
48;48;1;2;254;
37;43;1;2;488;
48;50;1;2;180;
40;48;1;2;166;
46;42;1;2;663;
41;40;1;2;284;
40;46;1;2;137;
35;31;1;2;614;
41;47;1;2;816;
32;41;1;2;940;
40;40;1;2;76;
31;46;1;2;995;
32;44;1;2;711;
39;31;1;2;473;
40;34;1;2;510;
45;43;1;2;687;
45;40;1;2;121;
47;44;1;2;876;
41;43;1;2;47;
31;41;1;2;820;
43;41;1;2;163;
39;41;1;2;799;
48;45;1;2;618;
41;47;1;2;890;
33;40;1;2;721;
49;47;1;2;481;
43;46;1;2;508;
33;35;1;2;778;
40;47;1;2;77;
33;44;1;2;126;
49;46;1;2;146;
31;35;1;2;463;
46;42;1;2;597;
31;38;1;2;54;
32;39;1;2;827;
38;40;1;2;763;
45;39;1;2;941;
31;31;1;2;439;
47;49;1;2;256;
44;48;1;2;355;
42;48;1;2;611;
35;43;1;2;258;
44;35;1;2;1035;
48;42;1;2;884;
31;41;1;2;1042;
1;1;10;713
2;1;9;1370
3;1;16;1901
4;1;10;1182
5;1;1;341
6;1;16;958
7;1;14;1285
8;1;16;2102
9;1;18;976
10;1;19;1242
11;1;18;457
12;1;2;1957
13;1;1;1388
*** EOF ***