**** 5 ****
50
64;75;1;2;923;
68;78;1;2;831;
66;78;1;2;1431;
61;72;1;2;145;
71;62;1;2;1304;
68;79;1;2;615;
63;69;1;2;382;
73;63;1;2;460;
63;75;1;2;61;
67;79;1;2;1061;
75;80;1;2;118;
76;71;1;2;1372;
75;79;1;2;1627;
72;76;1;2;1095;
76;72;1;2;1531;
61;61;1;2;259;
66;68;1;2;917;
75;61;1;2;1723;
79;63;1;2;1050;
66;75;1;2;1274;
70;74;1;2;1718;
72;65;1;2;661;
71;71;1;2;309;
61;64;1;2;627;
62;65;1;2;566;
79;74;1;2;735;
78;79;1;2;1233;
66;80;1;2;906;
79;61;1;2;1702;
79;79;1;2;70;
63;72;1;2;1627;
65;71;1;2;867;
77;62;1;2;1386;
67;73;1;2;1571;
64;68;1;2;935;
63;78;1;2;1747;
75;78;1;2;1802;
66;66;1;2;274;
61;72;1;2;1201;
74;62;1;2;312;
61;73;1;2;1566;
79;71;1;2;418;
79;68;1;2;1482;
63;63;1;2;766;
69;75;1;2;1575;
72;63;1;2;44;
66;63;1;2;251;
64;76;1;2;16;
80;80;1;2;881;
72;63;1;2;102;
1;1;14;3027
2;1;7;82
3;1;3;2230
4;1;1;479
5;1;11;1040
6;1;17;1618
7;1;11;1418
8;1;14;2405
9;1;9;1352
10;1;15;1186
11;1;5;1028
12;1;19;3307
13;1;19;3369
*** EOF ***