**** 11 ****
50
46;41;1;2;1179;
47;55;1;2;246;
42;54;1;2;867;
43;50;1;2;829;
43;45;1;2;693;
54;43;1;2;1316;
51;51;1;2;1288;
51;49;1;2;323;
54;43;1;2;1086;
41;51;1;2;307;
57;59;1;2;758;
59;60;1;2;494;
60;54;1;2;268;
45;44;1;2;670;
49;42;1;2;462;
41;52;1;2;829;
44;53;1;2;1078;
47;45;1;2;310;
45;41;1;2;1195;
54;53;1;2;1005;
54;54;1;2;362;
42;60;1;2;1064;
52;50;1;2;786;
56;53;1;2;738;
58;43;1;2;204;
54;42;1;2;836;
54;60;1;2;1145;
51;48;1;2;19;
42;49;1;2;473;
47;56;1;2;308;
57;50;1;2;173;
53;55;1;2;14;
46;41;1;2;429;
59;57;1;2;228;
41;41;1;2;311;
47;60;1;2;443;
57;43;1;2;930;
58;57;1;2;323;
57;47;1;2;244;
56;46;1;2;408;
42;57;1;2;1022;
56;41;1;2;827;
53;49;1;2;1001;
50;56;1;2;1201;
60;43;1;2;442;
59;42;1;2;494;
52;46;1;2;396;
52;50;1;2;490;
49;58;1;2;173;
54;51;1;2;972;
1;1;14;1006
2;1;19;427
3;1;19;387
4;1;4;729
5;1;4;968
6;1;16;813
7;1;8;136
8;1;13;2650
9;1;1;1487
10;1;2;2015
11;1;9;1649
12;1;3;1720
13;1;7;286
*** EOF ***