**** 6 ****
50
17;4;1;2;585;
12;13;1;2;517;
7;11;1;2;496;
15;15;1;2;161;
1;12;1;2;132;
1;18;1;2;445;
3;5;1;2;218;
20;11;1;2;33;
14;13;1;2;270;
19;6;1;2;109;
16;8;1;2;622;
2;2;1;2;580;
19;4;1;2;173;
12;4;1;2;334;
4;15;1;2;135;
19;16;1;2;565;
4;12;1;2;681;
16;10;1;2;674;
10;8;1;2;302;
20;2;1;2;244;
10;10;1;2;457;
15;6;1;2;308;
9;17;1;2;584;
17;10;1;2;676;
12;13;1;2;34;
13;18;1;2;71;
15;10;1;2;172;
1;16;1;2;237;
19;14;1;2;523;
13;2;1;2;313;
8;19;1;2;111;
1;19;1;2;98;
11;6;1;2;303;
20;10;1;2;89;
5;20;1;2;470;
5;14;1;2;453;
12;11;1;2;323;
5;4;1;2;543;
18;7;1;2;387;
18;11;1;2;589;
2;4;1;2;172;
2;7;1;2;316;
20;11;1;2;510;
19;5;1;2;243;
15;18;1;2;56;
10;15;1;2;468;
13;5;1;2;235;
18;15;1;2;446;
7;10;1;2;562;
12;1;1;2;562;
1;1;56;278
2;1;69;1053
3;1;65;346
4;1;68;551
5;1;54;128
6;1;61;653
7;1;61;812
8;1;68;1264
9;1;58;917
10;1;65;719
11;1;54;72
12;1;51;425
13;1;61;1172
*** EOF ***