**** 13 ****
50
1;9;1;2;57;
14;11;1;2;218;
9;9;1;2;123;
8;8;1;2;551;
12;1;1;2;80;
17;3;1;2;342;
15;8;1;2;264;
8;12;1;2;524;
19;6;1;2;540;
15;17;1;2;613;
8;5;1;2;304;
10;1;1;2;562;
14;16;1;2;198;
8;2;1;2;502;
4;6;1;2;195;
15;18;1;2;649;
5;12;1;2;323;
13;4;1;2;398;
17;16;1;2;286;
1;5;1;2;445;
12;15;1;2;228;
2;12;1;2;3;
14;11;1;2;349;
9;12;1;2;437;
17;9;1;2;311;
13;17;1;2;510;
20;18;1;2;549;
4;7;1;2;152;
12;17;1;2;512;
5;20;1;2;280;
3;4;1;2;250;
1;6;1;2;188;
4;7;1;2;416;
6;18;1;2;485;
7;5;1;2;41;
3;1;1;2;152;
18;13;1;2;214;
17;17;1;2;399;
6;19;1;2;91;
16;13;1;2;179;
18;1;1;2;425;
11;7;1;2;627;
12;1;1;2;571;
9;20;1;2;326;
11;3;1;2;165;
4;18;1;2;45;
5;20;1;2;216;
12;15;1;2;323;
12;18;1;2;171;
14;13;1;2;270;
1;1;62;1027
2;1;63;487
3;1;68;1131
4;1;54;814
5;1;65;333
6;1;65;716
7;1;53;572
8;1;62;191
9;1;55;271
10;1;64;939
11;1;64;870
12;1;66;89
13;1;67;1235
*** EOF ***