**** 6 ****
50
22;37;1;2;720;
38;37;1;2;7;
29;35;1;2;707;
23;22;1;2;605;
27;34;1;2;558;
38;39;1;2;532;
22;39;1;2;658;
34;27;1;2;660;
33;27;1;2;172;
34;24;1;2;531;
23;37;1;2;93;
33;32;1;2;29;
28;21;1;2;596;
23;33;1;2;585;
31;39;1;2;471;
39;36;1;2;509;
35;35;1;2;766;
39;40;1;2;482;
21;37;1;2;101;
26;26;1;2;231;
31;22;1;2;484;
34;33;1;2;189;
33;34;1;2;566;
37;22;1;2;191;
27;40;1;2;594;
29;34;1;2;226;
34;30;1;2;671;
26;31;1;2;768;
39;32;1;2;38;
22;24;1;2;181;
23;39;1;2;717;
28;31;1;2;698;
22;40;1;2;203;
32;21;1;2;28;
38;38;1;2;30;
38;31;1;2;238;
36;24;1;2;13;
35;37;1;2;743;
34;24;1;2;531;
21;37;1;2;725;
34;26;1;2;401;
28;34;1;2;771;
22;34;1;2;448;
24;30;1;2;210;
33;26;1;2;657;
38;28;1;2;422;
32;27;1;2;761;
22;38;1;2;356;
25;36;1;2;209;
32;33;1;2;597;
1;1;20;72
2;1;13;356
3;1;16;1445
4;1;14;836
5;1;4;521
6;1;10;428
7;1;19;1006
8;1;16;37
9;1;1;652
10;1;8;442
11;1;11;1567
12;1;5;496
13;1;20;1028
*** EOF ***