**** 15 ****
50
5;17;1;2;447;
11;9;1;2;43;
18;7;1;2;6;
13;7;1;2;449;
3;4;1;2;113;
19;17;1;2;193;
5;2;1;2;72;
6;12;1;2;218;
8;17;1;2;166;
10;11;1;2;327;
20;9;1;2;319;
3;4;1;2;241;
19;13;1;2;457;
10;9;1;2;74;
7;14;1;2;225;
17;3;1;2;238;
16;20;1;2;255;
16;14;1;2;253;
11;4;1;2;146;
15;15;1;2;195;
5;12;1;2;332;
6;14;1;2;281;
17;7;1;2;249;
20;18;1;2;210;
4;20;1;2;131;
9;10;1;2;57;
20;10;1;2;123;
18;10;1;2;1;
9;8;1;2;156;
11;17;1;2;399;
6;5;1;2;220;
5;1;1;2;424;
15;15;1;2;245;
11;10;1;2;252;
12;12;1;2;201;
5;10;1;2;431;
15;20;1;2;127;
2;12;1;2;102;
16;17;1;2;20;
4;7;1;2;292;
9;2;1;2;233;
10;19;1;2;89;
13;11;1;2;287;
8;11;1;2;246;
4;11;1;2;440;
3;7;1;2;373;
12;14;1;2;391;
9;2;1;2;59;
11;16;1;2;432;
19;18;1;2;403;
1;1;25;181
2;1;39;939
3;1;30;493
4;1;40;693
5;1;39;423
6;1;29;898
7;1;32;291
8;1;29;137
9;1;35;744
10;1;33;548
11;1;35;53
12;1;24;106
13;1;39;845
*** EOF ***