**** 19 ****
50
18;26;1;2;484;
29;14;1;2;75;
29;24;1;2;302;
19;11;1;2;126;
30;26;1;2;492;
25;27;1;2;454;
23;22;1;2;197;
20;13;1;2;95;
17;18;1;2;74;
20;18;1;2;435;
23;18;1;2;407;
15;24;1;2;435;
22;19;1;2;203;
17;27;1;2;577;
17;27;1;2;110;
30;11;1;2;293;
25;27;1;2;277;
24;18;1;2;283;
22;19;1;2;117;
13;28;1;2;260;
29;23;1;2;380;
19;17;1;2;328;
23;19;1;2;125;
25;14;1;2;172;
26;27;1;2;435;
29;18;1;2;475;
14;15;1;2;38;
30;22;1;2;416;
24;26;1;2;376;
30;17;1;2;46;
16;21;1;2;583;
23;22;1;2;347;
27;30;1;2;524;
13;22;1;2;275;
25;16;1;2;500;
26;18;1;2;33;
22;20;1;2;247;
27;27;1;2;537;
21;27;1;2;597;
16;22;1;2;429;
11;14;1;2;499;
12;25;1;2;237;
28;20;1;2;554;
13;21;1;2;363;
26;18;1;2;386;
21;13;1;2;353;
16;26;1;2;185;
18;28;1;2;601;
30;19;1;2;87;
29;14;1;2;203;
1;1;13;341
2;1;12;465
3;1;15;530
4;1;17;812
5;1;13;1006
6;1;1;91
7;1;1;696
8;1;15;1152
9;1;6;1092
10;1;7;1218
11;1;13;273
12;1;6;1142
13;1;2;506
*** EOF ***