**** 16 ****
50
29;34;1;2;616;
32;36;1;2;188;
37;23;1;2;449;
36;27;1;2;117;
34;21;1;2;11;
23;28;1;2;733;
24;35;1;2;503;
28;37;1;2;379;
37;21;1;2;205;
26;35;1;2;282;
37;26;1;2;424;
34;39;1;2;408;
39;33;1;2;511;
37;38;1;2;190;
35;30;1;2;316;
24;28;1;2;75;
24;31;1;2;633;
22;23;1;2;425;
21;26;1;2;604;
31;31;1;2;147;
34;26;1;2;266;
31;39;1;2;34;
23;32;1;2;219;
24;34;1;2;454;
26;22;1;2;526;
29;30;1;2;720;
28;31;1;2;265;
34;33;1;2;430;
34;30;1;2;545;
38;40;1;2;254;
32;25;1;2;111;
30;33;1;2;492;
21;28;1;2;225;
37;28;1;2;694;
24;28;1;2;436;
23;40;1;2;222;
33;31;1;2;679;
34;28;1;2;224;
25;22;1;2;435;
21;23;1;2;430;
40;22;1;2;779;
23;34;1;2;326;
22;32;1;2;572;
22;36;1;2;515;
34;22;1;2;403;
28;31;1;2;739;
22;28;1;2;629;
24;40;1;2;238;
24;28;1;2;72;
24;33;1;2;472;
1;1;9;1300
2;1;16;1367
3;1;2;416
4;1;14;700
5;1;8;1538
6;1;10;546
7;1;20;284
8;1;9;586
9;1;1;1283
10;1;4;516
11;1;15;603
12;1;5;441
13;1;6;1403
*** EOF ***