**** 4 ****
50
52;54;1;2;1094;
68;60;1;2;52;
60;69;1;2;227;
60;55;1;2;83;
65;56;1;2;688;
65;52;1;2;486;
59;60;1;2;910;
63;59;1;2;822;
60;66;1;2;1234;
57;57;1;2;1184;
70;56;1;2;133;
53;70;1;2;1245;
51;53;1;2;453;
70;64;1;2;1086;
60;68;1;2;62;
60;57;1;2;1348;
64;58;1;2;1068;
65;61;1;2;1012;
59;56;1;2;460;
64;59;1;2;1121;
68;52;1;2;572;
62;53;1;2;623;
69;64;1;2;1350;
53;64;1;2;974;
61;58;1;2;968;
51;52;1;2;798;
62;64;1;2;658;
61;53;1;2;623;
64;52;1;2;291;
56;57;1;2;986;
55;59;1;2;137;
63;57;1;2;1100;
54;68;1;2;778;
60;66;1;2;149;
55;63;1;2;1256;
70;52;1;2;1185;
60;60;1;2;492;
52;53;1;2;479;
51;69;1;2;1530;
69;64;1;2;710;
52;51;1;2;262;
51;69;1;2;756;
67;70;1;2;1435;
53;63;1;2;539;
66;57;1;2;1568;
66;54;1;2;1046;
59;65;1;2;196;
61;61;1;2;916;
56;51;1;2;533;
62;70;1;2;1509;
1;1;20;1824
2;1;12;2609
3;1;20;2379
4;1;5;2139
5;1;12;798
6;1;18;2256
7;1;9;2474
8;1;10;2935
9;1;11;748
10;1;15;1520
11;1;7;1806
12;1;9;409
13;1;15;2049
*** EOF ***