**** 7 ****
50
4;13;1;2;537;
18;12;1;2;410;
19;5;1;2;23;
4;5;1;2;252;
2;2;1;2;115;
8;1;1;2;565;
9;19;1;2;129;
8;16;1;2;631;
12;12;1;2;643;
16;9;1;2;360;
6;15;1;2;438;
16;11;1;2;299;
18;20;1;2;531;
2;9;1;2;38;
15;4;1;2;44;
11;4;1;2;195;
6;2;1;2;110;
3;18;1;2;450;
17;2;1;2;591;
1;3;1;2;184;
8;15;1;2;607;
10;2;1;2;666;
14;9;1;2;569;
9;11;1;2;225;
18;15;1;2;357;
18;9;1;2;290;
10;2;1;2;613;
9;1;1;2;153;
1;4;1;2;9;
4;9;1;2;374;
3;7;1;2;272;
9;9;1;2;448;
3;16;1;2;622;
2;8;1;2;661;
9;20;1;2;30;
19;20;1;2;669;
2;4;1;2;659;
4;8;1;2;534;
19;6;1;2;680;
1;18;1;2;161;
6;15;1;2;159;
11;3;1;2;133;
7;13;1;2;241;
15;11;1;2;637;
6;1;1;2;593;
6;2;1;2;452;
4;10;1;2;586;
17;19;1;2;434;
9;3;1;2;493;
7;14;1;2;338;
1;1;67;693
2;1;74;934
3;1;69;371
4;1;72;86
5;1;62;851
6;1;70;1290
7;1;62;448
8;1;80;767
9;1;73;1173
10;1;64;161
11;1;65;1044
12;1;80;554
13;1;71;240
*** EOF ***