**** 16 ****
50
49;58;1;2;1225;
53;44;1;2;601;
51;52;1;2;52;
50;42;1;2;632;
52;54;1;2;262;
58;53;1;2;284;
44;52;1;2;553;
60;55;1;2;616;
50;47;1;2;4;
53;59;1;2;1084;
47;48;1;2;1102;
60;59;1;2;554;
52;45;1;2;404;
44;51;1;2;906;
49;57;1;2;321;
48;42;1;2;787;
56;52;1;2;803;
49;43;1;2;539;
56;44;1;2;86;
44;53;1;2;637;
57;41;1;2;679;
58;56;1;2;483;
54;42;1;2;1014;
42;47;1;2;1322;
45;58;1;2;1157;
59;58;1;2;639;
51;42;1;2;699;
54;58;1;2;24;
49;55;1;2;1242;
49;46;1;2;858;
46;42;1;2;435;
54;44;1;2;1096;
44;54;1;2;1338;
44;49;1;2;1304;
50;54;1;2;935;
52;46;1;2;543;
57;56;1;2;1220;
57;42;1;2;144;
48;47;1;2;783;
49;59;1;2;181;
48;44;1;2;154;
56;51;1;2;1002;
42;50;1;2;321;
42;52;1;2;96;
42;57;1;2;915;
55;41;1;2;1111;
56;53;1;2;162;
55;55;1;2;1096;
46;45;1;2;44;
53;59;1;2;882;
1;1;7;1991
2;1;19;913
3;1;7;1912
4;1;13;552
5;1;19;1395
6;1;16;1545
7;1;13;2180
8;1;10;713
9;1;6;2490
10;1;2;1665
11;1;13;1414
12;1;10;636
13;1;19;2084
*** EOF ***