**** 7 ****
50
1;7;1;2;91;
17;6;1;2;54;
9;1;1;2;148;
19;1;1;2;291;
16;8;1;2;282;
8;9;1;2;96;
7;9;1;2;275;
13;18;1;2;182;
18;6;1;2;295;
7;7;1;2;266;
17;13;1;2;130;
18;4;1;2;354;
5;4;1;2;54;
10;1;1;2;412;
6;12;1;2;220;
6;6;1;2;365;
16;7;1;2;287;
8;7;1;2;202;
15;12;1;2;121;
7;1;1;2;417;
10;7;1;2;174;
19;1;1;2;299;
18;17;1;2;99;
18;14;1;2;96;
4;20;1;2;6;
3;13;1;2;103;
17;14;1;2;91;
19;13;1;2;111;
12;4;1;2;230;
18;5;1;2;106;
7;9;1;2;195;
11;4;1;2;164;
17;20;1;2;177;
16;7;1;2;333;
20;7;1;2;187;
20;6;1;2;299;
6;17;1;2;31;
9;8;1;2;386;
5;3;1;2;396;
3;14;1;2;7;
3;2;1;2;75;
10;7;1;2;83;
4;11;1;2;76;
18;4;1;2;273;
19;12;1;2;62;
15;13;1;2;116;
12;8;1;2;253;
3;10;1;2;297;
15;7;1;2;130;
5;2;1;2;171;
1;1;22;753
2;1;22;847
3;1;22;136
4;1;13;365
5;1;26;184
6;1;24;623
7;1;23;786
8;1;25;48
9;1;20;110
10;1;16;500
11;1;11;664
12;1;23;306
13;1;30;222
*** EOF ***