**** 12 ****
50
39;24;1;2;286;
32;26;1;2;40;
27;29;1;2;131;
34;37;1;2;809;
22;34;1;2;462;
32;30;1;2;335;
40;26;1;2;406;
22;29;1;2;705;
33;36;1;2;835;
34;35;1;2;205;
34;24;1;2;411;
37;28;1;2;435;
40;21;1;2;634;
37;37;1;2;863;
24;34;1;2;144;
39;31;1;2;286;
31;33;1;2;121;
30;26;1;2;125;
29;37;1;2;515;
38;36;1;2;44;
28;37;1;2;710;
31;33;1;2;614;
36;37;1;2;95;
24;32;1;2;398;
23;25;1;2;333;
22;40;1;2;793;
40;29;1;2;108;
21;28;1;2;578;
40;28;1;2;791;
40;24;1;2;65;
34;24;1;2;844;
37;26;1;2;104;
40;35;1;2;861;
28;34;1;2;517;
31;31;1;2;278;
28;28;1;2;696;
32;27;1;2;503;
40;34;1;2;93;
35;30;1;2;240;
28;31;1;2;363;
29;34;1;2;271;
28;31;1;2;780;
37;35;1;2;578;
37;30;1;2;616;
40;22;1;2;267;
34;37;1;2;279;
38;23;1;2;443;
29;21;1;2;224;
28;30;1;2;347;
24;37;1;2;482;
1;1;4;227
2;1;12;1040
3;1;5;537
4;1;10;1381
5;1;18;1161
6;1;5;335
7;1;15;553
8;1;18;1433
9;1;9;888
10;1;8;1274
11;1;6;156
12;1;2;58
13;1;3;1123
*** EOF ***