**** 4 ****
50
33;33;1;2;904;
31;39;1;2;109;
41;38;1;2;523;
34;35;1;2;978;
34;40;1;2;119;
39;49;1;2;8;
35;48;1;2;519;
43;42;1;2;995;
36;37;1;2;142;
47;36;1;2;250;
34;42;1;2;371;
32;50;1;2;689;
34;44;1;2;896;
34;36;1;2;245;
36;49;1;2;594;
34;37;1;2;304;
41;43;1;2;910;
49;41;1;2;22;
34;33;1;2;107;
49;46;1;2;769;
31;40;1;2;879;
42;41;1;2;830;
50;32;1;2;654;
46;31;1;2;567;
32;48;1;2;7;
48;42;1;2;712;
47;38;1;2;538;
36;39;1;2;893;
46;32;1;2;13;
41;31;1;2;905;
46;38;1;2;220;
34;31;1;2;684;
37;36;1;2;405;
47;37;1;2;778;
40;49;1;2;587;
47;43;1;2;713;
36;32;1;2;317;
48;43;1;2;81;
38;45;1;2;409;
49;31;1;2;277;
33;38;1;2;675;
46;35;1;2;778;
42;46;1;2;926;
40;31;1;2;745;
42;36;1;2;844;
32;42;1;2;819;
49;41;1;2;250;
36;32;1;2;949;
37;49;1;2;453;
44;46;1;2;340;
1;1;20;1752
2;1;5;422
3;1;3;1777
4;1;13;1956
5;1;4;187
6;1;13;1073
7;1;1;440
8;1;6;1305
9;1;13;1694
10;1;7;1729
11;1;17;658
12;1;6;761
13;1;14;925
*** EOF ***