**** 9 ****
50
67;65;1;2;1776;
63;73;1;2;1602;
69;71;1;2;1033;
69;69;1;2;1397;
62;73;1;2;368;
61;73;1;2;256;
73;64;1;2;8;
76;77;1;2;1045;
63;77;1;2;1331;
80;79;1;2;762;
71;75;1;2;239;
68;79;1;2;332;
70;66;1;2;1628;
76;67;1;2;1405;
76;61;1;2;1507;
70;80;1;2;970;
67;68;1;2;1015;
74;64;1;2;824;
76;71;1;2;1423;
72;67;1;2;1777;
76;65;1;2;677;
67;77;1;2;1327;
65;80;1;2;1177;
64;61;1;2;263;
73;79;1;2;1458;
68;63;1;2;610;
61;73;1;2;1683;
63;77;1;2;1160;
70;62;1;2;444;
63;70;1;2;965;
76;77;1;2;1627;
80;79;1;2;871;
61;76;1;2;1491;
66;70;1;2;431;
71;67;1;2;454;
75;63;1;2;436;
76;61;1;2;1124;
61;77;1;2;861;
69;74;1;2;542;
75;62;1;2;943;
66;78;1;2;466;
73;64;1;2;686;
70;65;1;2;280;
75;72;1;2;1658;
63;79;1;2;555;
79;76;1;2;478;
76;67;1;2;1542;
64;64;1;2;1703;
80;73;1;2;1347;
74;76;1;2;942;
1;1;17;3439
2;1;14;104
3;1;16;1861
4;1;4;2789
5;1;6;2220
6;1;20;246
7;1;17;175
8;1;20;1035
9;1;13;836
10;1;4;2895
11;1;16;992
12;1;19;1559
13;1;16;1890
*** EOF ***