**** 15 ****
50
8;20;1;2;529;
5;1;1;2;11;
19;10;1;2;500;
15;18;1;2;135;
6;12;1;2;60;
2;10;1;2;323;
8;4;1;2;575;
4;20;1;2;110;
3;9;1;2;43;
15;8;1;2;315;
20;18;1;2;119;
14;11;1;2;393;
6;10;1;2;69;
4;7;1;2;551;
9;9;1;2;387;
6;3;1;2;137;
20;13;1;2;405;
14;19;1;2;488;
18;14;1;2;24;
18;19;1;2;5;
9;8;1;2;447;
9;7;1;2;43;
9;6;1;2;231;
12;11;1;2;175;
15;8;1;2;522;
20;12;1;2;70;
7;2;1;2;498;
6;15;1;2;480;
4;8;1;2;88;
1;19;1;2;399;
14;1;1;2;447;
11;7;1;2;240;
16;8;1;2;78;
13;18;1;2;515;
1;18;1;2;454;
16;7;1;2;21;
6;11;1;2;582;
4;12;1;2;571;
3;4;1;2;479;
9;17;1;2;379;
20;8;1;2;61;
4;17;1;2;109;
13;3;1;2;113;
17;16;1;2;575;
9;4;1;2;124;
4;17;1;2;154;
11;10;1;2;567;
18;1;1;2;124;
20;14;1;2;552;
12;15;1;2;61;
1;1;59;444
2;1;52;905
3;1;53;161
4;1;49;340
5;1;45;82
6;1;42;510
7;1;50;284
8;1;58;703
9;1;50;1127
10;1;46;590
11;1;50;229
12;1;49;830
13;1;51;637
*** EOF ***