**** 10 ****
50
64;54;1;2;916;
70;59;1;2;1007;
69;62;1;2;467;
60;69;1;2;320;
53;70;1;2;690;
51;51;1;2;939;
56;56;1;2;537;
51;58;1;2;715;
61;65;1;2;952;
65;59;1;2;1221;
53;63;1;2;1494;
66;59;1;2;708;
62;57;1;2;68;
56;54;1;2;1385;
58;52;1;2;541;
64;56;1;2;148;
58;62;1;2;1413;
52;53;1;2;1056;
64;64;1;2;957;
69;59;1;2;1191;
66;53;1;2;1374;
63;65;1;2;1463;
70;61;1;2;165;
60;54;1;2;775;
52;67;1;2;629;
60;57;1;2;1567;
63;70;1;2;1026;
61;67;1;2;1381;
64;55;1;2;1583;
54;55;1;2;975;
68;70;1;2;1558;
69;63;1;2;179;
60;51;1;2;1552;
51;54;1;2;131;
61;64;1;2;41;
51;54;1;2;422;
65;55;1;2;1122;
59;67;1;2;1079;
60;55;1;2;1430;
62;66;1;2;1148;
55;69;1;2;878;
70;55;1;2;627;
53;65;1;2;1415;
64;56;1;2;519;
70;61;1;2;1585;
57;64;1;2;351;
56;53;1;2;543;
65;62;1;2;1390;
70;54;1;2;928;
68;63;1;2;347;
1;1;18;2462
2;1;9;462
3;1;17;2233
4;1;13;682
5;1;2;1479
6;1;17;2512
7;1;11;1928
8;1;8;790
9;1;5;2870
10;1;17;2842
11;1;5;1216
12;1;5;3150
13;1;8;1548
*** EOF ***