**** 0 ****
50
78;77;1;2;128;
62;61;1;2;1572;
65;70;1;2;498;
64;66;1;2;17;
73;66;1;2;973;
62;61;1;2;1231;
78;73;1;2;807;
71;64;1;2;1509;
68;72;1;2;260;
65;76;1;2;1507;
63;66;1;2;274;
73;70;1;2;1145;
78;62;1;2;104;
69;79;1;2;1369;
76;64;1;2;596;
69;61;1;2;22;
66;75;1;2;545;
62;68;1;2;899;
63;71;1;2;1640;
69;78;1;2;463;
80;67;1;2;1250;
69;61;1;2;1291;
65;63;1;2;1078;
74;74;1;2;1147;
71;67;1;2;1830;
61;72;1;2;600;
72;63;1;2;853;
66;68;1;2;961;
71;67;1;2;892;
62;66;1;2;1264;
79;68;1;2;970;
80;75;1;2;1840;
76;71;1;2;1150;
69;67;1;2;1096;
67;76;1;2;323;
79;76;1;2;606;
72;76;1;2;862;
71;76;1;2;1516;
69;69;1;2;1766;
70;73;1;2;739;
77;73;1;2;1254;
79;71;1;2;664;
77;70;1;2;1339;
78;69;1;2;309;
80;61;1;2;148;
79;75;1;2;375;
80;77;1;2;113;
79;62;1;2;1235;
63;77;1;2;1597;
80;66;1;2;1200;
1;1;4;1719
2;1;20;3282
3;1;20;1107
4;1;6;2275
5;1;19;3437
6;1;12;2828
7;1;7;172
8;1;13;1326
9;1;16;94
10;1;10;2919
11;1;10;294
12;1;7;2975
13;1;12;1145
*** EOF ***