**** 1 ****
50
23;19;1;2;536;
13;17;1;2;544;
13;29;1;2;175;
12;15;1;2;469;
14;26;1;2;204;
22;29;1;2;52;
21;20;1;2;448;
11;15;1;2;312;
24;21;1;2;329;
28;24;1;2;48;
16;21;1;2;285;
28;30;1;2;428;
20;12;1;2;429;
28;15;1;2;512;
22;23;1;2;457;
15;30;1;2;95;
14;23;1;2;319;
22;28;1;2;338;
15;19;1;2;334;
22;15;1;2;389;
20;26;1;2;114;
16;12;1;2;433;
28;15;1;2;159;
14;19;1;2;41;
20;17;1;2;10;
25;24;1;2;527;
24;20;1;2;134;
21;29;1;2;403;
25;17;1;2;20;
13;24;1;2;417;
19;24;1;2;224;
11;11;1;2;63;
11;12;1;2;21;
28;28;1;2;402;
18;15;1;2;390;
23;27;1;2;537;
28;21;1;2;134;
16;18;1;2;466;
11;15;1;2;41;
17;26;1;2;261;
22;22;1;2;99;
29;25;1;2;181;
21;27;1;2;116;
17;19;1;2;59;
16;17;1;2;500;
21;16;1;2;231;
23;30;1;2;178;
27;27;1;2;243;
23;15;1;2;241;
23;20;1;2;167;
1;1;19;281
2;1;7;973
3;1;16;124
4;1;18;765
5;1;15;181
6;1;15;1053
7;1;8;272
8;1;3;504
9;1;17;528
10;1;7;307
11;1;20;1033
12;1;2;235
13;1;12;151
*** EOF ***