**** 18 ****
50
21;35;1;2;615;
26;30;1;2;6;
36;33;1;2;312;
37;32;1;2;621;
28;29;1;2;372;
28;22;1;2;178;
30;33;1;2;253;
39;35;1;2;650;
38;39;1;2;419;
40;40;1;2;560;
37;25;1;2;504;
40;40;1;2;396;
32;39;1;2;220;
23;34;1;2;177;
33;39;1;2;792;
22;31;1;2;535;
38;27;1;2;741;
33;38;1;2;236;
25;37;1;2;321;
22;26;1;2;344;
32;37;1;2;712;
32;35;1;2;824;
26;21;1;2;69;
21;23;1;2;446;
31;30;1;2;280;
39;36;1;2;842;
23;26;1;2;620;
34;22;1;2;598;
32;39;1;2;72;
28;24;1;2;123;
34;29;1;2;780;
29;35;1;2;571;
31;37;1;2;663;
29;34;1;2;677;
21;33;1;2;490;
26;37;1;2;211;
30;38;1;2;796;
23;26;1;2;371;
37;28;1;2;339;
23;25;1;2;262;
40;30;1;2;222;
32;24;1;2;204;
37;30;1;2;598;
25;39;1;2;653;
36;37;1;2;135;
37;34;1;2;327;
21;26;1;2;228;
30;30;1;2;819;
34;31;1;2;472;
34;30;1;2;761;
1;1;13;494
2;1;13;1159
3;1;17;1312
4;1;5;635
5;1;14;1438
6;1;16;401
7;1;11;476
8;1;8;1537
9;1;17;1134
10;1;12;803
11;1;15;140
12;1;20;821
13;1;3;383
*** EOF ***