**** 8 ****
50
6;2;1;2;44;
17;17;1;2;396;
3;7;1;2;67;
11;18;1;2;418;
16;1;1;2;28;
17;16;1;2;405;
4;5;1;2;297;
13;4;1;2;344;
9;5;1;2;196;
1;11;1;2;126;
17;16;1;2;330;
17;7;1;2;262;
11;9;1;2;357;
2;8;1;2;306;
8;1;1;2;180;
2;17;1;2;42;
10;7;1;2;425;
10;18;1;2;331;
9;12;1;2;111;
1;6;1;2;302;
1;5;1;2;295;
19;4;1;2;208;
19;1;1;2;247;
1;15;1;2;39;
4;8;1;2;148;
7;15;1;2;184;
18;3;1;2;377;
10;10;1;2;416;
1;14;1;2;202;
18;11;1;2;140;
5;10;1;2;79;
17;2;1;2;343;
12;2;1;2;226;
11;12;1;2;244;
19;12;1;2;144;
13;3;1;2;199;
5;13;1;2;421;
3;19;1;2;146;
9;13;1;2;50;
6;1;1;2;139;
2;4;1;2;20;
10;12;1;2;15;
1;6;1;2;222;
2;19;1;2;377;
9;2;1;2;376;
15;18;1;2;62;
6;12;1;2;200;
4;8;1;2;203;
18;16;1;2;265;
3;2;1;2;115;
1;1;23;88
2;1;34;160
3;1;24;273
4;1;23;660
5;1;28;466
6;1;40;362
7;1;24;736
8;1;29;54
9;1;33;217
10;1;33;522
11;1;40;403
12;1;40;687
13;1;29;807
*** EOF ***