**** 2 ****
50
34;39;1;2;396;
31;33;1;2;465;
40;47;1;2;934;
31;49;1;2;356;
36;38;1;2;237;
49;48;1;2;22;
49;37;1;2;659;
44;43;1;2;789;
39;31;1;2;302;
42;49;1;2;717;
31;49;1;2;1049;
42;46;1;2;759;
49;32;1;2;508;
39;33;1;2;605;
31;46;1;2;499;
40;37;1;2;661;
48;43;1;2;998;
37;47;1;2;636;
48;46;1;2;586;
39;40;1;2;899;
41;41;1;2;897;
31;47;1;2;880;
48;40;1;2;472;
39;36;1;2;687;
49;37;1;2;642;
49;38;1;2;663;
36;42;1;2;170;
42;32;1;2;873;
39;40;1;2;66;
31;47;1;2;311;
35;45;1;2;520;
44;41;1;2;462;
35;46;1;2;741;
33;42;1;2;449;
35;45;1;2;927;
46;39;1;2;845;
37;47;1;2;824;
50;38;1;2;737;
37;33;1;2;1029;
48;49;1;2;226;
35;33;1;2;826;
42;34;1;2;305;
39;43;1;2;59;
41;41;1;2;1043;
32;45;1;2;995;
31;37;1;2;7;
50;42;1;2;228;
48;34;1;2;795;
33;49;1;2;240;
37;49;1;2;1009;
1;1;4;1614
2;1;1;1994
3;1;7;224
4;1;7;2078
5;1;14;900
6;1;19;520
7;1;3;1275
8;1;15;133
9;1;1;715
10;1;12;1143
11;1;7;1702
12;1;14;1194
13;1;2;1429
*** EOF ***