**** 11 ****
50
11;1;1;2;336;
10;18;1;2;350;
3;20;1;2;182;
19;13;1;2;9;
11;20;1;2;562;
2;16;1;2;363;
8;16;1;2;251;
14;12;1;2;268;
19;16;1;2;522;
10;2;1;2;81;
5;4;1;2;218;
20;20;1;2;163;
12;1;1;2;553;
11;19;1;2;186;
2;5;1;2;705;
10;14;1;2;354;
10;15;1;2;396;
3;13;1;2;499;
19;1;1;2;270;
11;15;1;2;560;
20;17;1;2;528;
9;13;1;2;521;
2;11;1;2;734;
18;7;1;2;210;
20;19;1;2;281;
16;9;1;2;365;
20;13;1;2;128;
3;8;1;2;65;
1;1;1;2;66;
2;20;1;2;87;
16;2;1;2;298;
18;2;1;2;67;
7;14;1;2;360;
9;11;1;2;115;
14;7;1;2;583;
11;10;1;2;86;
5;16;1;2;702;
17;6;1;2;632;
20;19;1;2;1;
4;4;1;2;640;
20;4;1;2;488;
4;2;1;2;585;
19;2;1;2;41;
19;6;1;2;137;
17;10;1;2;324;
17;13;1;2;408;
14;19;1;2;716;
11;15;1;2;476;
20;9;1;2;81;
12;8;1;2;323;
1;1;69;1177
2;1;67;1366
3;1;65;588
4;1;74;1088
5;1;66;390
6;1;75;1285
7;1;63;982
8;1;71;1452
9;1;62;300
10;1;78;220
11;1;75;805
12;1;65;474
13;1;74;721
*** EOF ***