**** 7 ****
50
23;15;1;2;395;
27;30;1;2;574;
12;24;1;2;510;
18;30;1;2;516;
28;22;1;2;23;
27;29;1;2;155;
22;25;1;2;79;
16;14;1;2;292;
22;24;1;2;471;
30;28;1;2;26;
12;28;1;2;273;
28;17;1;2;446;
17;14;1;2;277;
14;25;1;2;110;
28;18;1;2;548;
13;13;1;2;298;
18;28;1;2;103;
23;15;1;2;248;
17;19;1;2;443;
12;27;1;2;97;
15;15;1;2;142;
13;14;1;2;574;
27;16;1;2;542;
23;19;1;2;575;
24;29;1;2;396;
21;13;1;2;382;
13;12;1;2;343;
25;11;1;2;289;
30;14;1;2;492;
13;25;1;2;256;
14;24;1;2;80;
17;19;1;2;137;
16;15;1;2;258;
28;14;1;2;193;
22;14;1;2;81;
29;27;1;2;393;
27;29;1;2;484;
23;18;1;2;234;
18;13;1;2;355;
30;20;1;2;61;
25;23;1;2;219;
19;16;1;2;490;
17;13;1;2;582;
26;29;1;2;153;
29;26;1;2;497;
20;19;1;2;197;
13;13;1;2;160;
15;12;1;2;11;
22;17;1;2;209;
23;21;1;2;2;
1;1;10;1132
2;1;17;183
3;1;14;1037
4;1;2;103
5;1;16;68
6;1;7;627
7;1;15;886
8;1;2;296
9;1;8;874
10;1;14;137
11;1;3;749
12;1;17;85
13;1;3;696
*** EOF ***