**** 16 ****
50
18;5;1;2;434;
1;3;1;2;294;
9;18;1;2;268;
16;9;1;2;377;
17;13;1;2;25;
17;5;1;2;298;
17;20;1;2;1;
11;9;1;2;454;
3;5;1;2;274;
15;8;1;2;63;
11;6;1;2;372;
9;18;1;2;59;
19;9;1;2;280;
14;13;1;2;415;
1;6;1;2;159;
11;11;1;2;45;
17;1;1;2;313;
8;1;1;2;169;
20;4;1;2;252;
15;5;1;2;472;
1;19;1;2;158;
19;20;1;2;37;
12;2;1;2;155;
9;5;1;2;295;
3;4;1;2;362;
10;7;1;2;269;
17;8;1;2;474;
19;8;1;2;327;
11;7;1;2;264;
12;12;1;2;178;
8;18;1;2;139;
13;18;1;2;184;
1;7;1;2;146;
18;11;1;2;84;
17;9;1;2;81;
12;3;1;2;18;
15;16;1;2;398;
19;11;1;2;243;
1;19;1;2;120;
5;14;1;2;475;
4;3;1;2;351;
13;2;1;2;47;
4;13;1;2;8;
17;20;1;2;257;
5;1;1;2;211;
5;9;1;2;222;
20;10;1;2;245;
15;13;1;2;459;
19;20;1;2;189;
15;4;1;2;30;
1;1;25;278
2;1;26;800
3;1;25;534
4;1;32;56
5;1;34;900
6;1;39;232
7;1;34;714
8;1;26;448
9;1;24;754
10;1;40;573
11;1;32;373
12;1;33;981
13;1;29;137
*** EOF ***