**** 6 ****
50
11;29;1;2;388;
30;13;1;2;230;
23;30;1;2;32;
29;28;1;2;409;
22;18;1;2;310;
19;12;1;2;320;
15;12;1;2;250;
18;16;1;2;561;
20;16;1;2;173;
12;25;1;2;414;
20;11;1;2;362;
21;23;1;2;392;
29;15;1;2;84;
19;11;1;2;401;
12;30;1;2;139;
26;19;1;2;512;
29;26;1;2;445;
19;19;1;2;314;
15;29;1;2;434;
26;15;1;2;220;
18;12;1;2;58;
20;18;1;2;104;
25;26;1;2;218;
14;11;1;2;493;
24;25;1;2;518;
20;12;1;2;91;
30;29;1;2;409;
23;29;1;2;179;
30;16;1;2;243;
25;27;1;2;62;
20;14;1;2;90;
24;22;1;2;240;
27;20;1;2;347;
28;14;1;2;441;
22;14;1;2;372;
11;20;1;2;422;
24;22;1;2;597;
23;27;1;2;318;
25;28;1;2;486;
12;21;1;2;77;
26;27;1;2;6;
27;14;1;2;167;
14;15;1;2;492;
11;12;1;2;238;
23;18;1;2;489;
25;30;1;2;8;
15;30;1;2;124;
24;28;1;2;239;
27;22;1;2;543;
25;28;1;2;325;
1;1;19;1072
2;1;19;288
3;1;8;1163
4;1;17;174
5;1;2;324
6;1;20;445
7;1;11;867
8;1;15;399
9;1;11;23
10;1;18;949
11;1;7;687
12;1;14;1094
13;1;6;787
*** EOF ***