**** 18 ****
50
15;19;1;2;470;
12;15;1;2;184;
19;10;1;2;573;
13;5;1;2;575;
14;17;1;2;380;
1;7;1;2;466;
10;3;1;2;649;
7;19;1;2;188;
19;5;1;2;79;
5;15;1;2;232;
8;15;1;2;434;
8;13;1;2;328;
12;14;1;2;423;
11;11;1;2;627;
20;19;1;2;603;
20;5;1;2;543;
7;4;1;2;217;
8;19;1;2;64;
11;9;1;2;68;
6;1;1;2;235;
5;2;1;2;146;
5;4;1;2;59;
15;16;1;2;472;
13;15;1;2;300;
10;10;1;2;603;
9;20;1;2;279;
17;16;1;2;565;
1;4;1;2;477;
6;15;1;2;265;
7;14;1;2;425;
16;8;1;2;617;
16;8;1;2;238;
8;15;1;2;174;
5;12;1;2;276;
9;8;1;2;492;
11;6;1;2;656;
20;8;1;2;281;
18;20;1;2;18;
5;3;1;2;628;
10;3;1;2;101;
12;6;1;2;332;
2;5;1;2;431;
12;19;1;2;213;
3;3;1;2;365;
1;7;1;2;229;
20;7;1;2;625;
17;2;1;2;477;
16;4;1;2;143;
8;10;1;2;382;
8;5;1;2;222;
1;1;65;375
2;1;62;121
3;1;65;923
4;1;56;526
5;1;57;450
6;1;65;824
7;1;63;1245
8;1;65;257
9;1;54;582
10;1;60;1171
11;1;59;1053
12;1;69;718
13;1;58;61
*** EOF ***