**** 12 ****
50
60;49;1;2;1177;
53;53;1;2;774;
55;48;1;2;86;
49;59;1;2;1193;
58;41;1;2;629;
55;42;1;2;1310;
47;41;1;2;493;
43;58;1;2;369;
55;57;1;2;664;
45;49;1;2;1257;
46;57;1;2;89;
46;49;1;2;973;
54;43;1;2;767;
44;41;1;2;790;
60;42;1;2;352;
52;46;1;2;102;
42;53;1;2;122;
42;44;1;2;946;
46;41;1;2;1243;
52;46;1;2;73;
59;55;1;2;509;
41;46;1;2;465;
41;57;1;2;521;
51;54;1;2;1037;
45;42;1;2;47;
48;41;1;2;1182;
47;60;1;2;973;
44;54;1;2;1028;
45;56;1;2;877;
56;59;1;2;398;
42;51;1;2;557;
55;53;1;2;894;
59;44;1;2;1258;
46;42;1;2;905;
46;42;1;2;1293;
44;58;1;2;362;
55;51;1;2;911;
52;44;1;2;15;
56;51;1;2;1047;
42;56;1;2;1051;
55;57;1;2;65;
44;46;1;2;880;
58;52;1;2;77;
41;51;1;2;238;
53;50;1;2;968;
51;55;1;2;421;
55;45;1;2;281;
43;53;1;2;838;
49;43;1;2;1043;
48;42;1;2;787;
1;1;20;928
2;1;9;402
3;1;14;2081
4;1;18;1790
5;1;1;1577
6;1;11;598
7;1;2;1206
8;1;14;2114
9;1;15;2499
10;1;6;326
11;1;20;1501
12;1;16;2195
13;1;4;1279
*** EOF ***