**** 14 ****
50
35;49;1;2;131;
46;39;1;2;167;
43;37;1;2;317;
39;31;1;2;271;
39;45;1;2;381;
33;37;1;2;400;
38;34;1;2;869;
47;47;1;2;211;
40;47;1;2;409;
44;41;1;2;442;
34;38;1;2;851;
47;49;1;2;227;
45;42;1;2;324;
43;33;1;2;3;
46;33;1;2;877;
46;50;1;2;528;
43;35;1;2;337;
37;34;1;2;844;
43;41;1;2;127;
32;40;1;2;330;
35;47;1;2;583;
39;48;1;2;1047;
44;46;1;2;446;
43;37;1;2;601;
41;44;1;2;134;
33;50;1;2;602;
39;35;1;2;646;
37;35;1;2;1006;
46;43;1;2;336;
31;34;1;2;620;
42;35;1;2;537;
38;31;1;2;664;
37;35;1;2;37;
35;36;1;2;242;
48;37;1;2;382;
44;46;1;2;784;
38;45;1;2;558;
33;43;1;2;898;
37;50;1;2;65;
34;31;1;2;508;
35;39;1;2;615;
50;44;1;2;44;
38;49;1;2;596;
38;47;1;2;405;
40;47;1;2;836;
31;43;1;2;153;
34;35;1;2;680;
46;31;1;2;483;
49;43;1;2;633;
32;36;1;2;493;
1;1;14;229
2;1;19;1669
3;1;5;888
4;1;10;685
5;1;16;2012
6;1;5;946
7;1;17;1212
8;1;1;1558
9;1;6;1409
10;1;9;172
11;1;2;1948
12;1;1;101
13;1;6;1185
*** EOF ***