**** 16 ****
50
11;4;1;2;500;
14;2;1;2;347;
20;20;1;2;439;
20;7;1;2;107;
14;10;1;2;233;
7;7;1;2;294;
15;15;1;2;592;
11;20;1;2;658;
15;6;1;2;498;
16;2;1;2;663;
9;18;1;2;16;
14;17;1;2;164;
4;13;1;2;327;
10;8;1;2;7;
20;14;1;2;721;
20;17;1;2;318;
7;13;1;2;243;
20;18;1;2;448;
12;13;1;2;13;
1;9;1;2;116;
18;10;1;2;236;
3;9;1;2;547;
11;3;1;2;363;
10;5;1;2;33;
3;8;1;2;307;
20;1;1;2;218;
13;9;1;2;336;
9;15;1;2;9;
14;12;1;2;648;
14;9;1;2;692;
12;1;1;2;89;
19;8;1;2;173;
1;12;1;2;349;
19;11;1;2;372;
20;18;1;2;233;
11;13;1;2;722;
2;19;1;2;594;
5;14;1;2;211;
11;4;1;2;488;
18;3;1;2;545;
18;8;1;2;271;
11;5;1;2;219;
7;15;1;2;309;
4;19;1;2;289;
1;13;1;2;178;
10;18;1;2;696;
8;19;1;2;294;
16;10;1;2;272;
10;19;1;2;689;
18;6;1;2;463;
1;1;63;1410
2;1;69;735
3;1;72;1319
4;1;61;887
5;1;75;615
6;1;62;471
7;1;68;1218
8;1;61;1141
9;1;74;184
10;1;61;962
11;1;75;272
12;1;61;1051
13;1;62;107
*** EOF ***