**** 10 ****
50
42;46;1;2;313;
60;59;1;2;1028;
44;52;1;2;908;
44;54;1;2;483;
50;55;1;2;836;
59;43;1;2;6;
50;54;1;2;812;
56;53;1;2;198;
52;50;1;2;1168;
46;44;1;2;93;
44;47;1;2;590;
48;55;1;2;245;
47;49;1;2;209;
58;44;1;2;172;
47;43;1;2;41;
53;58;1;2;269;
54;54;1;2;114;
47;52;1;2;1040;
54;54;1;2;321;
52;48;1;2;560;
56;50;1;2;1288;
54;41;1;2;999;
53;60;1;2;190;
44;45;1;2;555;
58;51;1;2;1211;
46;42;1;2;826;
41;48;1;2;271;
54;53;1;2;546;
54;59;1;2;1079;
49;51;1;2;116;
43;59;1;2;814;
48;48;1;2;1163;
48;60;1;2;158;
46;49;1;2;738;
47;44;1;2;1308;
55;52;1;2;346;
52;51;1;2;981;
46;56;1;2;14;
53;49;1;2;439;
59;57;1;2;980;
47;49;1;2;237;
60;45;1;2;342;
49;50;1;2;16;
59;53;1;2;558;
52;57;1;2;836;
44;43;1;2;1265;
49;49;1;2;733;
43;59;1;2;478;
56;57;1;2;552;
41;53;1;2;504;
1;1;10;1280
2;1;4;2378
3;1;18;1302
4;1;12;1178
5;1;18;288
6;1;2;1761
7;1;16;249
8;1;14;1265
9;1;20;2527
10;1;4;2283
11;1;14;1358
12;1;6;1575
13;1;16;2664
*** EOF ***