**** 14 ****
50
40;34;1;2;316;
36;34;1;2;278;
24;34;1;2;366;
40;22;1;2;700;
30;32;1;2;275;
35;32;1;2;620;
21;33;1;2;714;
26;34;1;2;4;
22;37;1;2;154;
24;36;1;2;321;
23;24;1;2;568;
30;24;1;2;281;
36;25;1;2;261;
31;40;1;2;301;
34;23;1;2;637;
22;22;1;2;454;
21;33;1;2;651;
40;24;1;2;669;
31;21;1;2;231;
27;33;1;2;179;
40;34;1;2;406;
30;26;1;2;582;
39;35;1;2;288;
37;40;1;2;801;
29;40;1;2;447;
22;21;1;2;485;
35;39;1;2;31;
39;31;1;2;765;
23;31;1;2;796;
25;33;1;2;198;
23;25;1;2;453;
36;24;1;2;121;
26;29;1;2;553;
25;21;1;2;427;
28;22;1;2;240;
36;35;1;2;341;
29;35;1;2;294;
27;33;1;2;519;
28;29;1;2;447;
30;24;1;2;694;
32;23;1;2;358;
27;30;1;2;537;
39;36;1;2;144;
23;23;1;2;22;
32;32;1;2;619;
22;28;1;2;367;
37;29;1;2;86;
35;25;1;2;352;
34;24;1;2;502;
34;25;1;2;383;
1;1;8;1245
2;1;18;1653
3;1;10;248
4;1;5;545
5;1;6;492
6;1;10;1280
7;1;9;943
8;1;16;473
9;1;13;635
10;1;13;1189
11;1;6;1258
12;1;14;1071
13;1;16;1451
*** EOF ***