**** 9 ****
50
5;7;1;2;284;
15;20;1;2;119;
5;18;1;2;703;
15;12;1;2;387;
6;13;1;2;221;
14;16;1;2;249;
8;1;1;2;67;
4;1;1;2;273;
8;2;1;2;520;
9;17;1;2;313;
5;7;1;2;207;
9;18;1;2;625;
2;5;1;2;265;
13;4;1;2;117;
14;18;1;2;687;
18;20;1;2;304;
19;7;1;2;10;
11;16;1;2;502;
10;5;1;2;381;
11;19;1;2;384;
1;19;1;2;587;
7;20;1;2;162;
8;5;1;2;443;
2;4;1;2;354;
4;13;1;2;647;
15;15;1;2;402;
7;20;1;2;537;
8;20;1;2;536;
15;12;1;2;184;
19;10;1;2;240;
3;1;1;2;332;
16;11;1;2;89;
1;4;1;2;136;
7;20;1;2;76;
20;17;1;2;19;
8;3;1;2;664;
1;9;1;2;386;
15;6;1;2;391;
19;18;1;2;196;
16;14;1;2;491;
18;6;1;2;647;
2;6;1;2;681;
4;14;1;2;658;
10;20;1;2;418;
15;17;1;2;318;
9;15;1;2;146;
9;12;1;2;338;
7;12;1;2;361;
16;2;1;2;134;
16;17;1;2;226;
1;1;74;1356
2;1;69;1068
3;1;73;543
4;1;69;1145
5;1;67;471
6;1;76;144
7;1;66;237
8;1;75;367
9;1;78;1216
10;1;69;643
11;1;65;969
12;1;77;804
13;1;61;739
*** EOF ***