**** 17 ****
50
54;58;1;2;5;
41;56;1;2;384;
53;48;1;2;980;
54;47;1;2;575;
41;41;1;2;302;
59;54;1;2;644;
58;49;1;2;1113;
49;58;1;2;82;
44;49;1;2;580;
43;46;1;2;584;
52;47;1;2;525;
60;47;1;2;81;
50;44;1;2;449;
51;53;1;2;1069;
58;55;1;2;262;
57;41;1;2;831;
50;53;1;2;1156;
43;41;1;2;1286;
47;41;1;2;1305;
41;51;1;2;974;
60;42;1;2;14;
42;55;1;2;430;
45;58;1;2;431;
41;41;1;2;120;
50;60;1;2;437;
46;45;1;2;696;
42;53;1;2;862;
51;45;1;2;960;
44;49;1;2;674;
51;54;1;2;1079;
52;46;1;2;649;
51;42;1;2;731;
57;60;1;2;624;
48;51;1;2;966;
60;52;1;2;919;
46;53;1;2;529;
43;52;1;2;916;
53;60;1;2;900;
45;56;1;2;536;
56;51;1;2;865;
51;50;1;2;1169;
50;52;1;2;571;
53;54;1;2;860;
57;45;1;2;34;
60;44;1;2;188;
49;51;1;2;900;
44;55;1;2;40;
41;58;1;2;725;
54;53;1;2;32;
44;58;1;2;642;
1;1;13;1325
2;1;2;1932
3;1;11;2169
4;1;13;2367
5;1;17;1045
6;1;4;1075
7;1;13;1827
8;1;11;922
9;1;4;738
10;1;8;1735
11;1;12;552
12;1;19;1953
13;1;6;2066
*** EOF ***